19.042969,65.069696,104.245109
19.775391,66.692926,109.701532
20.507812,68.343187,111.768526
21.240234,69.851670,111.358243
21.972656,71.160770,109.340691
22.705078,72.264075,106.353101
23.437500,73.175003,102.844733
24.169922,73.914091,99.132120
24.902344,74.504606,95.448089
25.634766,74.971392,91.962512
26.367188,75.340699,88.796611
27.099609,75.639899,86.021219
27.832031,75.896421,83.655905
28.564453,76.135621,81.663952
29.296875,76.377841,79.958663
30.029297,76.635559,78.416820
30.761719,76.911852,76.905474
31.494141,77.201015,75.308104
32.226562,77.491128,73.547088
32.958984,77.767533,71.591358
33.691406,78.016032,69.455019
34.423828,78.225146,67.186566
35.156250,78.387334,64.857994
35.888672,78.499438,62.552551
36.621094,78.562668,60.356095
37.353516,78.582337,58.348012
38.085938,78.567416,56.594619
38.818359,78.529837,55.141253
39.550781,78.483447,54.006671
40.283203,78.442531,53.177892
41.015625,78.419975,52.610372
41.748047,78.425379,52.232294
42.480469,78.463608,51.955907
43.212891,78.534227,51.691188
43.945312,78.632019,51.360657
45.410156,78.872990,50.309581
46.142578,78.995715,49.561029
46.875000,79.107720,48.685864
47.607422,79.202451,47.722819
48.339844,79.276102,46.721091
49.804688,79.359664,44.810264
50.537109,79.376356,43.993100
51.269531,79.384691,43.308948
52.734375,79.407983,42.347078
53.466797,79.437050,42.019767
54.199219,79.483234,41.733801
55.664062,79.622555,41.077245
56.396484,79.705540,40.630009
57.128906,79.787740,40.086356
58.593750,79.923644,38.791602
59.326172,79.970164,38.120724
60.791016,80.026443,36.959045
61.523438,80.047481,36.530067
62.988281,80.113158,35.974346
64.453125,80.246438,35.572427
65.185547,80.340049,35.298464
66.650391,80.556604,34.405790
68.115234,80.765620,33.005341
68.847656,80.853162,32.159726
70.312500,80.982979,30.333486
71.777344,81.057546,28.501799
73.242188,81.092634,26.768268
73.974609,81.099365,25.943212
75.439453,81.093892,24.374039
76.904297,81.063985,22.936725
78.369141,81.015379,21.684914
79.833984,80.961482,20.643619
81.298828,80.915609,19.765982
82.763672,80.881077,18.964341
84.228516,80.851021,18.185017
85.693359,80.818267,17.442267
87.158203,80.783800,16.776746
89.355469,80.743663,15.915992
90.820312,80.727279,15.364717
92.285156,80.712496,14.800472
93.750000,80.694796,14.249965
95.947266,80.670291,13.502100
97.412109,80.661453,13.010933
98.876953,80.652527,12.467505
101.074219,80.613054,11.609675
102.539062,80.565428,11.149587
104.736328,80.486047,10.753854
106.201172,80.468345,10.685493
108.398438,80.456345,10.565196
110.595703,80.463416,10.470885
112.792969,80.499058,10.447848
114.257812,80.546227,10.400171
116.455078,80.638454,10.148136
118.652344,80.734007,9.711717
120.849609,80.834232,9.162077
123.046875,80.939278,8.410953
125.244141,81.022640,7.437987
127.441406,81.071099,6.428603
129.638672,81.103614,5.499389
131.835938,81.132362,4.586612
134.765625,81.153222,3.371991
136.962891,81.159656,2.531674
139.160156,81.166634,1.739348
142.089844,81.181708,0.734663
144.287109,81.206057,-0.041668
147.216797,81.237547,-1.278393
149.414062,81.239898,-2.266402
152.343750,81.235684,-3.549274
155.273438,81.215071,-4.986574
157.470703,81.166514,-6.028867
160.400391,81.101468,-7.233614
163.330078,81.027853,-8.608383
166.259766,80.883303,-9.813888
169.189453,80.754237,-10.519011
172.119141,80.657439,-11.310776
175.048828,80.532424,-12.007517
178.710938,80.419715,-12.651318
181.640625,80.324082,-13.339701
185.302734,80.197582,-13.930703
188.232422,80.119862,-14.498239
191.894531,79.992309,-15.214107
194.824219,79.895626,-15.740608
198.486328,79.747580,-16.430213
202.148438,79.589056,-16.979492
205.810547,79.386704,-17.449168
209.472656,79.172424,-17.395635
213.134766,78.974019,-17.022138
216.796875,78.818717,-16.106755
220.458984,78.759012,-15.026517
224.853516,78.809294,-13.870587
228.515625,78.912500,-13.478377
232.910156,79.047447,-13.487361
236.572266,79.152065,-13.950511
240.966797,79.247136,-14.837623
245.361328,79.290960,-16.116698
249.755859,79.268985,-17.598876
254.150391,79.136155,-19.195030
258.544922,78.892272,-20.073587
262.939453,78.694001,-20.091829
268.066406,78.556646,-20.107523
272.460938,78.411312,-20.330876
277.587891,78.239224,-19.979376
281.982422,78.135613,-19.611982
287.109375,78.059248,-19.199482
292.236328,77.969767,-18.809822
297.363281,77.900728,-18.333819
302.490234,77.857607,-17.682803
308.349609,77.843656,-16.904023
313.476562,77.908507,-16.050963
319.335938,78.077443,-15.868688
324.462891,78.176190,-16.708094
330.322266,78.142997,-17.559174
336.181641,77.982298,-18.219283
342.041016,77.804099,-17.202787
348.632812,77.856360,-15.591029
354.492188,78.050619,-14.529035
361.083984,78.371213,-14.599718
366.943359,78.569928,-15.967306
373.535156,78.603776,-17.639109
380.126953,78.503397,-18.460906
386.718750,78.484456,-17.853627
394.042969,78.739369,-17.777360
400.634766,78.977314,-19.332565
407.958984,79.058595,-21.239691
415.283203,79.096028,-23.691856
422.607422,78.948443,-25.895175
429.931641,78.736775,-27.249994
437.255859,78.558577,-28.041656
445.312500,78.416976,-28.667231
452.636719,78.323698,-29.233988
460.693359,78.232792,-30.341182
468.750000,78.049572,-31.527421
477.539062,77.771997,-32.362427
485.595703,77.454754,-32.130256
494.384766,77.296518,-31.316908
503.173828,77.199131,-30.735565
511.962891,77.125954,-30.021469
520.751953,77.182251,-29.127524
529.541016,77.409770,-29.294299
539.062500,77.380563,-32.082277
548.583984,77.146492,-33.233031
558.105469,76.759471,-33.791927
568.359375,76.564025,-30.476441
577.880859,76.721513,-31.040362
588.134766,76.522870,-30.812680
598.388672,76.547902,-28.900474
609.375000,76.864144,-28.297718
619.628906,77.115255,-29.675632
630.615234,77.077930,-31.692883
641.601562,76.985897,-32.705153
653.320312,76.800965,-33.101115
665.039062,76.854228,-32.502044
676.025391,76.893910,-33.425824
688.476562,76.878297,-34.838383
700.195312,76.814127,-35.118848
712.646484,76.835398,-36.189814
725.097656,76.712712,-37.434258
738.281250,76.571108,-37.460289
750.732422,76.721959,-37.861089
763.916016,76.691832,-40.924935
777.832031,76.223962,-41.720730
791.015625,76.046605,-40.516845
804.931641,76.612219,-41.970414
818.847656,76.031380,-46.848771
833.496094,75.320103,-44.845609
848.144531,75.459568,-43.227757
862.792969,75.454297,-44.847436
878.173828,75.203262,-46.770253
893.554688,74.521449,-47.849692
909.667969,73.857149,-43.142700
925.048828,74.253807,-38.181843
941.894531,74.987193,-39.366964
958.007812,74.788030,-42.651844
974.853516,74.465178,-42.152397
991.699219,74.481354,-40.026611
1009.277344,74.747600,-39.666094
1026.855469,75.260464,-38.838713
1045.166016,75.593726,-46.082662
1063.476562,75.071134,-50.446725
1081.787109,74.519581,-51.118661
1100.830078,74.302464,-50.535681
1120.605469,74.104309,-53.137689
1140.380859,73.518693,-54.066722
1160.156250,72.983200,-53.010831
1180.664062,72.955776,-49.902787
1201.171875,72.975471,-53.806060
1222.412109,72.028230,-53.453899
1243.652344,71.600684,-48.836860
1265.625000,72.292573,-44.343220
1287.597656,72.311940,-47.593846
1310.302734,71.802272,-49.563257
1333.007812,71.605440,-45.517208
1356.445312,72.007746,-46.998407
1379.882812,71.263720,-49.862899
1404.785156,71.155330,-44.447703
1428.955078,71.250777,-46.746123
1453.857422,70.466435,-47.580749
1479.492188,70.446455,-40.488537
1505.859375,70.987769,-43.642791
1532.226562,69.969639,-41.500860
1558.593750,70.347412,-36.049445
1585.693359,70.817363,-36.146885
1613.525391,70.278221,-39.215445
1642.089844,70.372792,-32.373646
1670.654297,70.910285,-35.257823
1699.951172,70.514457,-32.990872
1729.980469,70.924386,-30.382526
1760.009766,70.730447,-35.489967
1790.771484,70.358232,-27.089648
1822.265625,71.694186,-26.398494
1854.492188,71.742051,-30.597879
1886.718750,71.841474,-30.400974
1919.677734,72.441140,-34.424337
1953.369141,71.946910,-32.948601
1987.792969,72.345862,-36.099625
2022.216797,72.217149,-38.446225
2058.105469,72.023035,-40.969764
2093.994141,71.694509,-39.311833
2130.615234,72.058964,-37.660155
2167.968750,72.023468,-41.862493
2206.054688,72.117300,-37.894476
2244.873047,71.840148,-43.508874
2283.691406,71.809032,-43.143505
2323.974609,71.295875,-45.309316
2364.257812,71.095450,-45.218392
2406.005859,71.148642,-46.038612
2447.753906,71.167025,-44.971032
2490.966797,70.364035,-46.125730
2534.179688,70.042798,-41.047848
2578.857422,70.856544,-39.864903
2624.267578,71.330141,-39.912549
2669.677734,71.656374,-43.441471
2716.552734,71.294364,-45.591376
2764.160156,71.657924,-48.214226
2812.500000,71.316706,-52.498991
2861.572266,70.534116,-51.565054
2912.109375,70.439402,-49.339474
2962.646484,70.243203,-49.749849
3014.648438,70.700761,-51.599210
3067.382812,70.367031,-54.249920
3120.849609,69.842862,-56.496483
3175.781250,68.642999,-57.276958
3231.445312,68.520151,-49.209061
3287.841797,69.058131,-45.400593
3345.703125,69.140147,-45.430933
3404.296875,69.310877,-44.988683
3463.623047,70.010476,-44.260379
3524.414062,69.643147,-46.520963
3585.937500,70.381952,-46.013096
3648.193359,70.485602,-52.839277
3712.646484,69.982279,-56.714011
3777.099609,70.053912,-60.819316
3843.750000,69.142454,-60.142971
3910.400391,68.910341,-57.177393
3979.248047,67.940515,-63.604373
4048.828125,67.497718,-59.541997
4119.873047,67.096916,-54.638643
4191.650391,67.531833,-50.379696
4264.892578,67.197598,-50.589834
4339.599609,67.332950,-53.612733
4415.771484,66.806959,-46.795795
4492.675781,68.127889,-41.488626
4571.044922,68.216229,-45.228622
4651.611328,68.373077,-51.288105
4732.910156,67.265761,-45.898128
4815.673828,68.300581,-44.498612
4899.902344,68.444383,-50.100114
4985.595703,67.779808,-50.293269
5072.753906,68.560626,-47.318312
5161.376953,68.848707,-51.996501
5251.464844,68.461681,-53.599321
5343.750000,68.686812,-54.670674
5436.767578,68.634771,-61.792035
5531.982422,67.281225,-60.353265
5628.662109,66.493601,-56.428965
5727.539062,67.423109,-56.835112
5827.148438,67.296251,-53.626861
5929.687500,67.048416,-50.599483
6032.958984,68.090647,-50.617604
6138.427734,68.771109,-55.542716
6246.093750,68.306367,-59.342542
6355.224609,68.015586,-61.928819
6466.552734,67.820910,-64.455857
6579.345703,67.296236,-65.154832
6694.335938,67.824804,-65.423636
6811.523438,66.926233,-68.004596
6930.908203,67.852410,-69.069899
7051.757812,67.079619,-78.025689
7175.537109,65.648890,-78.086309
7300.781250,64.890624,-75.016248
7428.222656,62.946104,-78.538979
7558.593750,63.151306,-65.830959
7690.429688,63.301204,-65.808933
7825.195312,63.045854,-58.980370
7962.158203,63.840712,-54.341634
8101.318359,62.998867,-50.879808
8242.675781,63.822870,-43.653955
8386.962891,63.965858,-44.031525
8533.447266,65.127136,-37.035840
8682.861328,66.778850,-39.317664
8834.472656,67.616080,-34.491000
8989.013672,68.705943,-41.929494
9146.484375,69.665884,-47.337260
9306.152344,70.480207,-53.735522
9468.750000,70.707810,-61.850040
9634.277344,70.677494,-70.492880
9802.734375,70.995782,-78.929604
9974.121094,69.907019,-88.247181
10149.169922,68.960323,-92.609276
10326.416016,68.963738,-95.524877
10506.591797,68.932815,-96.957247
10690.429688,68.475263,-106.520957
10877.929688,67.523774,-114.727000
11067.626953,66.833461,-123.293814
11260.986328,66.180386,-123.582970
11458.007812,62.811562,-124.140475
11658.691406,61.689862,-124.671869
11862.304688,60.343563,-118.191740
12069.580078,60.191149,-109.497507
12281.250000,59.496272,-88.857385
12495.849609,60.116519,-87.099740
12714.111328,61.387138,-83.167067
12936.767578,61.366459,-91.978008
13162.353516,62.772613,-96.058033
13393.066406,62.371537,-103.742196
13626.708984,60.616449,-110.708077
13865.478516,59.087365,-111.214145
14107.910156,58.420285,-110.045301
14354.003906,57.079357,-104.267055
14605.224609,55.033447,-96.537942
14860.839844,55.457637,-85.186282
15120.117188,56.752488,-75.035556
15384.521484,57.391982,-67.550537
15654.052734,58.748624,-62.375956
15927.246094,60.435975,-63.871574
16205.566406,60.995460,-68.109719
16489.013672,61.803876,-71.899032
16777.587891,62.474459,-73.305645
17070.556641,63.448866,-78.700645
17369.384766,63.607901,-86.837776
17673.339844,63.872347,-91.006805
17981.689453,64.811777,-94.768873
18296.630859,65.194648,-103.774146
18615.966797,65.469846,-111.218763
18941.894531,65.514334,-122.800051
19272.949219,64.857015,-133.253380
19609.863281,64.250013,-145.277129
19952.636719,62.581060,-158.167239
20301.269531,61.113659,-163.841688
20656.494141,59.833806,-170.829529
21017.578125,58.712328,-176.309839
21385.253906,57.184142,172.361581
21758.789062,55.570317,167.518506
22138.916016,53.677690,151.790592
22526.367188,50.394940,143.222220
22920.410156,41.540531,147.085494
23321.044922,34.605964,163.051164
23728.271484,36.695625,-87.984523
24143.554688,44.551563,-99.295275
24565.429688,44.912221,-116.065549
24994.628906,42.796485,-114.991662
25431.884766,44.663219,-98.577932
25876.464844,45.367620,-106.768326
26329.101562,43.901266,-109.098584
26789.062500,44.389794,-86.582327
27257.812500,48.165168,-80.209281
27733.886719,51.152819,-106.033380
28218.750000,48.952210,-138.236167
28712.402344,44.150155,-143.397094
29214.111328,40.578717,-120.413562
29724.609375,43.769399,-106.633793
30244.628906,44.126336,-116.809156
30773.437500,43.392206,-129.137529
31311.035156,40.907695,-140.892889
31858.886719,35.267459,-148.067010
32415.527344,35.341467,-80.729123
32982.421875,38.345723,-95.898446
33558.837891,37.023387,-97.919452
34145.507812,35.393567,-119.838426
34742.431641,25.129632,-89.462997
35349.609375,32.072496,-36.284403
35967.773438,36.346432,-32.354097
36596.191406,37.582292,-34.996014
37236.328125,41.348046,-51.814830
37887.451172,40.044774,-86.512825
38549.560547,30.913329,-116.723680
39223.388672,28.812274,-23.351904
39908.935547,33.909998,4.505825
40606.933594,36.570364,-15.594010
41316.650391,36.556273,-18.790225
42038.818359,36.573686,-18.535430
42773.437500,36.556646,-17.082706
43521.240234,36.568008,-15.132686
