19.042969,72.705602,-26.340176
19.775391,73.966970,-26.203872
20.507812,75.344442,-28.920418
21.240234,76.655313,-34.033423
21.972656,77.811016,-40.849925
22.705078,78.781774,-48.758944
23.437500,79.566644,-57.288480
24.169922,80.177856,-66.080970
24.902344,80.634175,-74.860442
25.634766,80.958666,-83.410093
26.367188,81.178256,-91.562617
27.099609,81.323587,-99.201770
27.832031,81.428067,-106.271881
28.564453,81.525309,-112.789015
29.296875,81.644844,-118.844115
30.029297,81.807211,-124.588661
30.761719,82.020596,-130.201147
31.494141,82.280909,-135.845051
32.226562,82.575369,-141.635698
32.958984,82.887761,-147.627705
33.691406,83.203084,-153.822434
34.423828,83.510294,-160.186581
35.156250,83.803043,-166.672378
35.888672,84.078995,-173.233491
36.621094,84.338410,-179.834344
37.353516,84.582593,173.547084
38.085938,84.812616,166.921659
38.818359,85.028592,160.294651
39.550781,85.229589,153.672092
40.283203,85.414080,147.065741
41.015625,85.580728,140.495190
41.748047,85.729201,133.986625
42.480469,85.860774,127.568689
43.212891,85.978515,121.266580
43.945312,86.086968,115.095958
45.410156,86.296485,103.140161
46.142578,86.405575,97.314742
46.875000,86.519504,91.549662
47.607422,86.636623,85.815010
48.339844,86.753315,80.091576
49.804688,86.967994,68.681181
50.537109,87.059710,63.032935
51.269531,87.140443,57.462230
52.734375,87.282356,46.650519
53.466797,87.354284,41.421091
54.199219,87.433983,36.284735
55.664062,87.625389,26.128157
56.396484,87.733213,21.022073
57.128906,87.841698,15.859856
58.593750,88.032207,5.383731
59.326172,88.103255,0.131947
60.791016,88.192065,-10.155714
61.523438,88.218632,-15.101919
62.988281,88.277219,-24.514252
64.453125,88.397304,-33.475365
65.185547,88.489884,-37.929952
66.650391,88.723782,-47.076121
68.115234,88.972101,-56.705610
68.847656,89.083227,-61.681197
70.312500,89.259605,-71.795418
71.777344,89.374981,-81.912939
73.242188,89.447133,-91.890986
73.974609,89.472812,-96.822617
75.439453,89.508086,-106.598344
76.904297,89.520000,-116.273927
78.369141,89.505705,-125.815601
79.833984,89.469716,-135.165227
81.298828,89.422769,-144.300706
82.763672,89.373772,-153.251060
84.228516,89.325006,-162.057971
85.693359,89.275236,-170.737572
87.158203,89.225195,-179.286529
89.355469,89.155733,168.109071
90.820312,89.112521,159.811803
92.285156,89.066772,151.592609
93.750000,89.016738,143.481064
95.947266,88.943225,131.550505
97.412109,88.900273,123.708506
98.876953,88.855931,115.910117
101.074219,88.765800,104.367540
102.539062,88.690247,96.902605
104.736328,88.586376,86.143768
106.201172,88.538555,79.174188
108.398438,88.489673,68.862431
110.595703,88.451816,58.776822
112.792969,88.444236,48.976366
114.257812,88.464218,42.502052
116.455078,88.512554,32.752698
118.652344,88.564719,23.042944
120.849609,88.635803,13.402404
123.046875,88.721464,3.620055
125.244141,88.776749,-6.319771
127.441406,88.788243,-16.134856
129.638672,88.786479,-25.720912
131.835938,88.779236,-35.203644
134.765625,88.741221,-47.619423
136.962891,88.712532,-56.691101
139.160156,88.688559,-65.709678
142.089844,88.630900,-77.579109
144.287109,88.592207,-86.225228
147.216797,88.569614,-97.767166
149.414062,88.533018,-106.484872
152.343750,88.467413,-117.873278
155.273438,88.412329,-129.253959
157.470703,88.342145,-137.802636
160.400391,88.232503,-148.927912
163.330078,88.121894,-160.062546
166.259766,87.946473,-170.990265
169.189453,87.788619,178.668043
172.119141,87.671183,168.259358
175.048828,87.518821,157.955165
178.710938,87.363556,145.393711
181.640625,87.221588,135.274948
185.302734,87.039939,123.149010
188.232422,86.927698,113.461797
191.894531,86.767947,101.546297
194.824219,86.666739,92.127901
198.486328,86.518121,80.424957
202.148438,86.394847,69.039833
205.810547,86.269930,57.704737
209.472656,86.167481,46.657431
213.134766,86.062144,35.669634
216.796875,85.987480,25.119217
220.458984,85.955890,14.543510
224.853516,85.967212,2.111735
228.515625,86.033783,-8.476924
232.910156,86.133380,-21.422027
236.572266,86.209722,-32.478021
240.966797,86.289421,-45.934278
245.361328,86.303430,-59.588787
249.755859,86.277851,-73.046297
254.150391,86.214807,-86.323836
258.544922,86.149808,-99.341950
262.939453,86.059524,-112.336845
268.066406,85.917347,-126.785680
272.460938,85.839941,-138.779439
277.587891,85.848373,-152.231106
281.982422,85.946764,-163.978349
287.109375,86.145408,-178.215589
292.236328,86.318149,167.224928
297.363281,86.529349,152.147658
302.490234,86.685092,136.766692
308.349609,86.820601,119.141394
313.476562,86.905735,103.931997
319.335938,87.112733,86.521670
324.462891,87.260019,70.463265
330.322266,87.352754,52.278774
336.181641,87.388387,33.225116
342.041016,87.160416,14.894877
348.632812,86.932211,-3.944198
354.492188,86.820486,-19.854842
361.083984,86.830054,-37.581189
366.943359,86.967952,-53.280287
373.535156,87.254714,-71.985024
380.126953,87.504173,-91.725543
386.718750,87.666320,-112.137871
394.042969,87.690428,-135.104283
400.634766,87.635833,-155.642965
407.958984,87.349473,-178.068796
415.283203,87.189894,160.877163
422.607422,87.075430,139.344481
429.931641,86.871525,117.819459
437.255859,86.630110,96.956537
445.312500,86.430859,74.782281
452.636719,86.351071,54.955594
460.693359,86.377590,32.658376
468.750000,86.395069,9.603463
477.539062,86.266004,-15.700030
485.595703,86.122797,-38.448416
494.384766,85.903043,-62.546115
503.173828,85.747899,-86.019117
511.962891,85.682746,-109.174217
520.751953,85.697562,-132.522215
529.541016,85.752925,-156.061849
539.062500,85.884558,177.108693
548.583984,85.838742,150.968767
558.105469,85.716908,124.440812
568.359375,85.513096,99.187406
577.880859,86.002839,74.691593
588.134766,86.465742,46.111056
598.388672,86.836101,16.493088
609.375000,87.127821,-16.135203
619.628906,87.250351,-46.951638
630.615234,87.184867,-80.214647
641.601562,86.954608,-112.101090
653.320312,86.678057,-145.018214
665.039062,86.531421,-177.377864
676.025391,86.553436,152.108283
688.476562,86.431481,116.561547
700.195312,86.216380,83.525813
712.646484,86.016861,49.545432
725.097656,85.869640,16.013233
738.281250,85.874974,-18.936792
750.732422,86.014488,-52.750863
763.916016,86.107069,-88.889545
777.832031,86.314487,-128.202333
791.015625,85.975297,-165.876370
804.931641,86.066766,160.079275
818.847656,87.000871,121.179465
833.496094,87.236575,74.398444
848.144531,86.776679,30.493095
862.792969,86.412580,-10.786513
878.173828,86.105844,-52.803037
893.554688,86.146001,-94.826661
909.667969,86.100526,-141.132372
925.048828,85.671838,174.467751
941.894531,84.894423,129.664359
958.007812,84.916502,89.739517
974.853516,85.318239,45.344250
991.699219,85.768164,-2.101124
1009.277344,85.750996,-53.380240
1026.855469,85.289251,-99.809052
1045.166016,85.936115,-150.120891
1063.476562,86.100623,157.680810
1081.787109,86.124250,105.049410
1100.830078,86.274721,50.858905
1120.605469,86.180595,-6.713667
1140.380859,86.084038,-62.931452
1160.156250,85.861179,-120.691070
1180.664062,85.315618,-179.209207
1201.171875,84.887436,124.913230
1222.412109,84.623029,65.461101
1243.652344,84.157331,6.228223
1265.625000,83.529675,-48.406203
1287.597656,83.935175,-107.187272
1310.302734,84.316052,-170.567443
1333.007812,84.265942,126.235241
1356.445312,84.437532,60.455836
1379.882812,84.433922,-5.780683
1404.785156,84.184055,-74.836805
1428.955078,84.285888,-141.551385
1453.857422,84.369243,146.720614
1479.492188,83.802624,73.964993
1505.859375,83.521945,6.100716
1532.226562,83.865443,-67.538820
1558.593750,83.514756,-141.855316
1585.693359,83.773535,145.558424
1613.525391,84.067306,67.968496
1642.089844,83.898297,-12.754321
1670.654297,83.968564,-89.046124
1699.951172,84.503157,-171.563944
1729.980469,84.608586,104.003187
1760.009766,85.071331,18.264186
1790.771484,84.879760,-69.908013
1822.265625,84.797181,-156.905948
1854.492188,85.348294,112.929015
1886.718750,85.428143,19.929616
1919.677734,85.268155,-74.633601
1953.369141,85.196122,-168.286291
1987.792969,85.833931,91.880247
2022.216797,85.205887,-7.820850
2058.105469,84.873120,-107.655918
2093.994141,84.395155,151.006480
2130.615234,84.138643,51.693185
2167.968750,84.207717,-54.234695
2206.054688,83.913427,-156.594830
2244.873047,84.087680,93.708156
2283.691406,83.950180,-13.627401
2323.974609,84.345289,-125.064364
2364.257812,84.078787,120.829922
2406.005859,84.269833,4.278873
2447.753906,84.093223,-113.960293
2490.966797,83.581108,123.197487
2534.179688,82.584420,4.865869
2578.857422,82.668046,-113.775200
2624.267578,82.782229,122.969538
2669.677734,83.264984,-1.446414
2716.552734,83.534803,-133.034723
2764.160156,83.706432,92.673794
2812.500000,83.326604,-42.764727
2861.572266,83.129178,-178.473177
2912.109375,82.753283,42.647102
2962.646484,82.817972,-99.459591
3014.648438,82.907070,115.095180
3067.382812,82.334294,-32.589455
3120.849609,81.564599,177.391104
3175.781250,79.912916,27.572705
3231.445312,79.175379,-114.932071
3287.841797,80.224210,96.479864
3345.703125,80.762943,-61.036977
3404.296875,81.276250,135.500592
3463.623047,81.347161,-31.295199
3524.414062,80.562402,160.171141
3585.937500,80.785437,-6.621044
3648.193359,81.091320,-178.670580
3712.646484,80.621300,4.081914
3777.099609,80.192570,-174.197641
3843.750000,80.052639,4.546971
3910.400391,80.778606,-175.598388
3979.248047,81.520837,-8.657955
4048.828125,80.913599,152.849776
4119.873047,79.880050,-43.854572
4191.650391,79.660954,122.032099
4264.892578,79.914773,-78.441102
4339.599609,79.893020,72.309909
4415.771484,78.671226,-135.462423
4492.675781,78.575983,19.074879
4571.044922,79.204222,162.301095
4651.611328,79.287791,-64.720305
4732.910156,78.267291,68.481265
4815.673828,76.441405,-156.996395
4899.902344,77.460971,-12.935150
4985.595703,78.572854,108.415573
5072.753906,77.907680,-136.864919
5161.376953,77.223624,-18.833436
5251.464844,77.500569,98.608603
5343.750000,76.886935,-158.616776
5436.767578,76.468539,-50.686861
5531.982422,76.562035,50.291232
5628.662109,76.003778,153.833783
5727.539062,77.146256,-122.380265
5827.148438,76.051462,-38.271559
5929.687500,75.632078,49.233591
6032.958984,76.291818,125.257882
6138.427734,74.950786,-161.429775
6246.093750,76.609626,-86.230931
6355.224609,76.888781,-37.879482
6466.552734,74.905459,24.655524
6579.345703,76.885507,78.495457
6694.335938,76.540752,118.792993
6811.523438,77.019865,161.956168
6930.908203,77.460609,-169.742124
7051.757812,76.520787,-140.382631
7175.537109,77.546376,-114.031390
7300.781250,77.229108,-100.004409
7428.222656,78.047596,-89.456841
7558.593750,77.149459,-88.449885
7690.429688,76.490045,-90.047441
7825.195312,76.894888,-94.704143
7962.158203,77.097684,-117.000232
8101.318359,76.077005,-134.595608
8242.675781,76.590959,-159.142942
8386.962891,75.300345,168.936518
8533.447266,76.126162,136.147607
8682.861328,75.736725,90.337941
8834.472656,76.455640,42.855946
8989.013672,77.425215,-17.254958
9146.484375,78.508356,-84.882738
9306.152344,79.316138,-170.913548
9468.750000,80.509101,112.439903
9634.277344,80.856507,5.856618
9802.734375,82.150043,-91.582167
9974.121094,82.173195,141.374336
10149.169922,82.984902,25.752722
10326.416016,82.777604,-112.590394
10506.591797,82.323809,107.826191
10690.429688,81.894008,-38.554286
10877.929688,81.728223,161.324795
11067.626953,79.918841,4.736882
11260.986328,79.710149,-172.875925
11458.007812,79.392333,13.911818
11658.691406,78.681780,-176.925837
11862.304688,79.294955,-13.246403
12069.580078,78.128525,133.949924
12281.250000,77.994506,-88.402047
12495.849609,78.179194,47.916196
12714.111328,77.545312,166.627513
12936.767578,77.423096,-86.836992
13162.353516,77.338925,11.491760
13393.066406,76.971260,93.638892
13626.708984,75.660451,169.794787
13865.478516,73.512001,-125.613383
14107.910156,72.221950,-68.944542
14354.003906,70.228370,-19.044906
14605.224609,69.251184,11.357281
14860.839844,68.652075,33.980251
15120.117188,67.283760,51.851975
15384.521484,64.537724,46.448671
15654.052734,61.631949,37.602544
15927.246094,59.310207,15.144699
16205.566406,57.272113,66.359181
16489.013672,66.596822,21.284440
16777.587891,69.387103,-70.364534
17070.556641,69.647290,-162.231473
17369.384766,70.667490,98.862199
17673.339844,71.999595,-7.911549
17981.689453,74.178515,-137.569633
18296.630859,76.225400,62.747856
18615.966797,76.502020,-116.670297
18941.894531,76.480845,49.832403
19272.949219,73.887309,-155.967204
19609.863281,69.579015,-17.293704
19952.636719,62.652852,116.112925
20301.269531,57.756534,-78.584844
20656.494141,58.327031,43.119079
21017.578125,55.088388,148.844541
21385.253906,57.343124,-107.088313
21758.789062,60.548815,-28.103221
22138.916016,63.801255,12.428457
22526.367188,66.786753,12.603456
22920.410156,66.780028,-9.606392
23321.044922,63.910306,-39.330736
23728.271484,61.631180,-72.470503
24143.554688,61.557843,-123.711993
24565.429688,61.583632,156.659491
24994.628906,60.783305,54.681281
25431.884766,60.770521,-64.606457
25876.464844,61.399630,138.057097
26329.101562,59.701392,-52.574867
26789.062500,56.087428,108.582276
27257.812500,53.810398,-111.874658
27733.886719,52.514680,4.224890
28218.750000,52.277445,75.256313
28712.402344,52.282150,133.521813
29214.111328,48.958817,172.460384
29724.609375,51.757340,-131.067864
30244.628906,54.862177,-132.977096
30773.437500,55.824211,-160.581059
31311.035156,57.909795,148.233868
31858.886719,57.910067,59.108059
32415.527344,56.156768,-52.498143
32982.421875,54.234214,172.728757
33558.837891,48.305517,-6.329880
34145.507812,37.996492,52.988735
34742.431641,52.820903,126.994250
35349.609375,53.249970,-137.150605
35967.773438,54.141414,-31.335867
36596.191406,55.687366,50.459015
37236.328125,61.455966,77.178316
37887.451172,62.219426,48.404028
38549.560547,59.863409,10.318510
39223.388672,57.858172,-45.978210
39908.935547,58.721079,-126.775417
40606.933594,58.481483,110.291442
41316.650391,58.481986,-35.215703
42038.818359,58.480862,145.131683
42773.437500,58.481814,-68.639850
43521.240234,58.482022,41.432958
