19.042969,72.701289,-26.584855
19.775391,73.960712,-26.401892
20.507812,75.338374,-29.082231
21.240234,76.650014,-34.170362
21.972656,77.806286,-40.969819
22.705078,78.777179,-48.866225
23.437500,79.561763,-57.385271
24.169922,80.172374,-66.168040
24.902344,80.627914,-74.937926
25.634766,80.951587,-83.478094
26.367188,81.170436,-91.621765
27.099609,81.315168,-99.253738
27.832031,81.419149,-106.319736
28.564453,81.515817,-112.837175
29.296875,81.634387,-118.897692
30.029297,81.795026,-124.652228
30.761719,82.005612,-130.277347
31.494141,82.261935,-135.933675
32.226562,82.551330,-141.733615
32.958984,82.857895,-147.729592
33.691406,83.167050,-153.921935
34.423828,83.468194,-160.277553
35.156250,83.755378,-166.750022
35.888672,84.026556,-173.295258
36.621094,84.282142,-179.880525
37.353516,84.523420,173.513154
38.085938,84.751274,166.893848
38.818359,84.965497,160.264696
39.550781,85.164748,153.630543
40.283203,85.347079,147.002987
41.015625,85.510767,140.402371
41.748047,85.655182,133.856309
42.480469,85.781396,127.395271
43.212891,85.892382,121.046415
43.945312,85.992681,114.827263
45.410156,86.182020,102.775059
46.142578,86.279344,96.903752
46.875000,86.380561,91.095007
47.607422,86.484113,85.319113
48.339844,86.586436,79.557058
49.804688,86.770102,68.079070
50.537109,86.845286,62.403445
51.269531,86.908982,56.810977
52.734375,87.016371,45.975351
53.466797,87.071504,40.743406
54.199219,87.135170,35.608944
55.664062,87.297434,25.458895
56.396484,87.392004,20.351997
57.128906,87.487752,15.183764
58.593750,87.653004,4.679579
59.326172,87.711083,-0.591920
60.791016,87.773358,-10.921869
61.523438,87.786867,-15.888585
62.988281,87.821493,-25.344388
64.453125,87.921542,-34.370829
65.185547,88.005094,-38.874019
66.650391,88.220404,-48.154870
68.115234,88.446585,-57.957979
68.847656,88.544982,-63.027834
70.312500,88.693694,-73.333984
71.777344,88.780977,-83.645414
73.242188,88.826761,-93.831384
73.974609,88.839897,-98.877967
75.439453,88.850065,-108.912458
76.904297,88.834804,-118.882095
78.369141,88.790293,-128.739170
79.833984,88.722239,-138.413490
81.298828,88.643273,-147.883350
82.763672,88.562830,-157.186940
84.228516,88.481981,-166.369909
85.693359,88.398392,-175.439061
87.158203,88.313790,175.623079
89.355469,88.196766,162.436232
90.820312,88.125938,153.727285
92.285156,88.052950,145.065578
93.750000,87.973183,136.496435
95.947266,87.853334,123.910051
97.412109,87.785488,115.654801
98.876953,87.724154,107.423141
101.074219,87.613486,95.122804
102.539062,87.517345,87.096534
104.736328,87.368520,75.525262
106.201172,87.289167,68.069211
108.398438,87.200257,57.055159
110.595703,87.122067,46.241511
112.792969,87.065078,35.756239
114.257812,87.052345,28.882528
116.455078,87.059273,18.577899
118.652344,87.073317,8.325541
120.849609,87.106699,-1.796901
123.046875,87.165962,-11.993999
125.244141,87.208821,-22.359377
127.441406,87.214741,-32.637913
129.638672,87.213964,-42.728695
131.835938,87.208975,-52.816427
134.765625,87.144861,-66.120587
136.962891,87.081267,-75.710926
139.160156,87.039428,-85.143319
142.089844,86.976858,-97.665263
144.287109,86.929689,-106.818784
147.216797,86.914292,-119.013375
149.414062,86.890612,-128.374894
152.343750,86.812226,-140.683520
155.273438,86.750209,-152.828954
157.470703,86.691493,-162.063522
160.400391,86.572709,-174.255690
163.330078,86.440111,173.636926
166.259766,86.247444,161.659513
169.189453,86.048595,150.263787
172.119141,85.894027,138.897249
175.048828,85.701117,127.568233
178.710938,85.486103,113.846981
181.640625,85.305296,102.734407
185.302734,85.046372,89.433715
188.232422,84.892516,78.901751
191.894531,84.676039,65.761198
194.824219,84.525790,55.375170
198.486328,84.296946,42.287644
202.148438,84.063392,29.671434
205.810547,83.822330,16.993056
209.472656,83.557376,4.742317
213.134766,83.277634,-7.434052
216.796875,82.972375,-18.901996
220.458984,82.715708,-30.150235
224.853516,82.420487,-42.831553
228.515625,82.305674,-53.294410
232.910156,82.219391,-66.078867
236.572266,82.173372,-77.078560
240.966797,82.126547,-90.327520
245.361328,82.093185,-104.061445
249.755859,82.042987,-118.290462
254.150391,81.847113,-132.979464
258.544922,81.561997,-147.242826
262.939453,81.190608,-161.366630
268.066406,80.575910,-176.902005
272.460938,80.045589,171.535978
277.587891,79.588392,159.590271
281.982422,79.453630,149.932149
287.109375,79.552545,137.989022
292.236328,79.755781,125.240763
297.363281,80.083026,111.259206
302.490234,80.387388,96.300375
308.349609,80.600602,78.361354
313.476562,80.726813,62.878614
319.335938,80.985401,45.119852
324.462891,81.127976,28.224140
330.322266,81.102626,9.169016
336.181641,80.961433,-10.255680
342.041016,80.429281,-28.577600
348.632812,79.901164,-44.555782
354.492188,79.930921,-57.144208
361.083984,80.499130,-73.892450
366.943359,80.921891,-91.023626
373.535156,81.335593,-111.498099
380.126953,81.580405,-132.629230
386.718750,81.732140,-154.134393
394.042969,81.699096,-178.516757
400.634766,81.594104,160.173981
407.958984,81.351595,136.817563
415.283203,81.257227,114.108120
422.607422,81.162386,90.337536
429.931641,80.913195,66.411499
437.255859,80.583003,42.960642
445.312500,80.211042,17.635851
452.636719,79.803888,-5.214176
460.693359,79.370675,-30.011085
468.750000,78.834973,-54.947921
477.539062,78.125421,-81.589826
485.595703,77.391889,-104.876807
494.384766,76.620036,-129.263500
503.173828,75.927055,-153.830227
511.962891,75.169137,-178.486492
520.751953,74.256322,156.332432
529.541016,73.004803,132.651502
539.062500,71.824736,109.471480
548.583984,70.657615,87.239194
558.105469,68.849322,63.279153
568.359375,65.051420,64.649967
577.880859,68.870699,64.572430
588.134766,71.843352,39.459289
598.388672,73.712259,8.181091
609.375000,74.814982,-27.242349
619.628906,75.243196,-59.621902
630.615234,75.337875,-92.709157
641.601562,75.373907,-124.160526
653.320312,75.253603,-157.795272
665.039062,75.016521,169.825516
676.025391,74.903479,140.550007
688.476562,74.726592,107.558356
700.195312,74.588484,78.022204
712.646484,74.859109,48.115868
725.097656,75.468721,16.525154
738.281250,76.107852,-18.463903
750.732422,76.643223,-52.188552
763.916016,77.213886,-87.587641
777.832031,78.011783,-126.908142
791.015625,78.197860,-165.262701
804.931641,79.125751,157.202358
818.847656,80.079435,114.415938
833.496094,80.401508,65.356060
848.144531,80.043766,18.933433
862.792969,79.538925,-24.792977
878.173828,79.034973,-67.075828
893.554688,79.126969,-109.119416
909.667969,79.008211,-156.374647
925.048828,78.540729,159.762557
941.894531,77.930703,113.718994
958.007812,77.588111,72.968019
974.853516,77.935461,31.388649
991.699219,78.764087,-15.723994
1009.277344,78.638327,-68.129068
1026.855469,78.077371,-111.187805
1045.166016,79.002499,-160.560698
1063.476562,79.630536,148.821134
1081.787109,80.093589,95.042538
1100.830078,80.502161,40.549738
1120.605469,80.919432,-18.367749
1140.380859,81.028353,-77.458884
1160.156250,80.923510,-137.608256
1180.664062,80.252220,160.963839
1201.171875,79.492373,103.371646
1222.412109,78.771177,44.162007
1243.652344,77.990038,-11.091862
1265.625000,78.142862,-61.089240
1287.597656,79.010402,-122.132768
1310.302734,79.751943,172.656089
1333.007812,79.711914,106.359321
1356.445312,79.984219,39.740464
1379.882812,79.931350,-29.861711
1404.785156,79.050727,-99.761892
1428.955078,79.082506,-164.029985
1453.857422,79.445705,124.356096
1479.492188,78.524882,51.094082
1505.859375,78.733037,-17.676954
1532.226562,78.707490,-93.590440
1558.593750,77.848225,-168.425257
1585.693359,78.006083,122.373666
1613.525391,77.950697,44.482526
1642.089844,77.918264,-32.717051
1670.654297,78.270433,-111.353379
1699.951172,78.026673,164.510849
1729.980469,77.839928,84.923242
1760.009766,78.205072,-0.201064
1790.771484,77.736026,-86.084703
1822.265625,77.454280,-169.445527
1854.492188,78.207947,103.857057
1886.718750,78.794905,14.671643
1919.677734,78.880957,-81.438533
1953.369141,78.720161,-176.372731
1987.792969,79.495000,84.951789
2022.216797,79.044152,-14.871964
2058.105469,78.482158,-117.476885
2093.994141,77.437784,141.346167
2130.615234,77.090814,44.672036
2167.968750,77.064195,-63.346099
2206.054688,76.258678,-164.322593
2244.873047,76.210459,88.333557
2283.691406,75.854942,-19.793208
2323.974609,75.626729,-132.228555
2364.257812,74.595093,121.239728
2406.005859,75.335815,4.187897
2447.753906,74.718320,-109.894173
2490.966797,73.612394,123.111628
2534.179688,71.748354,14.810770
2578.857422,72.132050,-103.811329
2624.267578,72.640479,144.902728
2669.677734,73.659614,18.146579
2716.552734,74.171700,-114.637279
2764.160156,74.294805,108.635015
2812.500000,72.633285,-25.406335
2861.572266,72.285265,-149.093544
2912.109375,73.432299,78.251714
2962.646484,73.802008,-66.875091
3014.648438,74.518456,145.947874
3067.382812,74.137869,-5.745795
3120.849609,72.387204,-158.874549
3175.781250,69.505120,62.357973
3231.445312,70.498825,-72.626191
3287.841797,72.518008,130.612705
3345.703125,72.803283,-25.160346
3404.296875,73.522167,170.652048
3463.623047,73.407947,-0.430076
3524.414062,72.661455,-159.570786
3585.937500,73.883650,31.401638
3648.193359,73.961957,-147.223193
3712.646484,73.729558,36.284986
3777.099609,73.501432,-143.125865
3843.750000,72.348263,30.463734
3910.400391,72.402389,-146.249832
3979.248047,72.562701,17.796466
4048.828125,71.361722,-169.010264
4119.873047,70.907531,3.341730
4191.650391,71.518269,167.937339
4264.892578,71.508147,-35.951375
4339.599609,70.741068,121.488978
4415.771484,71.197569,-73.122317
4492.675781,73.259415,74.563033
4571.044922,73.014278,-148.648938
4651.611328,72.499624,-11.394486
4732.910156,72.600398,125.233520
4815.673828,71.582787,-103.272020
4899.902344,71.843014,27.711541
4985.595703,72.600505,155.904635
5072.753906,71.493208,-91.325189
5161.376953,70.808066,31.272294
5251.464844,71.497331,149.863667
5343.750000,71.360295,-103.289542
5436.767578,71.067553,-0.847736
5531.982422,70.794348,100.323304
5628.662109,71.250377,-153.519124
5727.539062,72.279851,-75.075252
5827.148438,70.993906,8.441792
5929.687500,69.848083,101.847917
6032.958984,71.781118,169.804059
6138.427734,69.451293,-112.622905
6246.093750,71.632201,-41.541812
6355.224609,71.343428,11.462691
6466.552734,70.151701,69.685260
6579.345703,71.348884,116.432030
6694.335938,70.678833,161.310590
6811.523438,70.725253,-154.532800
6930.908203,70.751584,-124.759510
7051.757812,70.165432,-86.286428
7175.537109,70.293018,-66.781299
7300.781250,69.701887,-46.231859
7428.222656,69.720934,-38.013032
7558.593750,69.843319,-28.933097
7690.429688,69.648086,-21.041010
7825.195312,70.307068,-27.446911
7962.158203,71.074841,-41.543742
8101.318359,70.360242,-64.517675
8242.675781,71.292137,-92.936182
8386.962891,71.682913,-125.720919
8533.447266,70.709965,-163.572548
8682.861328,71.582123,147.835516
8834.472656,71.806268,96.392919
8989.013672,73.176834,40.741075
9146.484375,73.642073,-31.432331
9306.152344,73.363569,-111.146671
9468.750000,75.193536,159.830425
9634.277344,73.793795,66.952091
9802.734375,75.144976,-36.480903
9974.121094,74.565980,-153.727814
10149.169922,75.625588,85.381386
10326.416016,74.721714,-46.298773
10506.591797,73.685189,-179.684930
10690.429688,72.889097,28.350152
10877.929688,73.931232,-124.382148
11067.626953,71.107208,86.746947
11260.986328,71.895427,-94.144946
11458.007812,71.333395,96.122628
11658.691406,70.164555,-98.726230
11862.304688,72.636458,75.696145
12069.580078,71.346096,-127.274858
12281.250000,71.826974,-0.743199
12495.849609,72.548664,134.785338
12714.111328,72.661182,-106.472659
12936.767578,72.835546,-8.902392
13162.353516,71.226900,88.577286
13393.066406,69.692621,167.598838
13626.708984,68.552104,-112.638884
13865.478516,67.967571,-49.593445
14107.910156,65.577469,-0.796382
14354.003906,63.653064,33.653606
14605.224609,60.977988,55.743931
14860.839844,57.938259,69.478422
15120.117188,56.903572,60.292933
15384.521484,52.647085,30.421515
15654.052734,51.147786,-36.532743
15927.246094,59.733123,-78.205525
16205.566406,58.701882,-155.142478
16489.013672,61.932603,126.426598
16777.587891,60.281588,49.464660
17070.556641,59.621641,-17.806643
17369.384766,60.619501,-124.283922
17673.339844,59.780221,132.113701
17981.689453,62.249863,12.558090
18296.630859,64.847899,-131.894221
18615.966797,64.741384,41.662713
18941.894531,62.153748,-159.643804
19272.949219,57.852157,3.287319
19609.863281,54.918764,179.837151
19952.636719,57.531781,-8.357568
20301.269531,58.540178,108.009750
20656.494141,57.715759,-136.139113
21017.578125,58.251619,-55.813720
21385.253906,57.460663,15.018858
21758.789062,55.613137,40.607145
22138.916016,44.057627,-5.184113
22526.367188,50.688841,-138.186552
22920.410156,55.554818,179.694456
23321.044922,53.418432,126.369836
23728.271484,50.392963,71.272588
24143.554688,45.825851,-9.587605
24565.429688,37.827414,-158.668668
24994.628906,43.932497,-18.462714
25431.884766,40.027558,-63.088532
25876.464844,43.089319,31.399721
26329.101562,43.637672,-135.864763
26789.062500,40.376841,-119.282096
27257.812500,37.116751,128.465283
27733.886719,41.297219,-96.654399
28218.750000,41.502385,89.353080
28712.402344,30.670430,-48.825691
29214.111328,34.894106,32.990779
29724.609375,43.006154,145.255794
30244.628906,43.669751,88.909763
30773.437500,42.798398,37.755457
31311.035156,37.129613,-32.001092
31858.886719,28.605602,125.345819
32415.527344,30.593765,-107.799255
32982.421875,34.776195,141.427878
33558.837891,35.366206,-60.504320
34145.507812,36.807310,160.072442
34742.431641,34.137016,-61.765027
35349.609375,31.606869,-109.474257
35967.773438,35.808671,146.902785
36596.191406,41.202206,-7.209534
37236.328125,45.733619,5.804530
37887.451172,45.722722,-10.150886
38549.560547,42.260209,-48.753264
39223.388672,38.003866,-95.115438
39908.935547,39.976977,-131.132083
40606.933594,50.831697,35.620915
41316.650391,50.826332,-104.567668
42038.818359,50.829413,81.171453
42773.437500,50.825991,-127.068985
43521.240234,50.831017,-11.383450
