20.0 45.43493
20.23198 45.78899
20.46665 46.14148
20.70404 46.49236
20.94418 46.84161
21.18711 47.18919
21.43286 47.53506
21.68146 47.8792
21.93294 48.22157
22.18733 48.56214
22.44468 48.90091
22.70502 49.23781
22.96837 49.57285
23.23478 49.90599
23.50427 50.23722
23.7769 50.5665
24.05268 50.89382
24.33167 51.21917
24.61389 51.54252
24.89938 51.86385
25.18819 52.18316
25.48034 52.50041
25.77589 52.81562
26.07486 53.12874
26.3773 53.4398
26.68325 53.74876
26.99274 54.05561
27.30583 54.36035
27.62255 54.66297
27.94294 54.96344
28.26705 55.26177
28.59491 55.55794
28.92658 55.85194
29.2621 56.14375
29.60151 56.43336
29.94485 56.72076
30.29218 57.00592
30.64353 57.28883
30.99896 57.56946
31.35852 57.8478
31.72224 58.1238
32.09019 58.39745
32.4624 58.66871
32.83892 58.93754
33.21982 59.2039
33.60513 59.46775
33.99492 59.72904
34.38922 59.98771
34.7881 60.24372
35.1916 60.497
35.59978 60.74748
36.0127 60.9951
36.43041 61.23977
36.85296 61.48142
37.28042 61.71997
37.71283 61.95533
38.15025 62.1874
38.59276 62.4161
39.04039 62.64132
39.49321 62.86295
39.95129 63.0809
40.41468 63.29505
40.88345 63.5053
41.35765 63.71155
41.83735 63.91366
42.32262 64.11155
42.81352 64.30509
43.31011 64.49419
43.81246 64.67873
44.32063 64.85862
44.8347 65.03376
45.35474 65.20406
45.8808 65.36943
46.41297 65.52981
46.95131 65.68511
47.49589 65.83528
48.04679 65.98026
48.60408 66.12002
49.16783 66.25452
49.73813 66.38374
50.31503 66.50766
50.89863 66.6263
51.489 66.73965
52.08622 66.84775
52.69036 66.95062
53.30151 67.04831
53.91975 67.14086
54.54516 67.22837
55.17782 67.31087
55.81782 67.38847
56.46525 67.46124
57.12018 67.52929
57.78271 67.59273
58.45293 67.65165
59.13092 67.70617
59.81677 67.75641
60.51058 67.8025
61.21244 67.84455
61.92243 67.88269
62.64067 67.91706
63.36723 67.94777
64.10222 67.97497
64.84573 67.99878
65.59787 68.01932
66.35874 68.03672
67.12842 68.05112
67.90704 68.06264
68.69469 68.07139
69.49147 68.0775
70.29749 68.08108
71.11287 68.08227
71.9377 68.08115
72.7721 68.07784
73.61617 68.07246
74.47004 68.06511
75.33381 68.05587
76.2076 68.04486
77.09152 68.03218
77.9857 68.0179
78.89025 68.00212
79.80529 67.98494
80.73094 67.96642
81.66733 67.94665
82.61458 67.92571
83.57282 67.90368
84.54217 67.88063
85.52277 67.85662
86.51474 67.83172
87.51821 67.806
88.53333 67.77952
89.56022 67.75233
90.59902 67.72449
91.64987 67.69606
92.7129 67.66708
93.78827 67.63762
94.87611 67.60769
95.97657 67.57736
97.08979 67.54667
98.21593 67.51565
99.35512 67.48435
100.5075 67.45278
101.6733 67.421
102.8526 67.38902
104.0456 67.35689
105.2524 67.3246
106.4732 67.29221
107.7082 67.25973
108.9575 67.22718
110.2213 67.19458
111.4997 67.16194
112.793 67.12929
114.1013 67.09664
115.4247 67.064
116.7635 66.94821
118.1178 66.92147
119.4879 66.88784
120.8738 66.88145
122.2758 66.87186
123.6941 66.883
125.1288 66.92257
126.5801 66.91324
128.0483 66.90278
129.5335 66.93515
131.036 66.94644
132.5559 66.9737
134.0934 66.94445
135.6487 66.89196
137.2221 66.88335
138.8137 66.78941
140.4238 66.80518
142.0525 66.83069
143.7002 66.77595
145.367 66.74162
147.0531 66.72962
148.7587 66.7243
150.4842 66.79758
152.2296 66.8253
153.9953 66.81683
155.7815 66.83917
157.5884 66.84246
159.4162 66.78702
161.2653 66.78648
163.1358 66.81051
165.028 66.85314
166.9421 66.847
168.8785 66.81424
170.8373 66.73597
172.8188 66.58279
174.8233 66.47986
176.851 66.5007
178.9023 66.51621
180.9774 66.5176
183.0765 66.43283
185.2 66.2272
187.3481 65.97237
189.5212 65.91944
191.7194 66.06619
193.9431 66.3234
196.1927 66.61125
198.4683 66.70982
200.7703 66.76659
203.099 66.83467
205.4547 66.76565
207.8378 66.43691
210.2485 66.26398
212.6871 66.20163
215.1541 66.23676
217.6496 66.23898
220.1741 66.17136
222.7279 66.12343
225.3113 66.15167
227.9246 66.16604
230.5683 66.21882
233.2426 66.20225
235.948 66.20017
238.6847 66.24997
241.4532 66.33344
244.2538 66.20064
247.0869 66.14972
249.9528 66.12167
252.852 66.19027
255.7848 66.15006
258.7516 66.17725
261.7529 66.21527
264.7889 66.27097
267.8602 66.27143
270.967 66.26784
274.11 66.22627
277.2893 66.16365
280.5056 66.15302
283.7591 66.15848
287.0504 66.16898
290.3799 66.17475
293.748 66.17584
297.1551 66.17601
300.6018 66.13947
304.0885 66.1017
307.6156 66.05972
311.1836 66.03043
314.7929 66.01727
318.4442 66.01198
322.1378 66.05224
325.8742 66.10498
329.654 66.14543
333.4776 66.19807
337.3456 66.19206
341.2585 66.20315
345.2167 66.17573
349.2208 66.05409
353.2714 65.91247
357.3689 65.7172
361.514 65.49487
365.7072 65.30037
369.949 65.11302
374.24 64.9932
378.5808 64.87279
382.9719 64.88728
387.4139 65.06242
391.9075 65.22755
396.4532 65.38851
401.0516 65.47148
405.7034 65.52327
410.4091 65.55538
415.1694 65.57225
419.9849 65.51216
424.8563 65.36898
429.7841 65.2351
434.7691 65.13368
439.812 65.10101
444.9133 65.10175
450.0738 65.15378
455.2942 65.24292
460.5751 65.28914
465.9173 65.2777
471.3214 65.24655
476.7882 65.19106
482.3184 65.11631
487.9128 64.98326
493.572 64.8169
499.2969 64.69609
505.0882 64.6235
510.9467 64.56903
516.8731 64.57604
522.8682 64.59013
528.9329 64.65742
535.068 64.6939
541.2742 64.68135
547.5524 64.59484
553.9034 64.47502
560.328 64.24667
566.8272 63.94731
573.4018 63.68331
580.0526 63.4734
586.7806 63.32015
593.5866 63.30264
600.4715 63.40734
607.4364 63.63372
614.4819 64.00618
621.6093 64.54634
628.8192 65.15173
636.1129 65.71099
643.4911 66.0385
650.9548 66.14289
658.5052 66.04259
666.1431 65.83367
673.8697 65.54403
681.6858 65.18871
689.5926 64.89812
697.5911 64.71005
705.6824 64.68993
713.8676 64.83155
722.1476 65.0977
730.5237 65.35341
738.997 65.51881
747.5686 65.57517
756.2395 65.52945
765.0111 65.44248
773.8844 65.39908
782.8606 65.37292
791.9409 65.30914
801.1265 65.10386
810.4187 64.68171
819.8187 64.12362
829.3277 63.74092
838.947 63.82317
848.6778 64.20786
858.5215 64.65183
868.4794 65.05974
878.5529 65.38438
888.7431 65.58297
899.0515 65.6618
909.4795 65.6602
920.0285 65.63918
930.6998 65.66211
941.4949 65.78148
952.4152 65.94015
963.4622 66.11981
974.6373 66.2501
985.942 66.2943
997.3778 66.22835
1008.946 66.09646
1020.649 65.9212
1032.487 65.73096
1044.463 65.60938
1056.578 65.63189
1068.833 65.77431
1081.23 66.00908
1093.771 66.23034
1106.458 66.40427
1119.291 66.49722
1132.274 66.55697
1145.407 66.56451
1158.693 66.50037
1172.132 66.42662
1185.728 66.32436
1199.481 66.26701
1213.393 66.28742
1227.467 66.22315
1241.705 66.0031
1256.107 65.81262
1270.677 65.93414
1285.415 66.34188
1300.324 66.57112
1315.407 66.65738
1330.664 66.68492
1346.098 66.60951
1361.711 66.39203
1377.506 66.10431
1393.483 65.83469
1409.646 65.61729
1425.997 65.41494
1442.537 65.20942
1459.268 64.99782
1476.194 64.80283
1493.317 64.7698
1510.637 65.11087
1528.159 65.93231
1545.884 66.72813
1563.815 67.22302
1581.953 67.52376
1600.302 67.58906
1618.864 67.40989
1637.641 67.12085
1656.636 66.76367
1675.851 66.47835
1695.289 66.37624
1714.952 66.4505
1734.844 66.66639
1754.966 66.73914
1775.322 66.65527
1795.914 66.70124
1816.744 66.78304
1837.816 66.61879
1859.133 66.3714
1880.697 66.38341
1902.511 66.60575
1924.578 66.93073
1946.901 67.2636
1969.483 67.33562
1992.327 67.24503
2015.435 67.15249
2038.812 66.95946
2062.46 66.69121
2086.383 66.48004
2110.582 66.27757
2135.063 66.27459
2159.827 66.25706
2184.879 66.06981
2210.221 65.99176
2235.857 66.00558
2261.79 65.94295
2288.025 65.215
2314.563 63.61927
2341.41 63.15526
2368.567 63.77624
2396.04 64.08271
2423.832 63.51385
2451.945 63.12371
2480.385 63.57
2509.155 64.0759
2538.258 65.06666
2567.699 65.59975
2597.482 65.72967
2627.61 65.31715
2658.087 65.00772
2688.918 64.95379
2720.107 64.82413
2751.657 65.13375
2783.573 65.43139
2815.859 65.30638
2848.52 64.05981
2881.56 63.39026
2914.983 63.98867
2948.793 64.71009
2982.996 65.10643
3017.596 64.71557
3052.596 63.77376
3088.003 63.48752
3123.821 64.14418
3160.054 64.69552
3196.707 65.03145
3233.785 65.22339
3271.293 65.31175
3309.237 65.54745
3347.62 65.60536
3386.449 66.51954
3425.728 65.91634
3465.463 65.12212
3505.658 64.90578
3546.32 65.26394
3587.453 65.70683
3629.064 65.60599
3671.157 64.73691
3713.738 64.45059
3756.814 65.17006
3800.388 65.17265
3844.469 64.9038
3889.06 64.30392
3934.169 64.44574
3979.801 65.72637
4025.963 65.80911
4072.659 65.02007
4119.898 65.06953
4167.684 65.65406
4216.024 66.42317
4264.926 65.85839
4314.394 65.51098
4364.436 65.64386
4415.059 66.19234
4466.269 66.46986
4518.073 66.03346
4570.477 65.69414
4623.49 66.17752
4677.117 66.71985
4731.366 66.4632
4786.245 65.96631
4841.76 66.01763
4897.919 66.61515
4954.73 66.67826
5012.199 65.75858
5070.335 65.93627
5129.146 66.33348
5188.638 66.04879
5248.82 65.13503
5309.701 65.47244
5371.288 65.61269
5433.589 65.27365
5496.612 64.86189
5560.367 65.23759
5624.861 65.6193
5690.103 65.06223
5756.102 65.0863
5822.867 65.79538
5890.405 65.29029
5958.728 65.1695
6027.842 65.44588
6097.759 65.45166
6168.486 65.44597
6240.034 65.45698
6312.411 65.86105
6385.628 65.66365
6459.694 66.00467
6534.62 65.82408
6610.414 65.83826
6687.088 65.92285
6764.65 66.24476
6843.113 66.49093
6922.485 66.55294
7002.779 66.92467
7084.003 66.99926
7166.17 67.25581
7249.289 67.5461
7333.373 67.41749
7418.432 67.69244
7504.478 67.70939
7591.522 67.95702
7679.575 67.98103
7768.649 68.17679
7858.757 68.40298
7949.91 68.52006
8042.12 68.67431
8135.4 68.89081
8229.762 69.04593
8325.218 68.98769
8421.781 69.27324
8519.465 69.0565
8618.281 69.21144
8718.243 69.31739
8819.365 69.34712
8921.66 69.33765
9025.142 69.16306
9129.824 69.30751
9235.719 69.15489
9342.844 69.20053
9451.21 69.52445
9560.834 69.90411
9671.729 70.39811
9783.91 70.61287
9897.393 70.90538
10012.19 71.16389
10128.32 70.93842
10245.8 70.87732
10364.64 70.70605
10484.86 70.65362
10606.47 70.57621
10729.49 70.73109
10853.94 70.72431
10979.84 70.51175
11107.19 70.3429
11236.02 70.04279
11366.35 70.03328
11498.19 69.95726
11631.55 69.55692
11766.47 69.17094
11902.94 68.91102
12041.0 68.64192
12180.67 68.51367
12321.95 68.24558
12464.87 68.07286
12609.45 67.76606
12755.7 67.41592
12903.66 67.08273
13053.32 66.62644
13204.73 66.64093
13357.89 66.54552
13512.83 66.67403
13669.56 66.97431
13828.11 66.63793
13988.5 66.40552
14150.75 66.58004
14314.89 66.71292
14480.92 66.29284
14648.89 66.27941
14818.8 65.86864
14990.68 65.46527
15164.55 65.87686
15340.45 66.5872
15518.38 66.58848
15698.38 66.98151
15880.46 67.05164
16064.65 67.28473
16250.99 67.71204
16439.48 67.90026
16630.16 67.65621
16823.05 68.08099
17018.18 68.23205
17215.57 68.19818
17415.25 68.58954
17617.25 68.63483
17821.59 68.48448
18028.3 68.46737
18237.41 68.44917
18448.95 68.46296
18662.93 68.58346
18879.4 69.21999
19098.38 69.19539
19319.9 69.57541
19543.99 69.12028
19770.68 68.86961
20000.0 68.99848
