20.6103 107.553
20.6616 107.553
20.713 107.553
20.9198 108.01
20.9718 108.239
21.024 108.467
21.0763 108.696
21.1287 108.925
21.1813 109.153
21.3928 109.382
21.5528 109.61
21.768 109.839
21.9854 110.067
22.1499 110.296
22.3711 110.525
22.5945 110.753
22.7635 110.982
22.9908 111.21
23.1628 111.439
23.3941 111.668
23.6277 111.896
23.8637 112.125
24.102 112.353
24.1619 112.277
24.222 112.353
24.2823 112.43
24.3427 112.506
24.4032 112.582
24.4639 112.633
24.5248 112.684
24.5858 112.734
24.6469 112.785
24.7082 112.836
24.7697 112.887
24.8313 112.944
24.893 113.001
24.955 113.043
25.017 113.084
25.0793 113.126
25.1416 113.167
25.2042 113.209
25.2669 113.25
25.3297 113.292
25.3927 113.333
25.4559 113.375
25.5192 113.417
25.5826 113.458
25.6463 113.496
25.7101 113.534
25.774 113.572
25.8381 113.605
25.9024 113.638
25.9668 113.67
26.0314 113.703
26.0962 113.736
26.1611 113.768
26.2261 113.801
26.2914 113.824
26.3568 113.847
26.4223 113.87
26.488 113.892
26.5539 113.915
26.62 113.902
26.6862 113.889
26.7525 113.875
26.8191 113.862
26.8858 113.849
26.9527 113.835
27.0197 113.822
27.0869 113.809
27.1543 113.796
27.2218 113.782
27.2895 113.769
27.3574 113.756
27.4254 113.742
27.4937 113.729
27.562 113.716
27.6306 113.702
27.6993 113.689
27.7682 113.676
27.8373 113.662
27.9065 113.649
27.9759 113.636
28.0455 113.622
28.1153 113.609
28.1852 113.596
28.2553 113.583
28.3256 113.569
28.396 113.556
28.4667 113.543
28.5375 113.529
28.6085 113.516
28.6796 113.503
28.7509 113.489
28.8225 113.476
28.8941 113.463
28.966 113.449
29.0381 113.436
29.1103 113.423
29.1827 113.409
29.2553 113.396
29.328 113.383
29.401 113.37
29.4741 113.356
29.5474 113.343
29.6209 113.33
29.6946 113.316
29.7685 113.303
29.8425 113.29
29.9167 113.276
29.9911 113.263
30.0657 113.25
30.1405 113.236
30.2155 113.223
30.2906 113.21
30.366 113.196
30.4415 113.191
30.5172 113.153
30.5931 113.123
30.6692 113.115
30.7455 113.079
30.822 113.043
30.8986 113.039
30.9755 113.006
31.0525 112.969
31.1298 112.963
31.2072 112.927
31.2848 112.901
31.3626 112.86
31.4406 112.853
31.5188 112.814
31.5972 112.81
31.6758 112.776
31.7546 112.772
31.8336 112.741
31.9128 112.734
31.9921 112.701
32.0717 112.696
32.1515 112.66
32.2315 112.658
32.3116 112.628
32.392 112.62
32.4726 112.589
32.5533 112.582
32.6343 112.547
32.7155 112.522
32.7968 112.518
32.8784 112.476
32.9602 112.468
33.0422 112.468
33.1244 112.432
33.2067 112.43
33.2893 112.43
33.3721 112.43
33.4551 112.43
33.5384 112.405
33.6218 112.405
33.7054 112.406
33.7892 112.405
33.8733 112.406
33.9575 112.406
34.042 112.431
34.1267 112.433
34.2115 112.434
34.2966 112.435
34.3819 112.435
34.4675 112.408
34.5532 112.408
34.6391 112.407
34.7253 112.406
34.8117 112.404
34.8983 112.402
34.9851 112.397
35.0721 112.391
35.1593 112.391
35.2468 112.364
35.3344 112.353
35.4223 112.353
35.5104 112.322
35.5987 112.287
35.6873 112.279
35.776 112.277
35.865 112.239
35.9542 112.209
36.0437 112.201
36.1333 112.166
36.2232 112.163
36.3133 112.101
36.4036 112.059
36.4941 112.049
36.5849 112.01
36.6759 111.972
36.7671 111.938
36.8586 111.899
36.9503 111.858
37.0422 111.829
37.1343 111.801
37.2267 111.772
37.3193 111.744
37.4121 111.69
37.5051 111.637
37.5984 111.584
37.6919 111.53
37.7857 111.477
37.8797 111.401
37.9739 111.337
38.0683 111.272
38.163 111.208
38.2579 111.144
38.3531 111.079
38.4485 111.015
38.5441 110.951
38.64 110.887
38.7361 110.822
38.8325 110.758
38.929 110.694
39.0259 110.629
39.1229 110.565
39.2202 110.501
39.3178 110.437
39.4156 110.372
39.5136 110.334
39.6119 110.296
39.7104 110.296
39.8092 110.272
39.9082 110.275
40.0075 110.277
40.107 110.284
40.2067 110.289
40.3068 110.323
40.407 110.335
40.5075 110.368
40.6083 110.384
40.7093 110.419
40.8105 110.466
40.912 110.486
41.0138 110.52
41.1158 110.555
41.2181 110.601
41.3206 110.636
41.4234 110.704
41.5264 110.743
41.6297 110.784
41.7332 110.831
41.837 110.874
41.9411 110.888
42.0454 110.96
42.15 110.998
42.2548 111.045
42.3599 111.105
42.4653 111.136
42.5709 111.177
42.6768 111.222
42.7829 111.261
42.8893 111.3
42.996 111.343
43.103 111.387
43.2102 111.417
43.3177 111.475
43.4254 111.511
43.5334 111.541
43.6417 111.569
43.7502 111.613
43.8591 111.657
43.9681 111.679
44.0775 111.716
44.1871 111.777
44.297 111.781
44.4072 111.831
44.5177 111.861
44.6284 111.893
44.7394 111.933
44.8507 111.952
44.9622 111.997
45.0741 112.034
45.1862 112.057
45.2986 112.103
45.4112 112.134
45.5242 112.159
45.6374 112.212
45.7509 112.237
45.8647 112.28
45.9788 112.318
46.0932 112.348
46.2078 112.38
46.3227 112.429
46.438 112.467
46.5535 112.488
46.6693 112.528
46.7853 112.56
46.9017 112.588
47.0184 112.629
47.1353 112.663
47.2525 112.693
47.3701 112.72
47.4879 112.742
47.606 112.762
47.7244 112.784
47.8431 112.824
47.9621 112.848
48.0814 112.854
48.201 112.868
48.3209 112.88
48.4411 112.886
48.5616 112.889
48.6824 112.894
48.8034 112.902
48.9248 112.904
49.0465 112.904
49.1685 112.903
49.2908 112.902
49.4134 112.898
49.5363 112.894
49.6595 112.891
49.783 112.886
49.9069 112.881
50.031 112.876
50.1554 112.873
50.2802 112.87
50.4052 112.865
50.5306 112.862
50.6563 112.86
50.7823 112.857
50.9086 112.862
51.0352 112.861
51.1622 112.858
51.2894 112.853
51.417 112.846
51.5449 112.835
51.6731 112.819
51.8016 112.794
51.9304 112.776
52.0596 112.741
52.1891 112.733
52.3189 112.726
52.449 112.714
52.5795 112.681
52.7103 112.644
52.8414 112.632
52.9728 112.579
53.1046 112.571
53.2366 112.533
53.3691 112.521
53.5018 112.486
53.6349 112.451
53.7683 112.431
53.902 112.395
54.0361 112.385
54.1705 112.35
54.3052 112.319
54.4403 112.308
54.5757 112.27
54.7114 112.262
54.8475 112.228
54.984 112.216
55.1207 112.177
55.2578 112.145
55.3953 112.103
55.533 112.071
55.6712 112.02
55.8096 111.983
55.9484 111.945
56.0876 111.904
56.2271 111.829
56.367 111.791
56.5072 111.73
56.6477 111.67
56.7886 111.609
56.9299 111.549
57.0715 111.488
57.2134 111.427
57.3557 111.367
57.4984 111.306
57.6414 111.246
57.7848 111.185
57.9285 111.125
58.0726 111.064
58.217 111.004
58.3618 110.943
58.507 110.882
58.6525 110.822
58.7984 110.761
58.9446 110.701
59.0912 110.64
59.2382 110.58
59.3855 110.519
59.5333 110.459
59.6813 110.427
59.8298 110.426
59.9786 110.403
60.1278 110.404
60.2773 110.387
60.4272 110.376
60.5775 110.398
60.7282 110.442
60.8793 110.47
61.0307 110.519
61.1825 110.539
61.3347 110.638
61.4872 110.702
61.6402 110.778
61.7935 110.882
61.9472 110.971
62.1012 111.019
62.2557 111.115
62.4106 111.139
62.5658 111.234
62.7214 111.423
62.8774 111.402
63.0338 111.444
63.1906 111.549
63.3478 111.706
63.5053 111.692
63.6633 111.755
63.8216 111.818
63.9804 111.864
64.1395 111.905
64.299 111.946
64.459 112
64.6193 112.042
64.78 112.075
64.9411 112.104
65.1027 112.147
65.2646 112.182
65.4269 112.235
65.5897 112.272
65.7528 112.311
65.9163 112.352
66.0803 112.424
66.2447 112.459
66.4094 112.483
66.5746 112.613
66.7402 112.643
66.9062 112.666
67.0726 112.814
67.2394 112.977
67.4067 112.925
67.5743 113.117
67.7424 113.329
67.9109 113.407
68.0798 113.486
68.2491 113.565
68.4189 113.644
68.5891 113.722
68.7597 113.801
68.9307 113.88
69.1021 113.959
69.274 114.037
69.4463 114.116
69.6191 114.195
69.7922 114.274
69.9658 114.343
70.1398 114.443
70.3143 114.398
70.4892 114.535
70.6645 114.582
70.8403 114.619
71.0165 114.674
71.1931 114.707
71.3702 114.726
71.5477 114.759
71.7257 114.787
71.9041 114.812
72.0829 114.832
72.2622 114.834
72.4419 114.836
72.6221 114.84
72.8027 114.841
72.9838 114.836
73.1653 114.828
73.3473 114.812
73.5298 114.781
73.7127 114.745
73.896 114.712
74.0798 114.694
74.264 114.617
74.4488 114.56
74.6339 114.424
74.8196 114.442
75.0057 114.355
75.1922 114.298
75.3792 114.245
75.5667 114.175
75.7547 114.059
75.9431 114.062
76.132 113.969
76.3214 113.912
76.5112 113.841
76.7015 113.783
76.8923 113.687
77.0835 113.612
77.2753 113.566
77.4675 113.485
77.6601 113.406
77.8533 113.314
78.0469 113.216
78.2411 113.122
78.4357 113.026
78.6308 112.914
78.8263 112.806
79.0224 112.7
79.219 112.582
79.416 112.464
79.6135 112.346
79.8115 112.222
80.0101 112.099
80.2091 111.975
80.4086 111.852
80.6086 111.727
80.8091 111.62
81.01 111.513
81.2115 111.38
81.4135 111.248
81.616 111.16
81.819 111.091
82.0225 110.987
82.2266 110.902
82.4311 110.823
82.6361 110.732
82.8416 110.679
83.0477 110.612
83.2542 110.555
83.4613 110.502
83.6689 110.51
83.877 110.513
84.0856 110.533
84.2948 110.568
84.5045 110.589
84.7146 110.632
84.9253 110.679
85.1366 110.716
85.3483 110.76
85.5606 110.798
85.7734 110.873
85.9868 110.92
86.2006 110.999
86.4151 111.07
86.63 111.161
86.8455 111.268
87.0615 111.354
87.278 111.434
87.4951 111.537
87.7127 111.665
87.9309 111.732
88.1496 111.85
88.3688 111.962
88.5886 112.088
88.809 112.089
89.0299 112.262
89.2513 112.322
89.4733 112.365
89.6959 112.451
89.919 112.632
90.1426 112.665
90.3668 112.693
90.5916 112.818
90.8169 112.861
91.0428 112.922
91.2692 113.034
91.4962 113.119
91.7238 113.133
91.952 113.242
92.1807 113.328
92.41 113.35
92.6398 113.42
92.8702 113.509
93.1012 113.552
93.3328 113.622
93.5649 113.651
93.7976 113.695
94.0309 113.712
94.2648 113.749
94.4993 113.768
94.7343 113.792
94.97 113.822
95.2062 113.84
95.443 113.859
95.6804 113.885
95.9184 113.898
96.1569 113.914
96.3961 113.931
96.6359 113.942
96.8762 113.951
97.1172 113.954
97.3587 113.954
97.6009 113.949
97.8436 113.941
98.087 113.936
98.331 113.922
98.5756 113.907
98.8207 113.896
99.0665 113.895
99.3129 113.892
99.56 113.884
99.8076 113.881
100.056 113.882
100.305 113.876
100.554 113.866
100.804 113.85
101.055 113.839
101.306 113.822
101.558 113.796
101.811 113.767
102.064 113.75
102.318 113.717
102.573 113.695
102.828 113.675
103.083 113.651
103.34 113.629
103.597 113.587
103.855 113.566
104.113 113.54
104.372 113.524
104.631 113.515
104.892 113.502
105.153 113.487
105.414 113.475
105.676 113.465
105.939 113.456
106.203 113.45
106.467 113.448
106.732 113.447
106.997 113.45
107.263 113.453
107.53 113.461
107.797 113.467
108.066 113.48
108.334 113.494
108.604 113.512
108.874 113.521
109.145 113.535
109.416 113.556
109.688 113.573
109.961 113.593
110.235 113.625
110.509 113.647
110.784 113.656
111.059 113.678
111.335 113.69
111.612 113.715
111.89 113.749
112.168 113.749
112.447 113.765
112.727 113.797
113.007 113.833
113.288 113.858
113.57 113.891
113.853 113.918
114.136 113.959
114.42 114.041
114.704 114.074
114.99 114.114
115.276 114.203
115.562 114.265
115.85 114.269
116.138 114.36
116.427 114.44
116.716 114.472
117.007 114.555
117.298 114.625
117.59 114.733
117.882 114.736
118.175 114.816
118.469 114.891
118.764 114.88
119.059 114.976
119.355 115.066
119.652 115.105
119.95 115.144
120.248 115.204
120.547 115.229
120.847 115.259
121.148 115.284
121.449 115.294
121.751 115.311
122.054 115.32
122.357 115.325
122.662 115.329
122.967 115.329
123.273 115.325
123.579 115.32
123.887 115.312
124.195 115.29
124.504 115.274
124.813 115.255
125.124 115.227
125.435 115.208
125.747 115.153
126.06 115.118
126.373 115.09
126.688 115.047
127.003 115.014
127.319 114.971
127.635 114.933
127.953 114.918
128.271 114.875
128.59 114.833
128.91 114.811
129.231 114.798
129.552 114.761
129.874 114.753
130.197 114.722
130.521 114.715
130.846 114.715
131.171 114.715
131.498 114.715
131.825 114.753
132.152 114.792
132.481 114.83
132.811 114.879
133.141 114.948
133.472 114.982
133.804 115.026
134.137 115.07
134.471 115.107
134.805 115.181
135.14 115.224
135.476 115.272
135.813 115.306
136.151 115.347
136.49 115.387
136.829 115.422
137.17 115.434
137.511 115.469
137.853 115.475
138.196 115.481
138.54 115.488
138.884 115.49
139.23 115.491
139.576 115.491
139.923 115.489
140.271 115.482
140.62 115.455
140.97 115.451
141.32 115.434
141.672 115.404
142.024 115.37
142.377 115.321
142.732 115.281
143.087 115.216
143.443 115.156
143.799 115.112
144.157 115.043
144.516 114.931
144.875 114.822
145.235 114.738
145.597 114.583
145.959 114.428
146.322 114.273
146.686 114.118
147.05 113.963
147.416 113.808
147.783 113.653
148.15 113.498
148.519 113.343
148.888 113.188
149.259 113.033
149.63 112.878
150.002 112.724
150.375 112.569
150.749 112.414
151.124 112.259
151.5 112.18
151.877 112.174
152.255 112.077
152.633 112.046
153.013 111.982
153.394 111.933
153.775 111.924
154.158 111.898
154.541 111.879
154.925 111.857
155.311 111.838
155.697 111.814
156.084 111.784
156.473 111.774
156.862 111.745
157.252 111.713
157.643 111.701
158.035 111.679
158.428 111.665
158.822 111.639
159.217 111.606
159.613 111.582
160.01 111.561
160.408 111.546
160.807 111.529
161.207 111.518
161.608 111.5
162.01 111.479
162.413 111.461
162.817 111.443
163.222 111.449
163.628 111.4
164.035 111.389
164.443 111.369
164.852 111.354
165.262 111.337
165.673 111.321
166.085 111.312
166.498 111.296
166.912 111.287
167.328 111.276
167.744 111.265
168.161 111.248
168.579 111.231
168.999 111.226
169.419 111.214
169.84 111.205
170.263 111.197
170.686 111.184
171.111 111.176
171.536 111.165
171.963 111.157
172.391 111.153
172.819 111.152
173.249 111.149
173.68 111.145
174.112 111.141
174.545 111.141
174.979 111.143
175.415 111.146
175.851 111.148
176.288 111.151
176.727 111.153
177.166 111.154
177.607 111.155
178.049 111.157
178.492 111.163
178.936 111.172
179.381 111.18
179.827 111.194
180.274 111.204
180.723 111.214
181.172 111.229
181.623 111.247
182.074 111.269
182.527 111.279
182.981 111.286
183.436 111.3
183.893 111.319
184.35 111.329
184.809 111.339
185.268 111.349
185.729 111.36
186.191 111.368
186.654 111.374
187.118 111.382
187.584 111.387
188.05 111.39
188.518 111.392
188.987 111.395
189.457 111.399
189.928 111.4
190.401 111.401
190.874 111.401
191.349 111.399
191.825 111.396
192.302 111.395
192.78 111.393
193.26 111.385
193.741 111.375
194.222 111.368
194.706 111.361
195.19 111.352
195.675 111.339
196.162 111.326
196.65 111.315
197.139 111.294
197.629 111.288
198.121 111.271
198.614 111.24
199.108 111.218
199.603 111.2
200.099 111.179
200.597 111.159
201.096 111.139
201.596 111.125
202.098 111.106
202.6 111.093
203.104 111.073
203.609 111.056
204.116 111.047
204.624 111.042
205.132 111.036
205.643 111.022
206.154 111.013
206.667 111.003
207.181 110.993
207.696 110.988
208.213 110.986
208.731 110.985
209.25 110.985
209.77 110.985
210.292 110.988
210.815 110.989
211.34 110.99
211.865 110.988
212.392 110.989
212.92 110.993
213.45 110.999
213.981 111.003
214.513 111.009
215.047 111.011
215.582 111.016
216.118 111.023
216.655 111.026
217.194 111.037
217.734 111.041
218.276 111.05
218.819 111.065
219.363 111.089
219.909 111.111
220.456 111.134
221.004 111.16
221.554 111.186
222.105 111.223
222.657 111.257
223.211 111.284
223.766 111.289
224.323 111.311
224.881 111.331
225.44 111.37
226.001 111.391
226.563 111.433
227.127 111.715
227.691 111.753
228.258 111.795
228.826 111.809
229.395 111.83
229.965 111.878
230.537 111.885
231.111 111.953
231.685 111.98
232.262 112.019
232.839 112.071
233.419 112.101
233.999 112.153
234.581 112.216
235.165 112.26
235.75 112.36
236.336 112.358
236.924 112.416
237.513 112.488
238.104 112.504
238.696 112.533
239.29 112.587
239.885 112.605
240.482 112.665
241.08 112.709
241.679 112.736
242.28 112.743
242.883 112.766
243.487 112.781
244.093 112.794
244.7 112.8
245.309 112.801
245.919 112.797
246.53 112.792
247.144 112.78
247.758 112.771
248.375 112.761
248.992 112.749
249.612 112.73
250.232 112.714
250.855 112.706
251.479 112.689
252.104 112.662
252.731 112.651
253.36 112.631
253.99 112.599
254.622 112.585
255.255 112.577
255.89 112.558
256.527 112.543
257.165 112.521
257.804 112.507
258.445 112.501
259.088 112.495
259.733 112.49
260.379 112.475
261.026 112.468
261.676 112.462
262.326 112.43
262.979 112.41
263.633 112.403
264.289 112.395
264.946 112.394
265.605 112.393
266.266 112.391
266.928 112.389
267.592 112.384
268.257 112.377
268.925 112.362
269.594 112.336
270.264 112.313
270.936 112.279
271.61 112.229
272.286 112.173
272.963 112.077
273.642 112.071
274.323 112.021
275.005 111.93
275.689 111.918
276.375 111.871
277.062 111.823
277.751 111.788
278.442 111.754
279.135 111.724
279.829 111.709
280.525 111.694
281.223 111.689
281.922 111.686
282.623 111.681
283.326 111.679
284.031 111.69
284.737 111.701
285.446 111.716
286.156 111.738
286.867 111.765
287.581 111.78
288.296 111.815
289.013 111.834
289.732 111.838
290.453 111.832
291.175 111.822
291.899 111.81
292.625 111.786
293.353 111.776
294.083 111.751
294.814 111.716
295.548 111.67
296.283 111.6
297.02 111.526
297.759 111.452
298.499 111.339
299.242 111.262
299.986 111.274
300.732 111.173
301.48 111.091
302.23 111.035
302.982 110.996
303.735 110.963
304.491 110.937
305.248 110.924
306.007 110.926
306.768 110.94
307.531 110.955
308.296 110.98
309.063 110.988
309.832 111.013
310.602 111.032
311.375 111.042
312.149 111.066
312.926 111.093
313.704 111.123
314.484 111.155
315.267 111.185
316.051 111.225
316.837 111.265
317.625 111.289
318.415 111.329
319.207 111.368
320.001 111.406
320.797 111.448
321.595 111.476
322.395 111.504
323.197 111.524
324 111.534
324.806 111.548
325.614 111.567
326.424 111.596
327.236 111.638
328.05 111.672
328.866 111.716
329.684 111.757
330.504 111.787
331.326 111.839
332.15 111.873
332.976 111.932
333.804 111.981
334.635 112.03
335.467 112.076
336.301 112.141
337.138 112.207
337.976 112.234
338.817 112.273
339.66 112.289
340.505 112.303
341.351 112.318
342.2 112.332
343.052 112.335
343.905 112.336
344.76 112.334
345.618 112.331
346.477 112.328
347.339 112.33
348.203 112.333
349.069 112.335
349.937 112.342
350.808 112.355
351.68 112.362
352.555 112.374
353.432 112.378
354.311 112.38
355.192 112.38
356.076 112.379
356.961 112.367
357.849 112.358
358.739 112.348
359.632 112.342
360.526 112.339
361.423 112.337
362.322 112.334
363.223 112.335
364.126 112.336
365.032 112.338
365.94 112.339
366.85 112.336
367.763 112.328
368.677 112.315
369.594 112.288
370.514 112.274
371.435 112.258
372.359 112.245
373.285 112.236
374.214 112.228
375.145 112.227
376.078 112.237
377.013 112.26
377.951 112.296
378.891 112.324
379.833 112.357
380.778 112.392
381.725 112.443
382.675 112.472
383.626 112.518
384.581 112.524
385.537 112.574
386.496 112.595
387.457 112.627
388.421 112.646
389.387 112.664
390.356 112.689
391.327 112.703
392.3 112.732
393.276 112.763
394.254 112.782
395.234 112.824
396.217 112.854
397.203 112.881
398.191 112.9
399.181 112.922
400.174 112.952
401.17 112.967
402.167 112.998
403.168 113.019
404.17 113.028
405.176 113.053
406.184 113.074
407.194 113.093
408.207 113.115
409.222 113.136
410.24 113.138
411.26 113.146
412.283 113.171
413.309 113.195
414.337 113.219
415.367 113.229
416.4 113.228
417.436 113.226
418.474 113.221
419.515 113.224
420.558 113.225
421.605 113.219
422.653 113.197
423.704 113.178
424.758 113.166
425.815 113.15
426.874 113.139
427.936 113.121
429 113.102
430.067 113.078
431.137 113.033
432.209 112.994
433.284 112.96
434.362 112.886
435.442 112.841
436.525 112.802
437.611 112.752
438.699 112.704
439.791 112.66
440.885 112.595
441.981 112.558
443.08 112.522
444.183 112.488
445.287 112.445
446.395 112.392
447.505 112.354
448.618 112.321
449.734 112.272
450.853 112.233
451.974 112.166
453.098 112.116
454.225 112.038
455.355 111.988
456.488 111.945
457.623 111.868
458.761 111.858
459.902 111.83
461.046 111.836
462.193 111.845
463.343 111.833
464.495 111.846
465.65 111.859
466.808 111.876
467.97 111.904
469.134 111.935
470.3 111.953
471.47 111.984
472.643 112.03
473.818 112.062
474.997 112.096
476.178 112.128
477.363 112.212
478.55 112.27
479.74 112.36
480.934 112.46
482.13 112.531
483.329 112.66
484.531 112.748
485.736 112.706
486.944 112.893
488.156 113.044
489.37 113.077
490.587 113.146
491.807 113.344
493.03 113.338
494.257 113.405
495.486 113.462
496.719 113.594
497.954 113.603
499.193 113.627
500.434 113.781
501.679 113.819
502.927 113.857
504.178 113.93
505.432 114.068
506.689 114.041
507.949 114.124
509.212 114.195
510.479 114.224
511.749 114.261
513.022 114.286
514.298 114.3
515.577 114.3
516.859 114.295
518.145 114.285
519.433 114.278
520.725 114.267
522.021 114.252
523.319 114.23
524.621 114.208
525.926 114.174
527.234 114.136
528.545 114.089
529.86 114.043
531.178 113.989
532.499 113.839
533.823 113.877
535.151 113.776
536.482 113.654
537.816 113.624
539.154 113.538
540.495 113.43
541.839 113.306
543.187 113.319
544.538 113.217
545.893 113.138
547.25 113.038
548.612 112.925
549.976 112.877
551.344 112.757
552.715 112.704
554.09 112.607
555.468 112.523
556.85 112.428
558.235 112.334
559.623 112.262
561.015 112.175
562.411 112.077
563.81 111.988
565.212 111.909
566.618 111.832
568.027 111.793
569.44 111.721
570.856 111.677
572.276 111.634
573.7 111.591
575.127 111.569
576.557 111.581
577.991 111.595
579.429 111.643
580.87 111.672
582.315 111.735
583.763 111.778
585.215 111.84
586.671 111.919
588.13 111.994
589.593 112.08
591.059 112.159
592.529 112.262
594.003 112.349
595.48 112.449
596.962 112.441
598.446 112.623
599.935 112.756
601.427 112.706
602.923 112.849
604.423 113
605.926 113.108
607.433 113.191
608.944 113.266
610.459 113.315
611.977 113.388
613.499 113.464
615.025 113.513
616.555 113.519
618.088 113.606
619.626 113.665
621.167 113.803
622.712 113.75
624.261 113.818
625.813 113.845
627.37 113.866
628.93 113.885
630.495 113.889
632.063 113.883
633.635 113.871
635.211 113.852
636.791 113.833
638.375 113.819
639.963 113.783
641.554 113.753
643.15 113.692
644.75 113.659
646.353 113.603
647.961 113.502
649.573 113.479
651.188 113.385
652.808 113.287
654.432 113.138
656.06 113.134
657.691 113.041
659.327 112.95
660.967 112.864
662.611 112.797
664.259 112.686
665.911 112.621
667.568 112.478
669.228 112.44
670.893 112.344
672.561 112.197
674.234 112.141
675.911 112.029
677.592 111.951
679.278 111.858
680.967 111.778
682.661 111.679
684.359 111.614
686.061 111.536
687.768 111.496
689.478 111.454
691.193 111.386
692.912 111.352
694.636 111.32
696.364 111.323
698.096 111.309
699.832 111.318
701.573 111.33
703.318 111.361
705.067 111.398
706.821 111.42
708.579 111.464
710.341 111.528
712.108 111.573
713.879 111.658
715.655 111.674
717.435 111.725
719.219 111.769
721.008 111.799
722.801 111.848
724.599 111.879
726.401 111.9
728.208 111.923
730.019 111.935
731.835 111.944
733.656 111.932
735.48 111.919
737.31 111.897
739.144 111.87
740.982 111.813
742.825 111.765
744.673 111.69
746.525 111.634
748.382 111.551
750.243 111.365
752.109 111.374
753.98 111.229
755.855 111.11
757.735 111.134
759.62 110.975
761.509 110.81
763.403 110.791
765.302 110.713
767.206 110.658
769.114 110.544
771.027 110.487
772.945 110.421
774.867 110.381
776.794 110.367
778.726 110.381
780.663 110.41
782.605 110.412
784.552 110.456
786.503 110.538
788.459 110.609
790.42 110.65
792.386 110.735
794.357 110.818
796.333 110.903
798.314 110.998
800.299 111.1
802.29 111.178
804.285 111.258
806.286 111.315
808.291 111.394
810.302 111.418
812.317 111.511
814.338 111.625
816.363 111.702
818.394 111.738
820.429 111.791
822.47 111.849
824.516 111.865
826.566 111.875
828.622 111.862
830.683 111.841
832.749 111.794
834.821 111.769
836.897 111.723
838.979 111.659
841.065 111.663
843.157 111.559
845.254 111.454
847.357 111.325
849.464 111.375
851.577 111.2
853.695 111.07
855.819 111.129
857.947 111.008
860.081 110.932
862.221 110.89
864.365 110.782
866.515 110.655
868.67 110.534
870.831 110.571
872.997 110.516
875.168 110.483
877.345 110.424
879.527 110.396
881.715 110.381
883.908 110.368
886.107 110.377
888.31 110.393
890.52 110.421
892.735 110.494
894.955 110.534
897.181 110.606
899.413 110.705
901.65 110.768
903.893 110.903
906.141 111.027
908.395 111.081
910.654 111.169
912.919 111.363
915.19 111.382
917.466 111.487
919.748 111.559
922.036 111.782
924.329 111.809
926.628 111.861
928.933 111.999
931.243 112.061
933.56 112.142
935.882 112.238
938.209 112.297
940.543 112.311
942.882 112.359
945.228 112.373
947.579 112.386
949.936 112.37
952.298 112.353
954.667 112.312
957.041 112.279
959.422 112.233
961.808 112.153
964.2 112.068
966.599 111.953
969.003 111.894
971.413 111.824
973.829 111.782
976.251 111.712
978.68 111.619
981.114 111.556
983.554 111.477
986 111.394
988.453 111.358
990.911 111.298
993.376 111.251
995.847 111.21
998.324 111.178
1000.81 111.157
1003.3 111.148
1005.79 111.147
1008.29 111.161
1010.8 111.178
1013.32 111.222
1015.84 111.251
1018.36 111.278
1020.9 111.444
1023.43 111.401
1025.98 111.473
1028.53 111.531
1031.09 111.556
1033.65 111.591
1036.23 111.672
1038.8 111.707
1041.39 111.723
1043.98 111.78
1046.57 111.821
1049.18 111.829
1051.79 111.861
1054.4 111.874
1057.03 111.881
1059.65 111.883
1062.29 111.877
1064.93 111.866
1067.58 111.827
1070.24 111.789
1072.9 111.725
1075.57 111.693
1078.24 111.62
1080.92 111.564
1083.61 111.432
1086.31 111.449
1089.01 111.31
1091.72 111.21
1094.43 111.062
1097.16 111.083
1099.88 110.997
1102.62 110.93
1105.36 110.914
1108.11 110.871
1110.87 110.816
1113.63 110.785
1116.4 110.752
1119.18 110.721
1121.96 110.696
1124.75 110.676
1127.55 110.653
1130.35 110.647
1133.17 110.64
1135.98 110.644
1138.81 110.65
1141.64 110.656
1144.48 110.671
1147.33 110.691
1150.18 110.71
1153.04 110.714
1155.91 110.701
1158.79 110.68
1161.67 110.639
1164.56 110.573
1167.45 110.526
1170.36 110.42
1173.27 110.334
1176.19 110.226
1179.11 110.189
1182.05 110.201
1184.99 110.055
1187.93 109.909
1190.89 109.733
1193.85 109.56
1196.82 109.66
1199.8 109.434
1202.78 109.35
1205.77 109.347
1208.77 109.253
1211.78 109.156
1214.79 109.092
1217.81 109.01
1220.84 108.923
1223.88 108.892
1226.92 108.871
1229.97 108.867
1233.03 108.873
1236.1 108.895
1239.18 108.918
1242.26 108.933
1245.35 108.961
1248.44 108.966
1251.55 108.982
1254.66 108.998
1257.78 108.997
1260.91 108.996
1264.05 108.988
1267.19 108.979
1270.34 108.975
1273.5 108.973
1276.67 108.969
1279.85 108.94
1283.03 108.934
1286.22 108.923
1289.42 108.908
1292.63 108.887
1295.84 108.86
1299.07 108.822
1302.3 108.81
1305.54 108.658
1308.78 108.505
1312.04 108.505
1315.3 108.535
1318.57 108.568
1321.85 108.571
1325.14 108.615
1328.44 108.65
1331.74 108.687
1335.05 108.696
1338.37 108.734
1341.7 108.963
1345.04 109.191
1348.39 109.24
1351.74 109.295
1355.1 109.318
1358.47 109.372
1361.85 109.416
1365.24 109.454
1368.63 109.466
1372.04 109.506
1375.45 109.531
1378.87 109.556
1382.3 109.578
1385.74 109.593
1389.19 109.595
1392.64 109.597
1396.11 109.594
1399.58 109.599
1403.06 109.606
1406.55 109.615
1410.05 109.65
1413.55 109.671
1417.07 109.689
1420.59 109.723
1424.13 109.736
1427.67 109.772
1431.22 109.792
1434.78 109.816
1438.35 109.861
1441.93 109.876
1445.51 109.888
1449.11 109.914
1452.71 109.928
1456.33 109.94
1459.95 109.944
1463.58 109.938
1467.22 109.907
1470.87 109.883
1474.53 109.85
1478.2 109.78
1481.87 109.781
1485.56 109.726
1489.25 109.65
1492.96 109.596
1496.67 109.514
1500.39 109.434
1504.13 109.369
1507.87 109.284
1511.62 109.193
1515.38 109.123
1519.15 109.051
1522.92 109.007
1526.71 108.955
1530.51 108.952
1534.32 108.95
1538.13 108.949
1541.96 108.95
1545.79 108.954
1549.64 108.957
1553.49 108.962
1557.36 108.991
1561.23 108.973
1565.11 108.984
1569.01 108.996
1572.91 109.004
1576.82 109
1580.74 108.986
1584.68 108.97
1588.62 108.955
1592.57 108.929
1596.53 108.905
1600.5 108.893
1604.48 108.843
1608.47 108.792
1612.47 108.73
1616.48 108.671
1620.5 108.605
1624.53 108.54
1628.58 108.497
1632.63 108.442
1636.69 108.386
1640.76 108.379
1644.84 108.345
1648.93 108.335
1653.03 108.328
1657.14 108.301
1661.26 108.299
1665.4 108.298
1669.54 108.322
1673.69 108.324
1677.85 108.327
1682.03 108.328
1686.21 108.325
1690.41 108.32
1694.61 108.313
1698.82 108.312
1703.05 108.312
1707.29 108.29
1711.53 108.291
1715.79 108.266
1720.06 108.234
1724.34 108.228
1728.62 108.192
1732.92 108.155
1737.23 108.143
1741.56 108.099
1745.89 108.055
1750.23 108.023
1754.58 107.997
1758.95 107.989
1763.32 107.955
1767.71 107.922
1772.1 107.888
1776.51 107.849
1780.93 107.814
1785.36 107.756
1789.8 107.766
1794.25 107.771
1798.72 107.779
1803.19 107.784
1807.67 107.782
1812.17 107.775
1816.68 107.765
1821.2 107.758
1825.73 107.752
1830.27 107.749
1834.82 107.746
1839.38 107.751
1843.96 107.751
1848.54 107.746
1853.14 107.74
1857.75 107.729
1862.37 107.71
1867 107.7
1871.65 107.689
1876.3 107.683
1880.97 107.675
1885.65 107.666
1890.34 107.653
1895.04 107.641
1899.75 107.627
1904.48 107.611
1909.22 107.601
1913.97 107.596
1918.73 107.606
1923.5 107.623
1928.28 107.653
1933.08 107.691
1937.89 107.712
1942.71 107.739
1947.54 107.752
1952.38 107.777
1957.24 107.792
1962.11 107.817
1966.99 107.839
1971.88 107.865
1976.78 107.883
1981.7 107.897
1986.63 107.907
1991.57 107.916
1996.53 107.929
2001.49 107.941
2006.47 107.953
2011.46 107.968
2016.46 107.986
2021.48 108.005
2026.51 108.013
2031.55 108.016
2036.6 108.019
2041.67 108.013
2046.74 108.003
2051.83 107.991
2056.94 107.981
2062.05 107.969
2067.18 107.943
2072.32 107.929
2077.48 107.902
2082.65 107.886
2087.83 107.862
2093.02 107.832
2098.23 107.801
2103.44 107.781
2108.68 107.772
2113.92 107.756
2119.18 107.746
2124.45 107.741
2129.73 107.736
2135.03 107.727
2140.34 107.717
2145.66 107.708
2151 107.695
2156.35 107.668
2161.72 107.631
2167.09 107.603
2172.48 107.585
2177.89 107.549
2183.3 107.515
2188.73 107.459
2194.18 107.418
2199.63 107.389
2205.11 107.358
2210.59 107.336
2216.09 107.318
2221.6 107.276
2227.13 107.236
2232.67 107.216
2238.22 107.177
2243.79 107.137
2249.37 107.099
2254.96 107.078
2260.57 107.034
2266.19 106.983
2271.83 106.948
2277.48 106.909
2283.15 106.855
2288.82 106.815
2294.52 106.748
2300.22 106.703
2305.95 106.687
2311.68 106.647
2317.43 106.592
2323.19 106.579
2328.97 106.535
2334.77 106.524
2340.57 106.486
2346.39 106.486
2352.23 106.474
2358.08 106.461
2363.95 106.448
2369.83 106.448
2375.72 106.448
2381.63 106.421
2387.55 106.418
2393.49 106.386
2399.45 106.356
2405.41 106.351
2411.4 106.345
2417.39 106.334
2423.41 106.334
2429.43 106.336
2435.48 106.349
2441.53 106.384
2447.61 106.4
2453.7 106.445
2459.8 106.465
2465.92 106.51
2472.05 106.522
2478.2 106.529
2484.36 106.555
2490.54 106.562
2496.74 106.562
2502.95 106.566
2509.17 106.565
2515.41 106.564
2521.67 106.587
2527.94 106.589
2534.23 106.618
2540.53 106.651
2546.85 106.685
2553.19 106.696
2559.54 106.709
2565.9 106.746
2572.28 106.738
2578.68 106.765
2585.1 106.766
2591.53 106.747
2597.97 106.723
2604.43 106.689
2610.91 106.676
2617.41 106.625
2623.92 106.55
2630.44 106.506
2636.99 106.393
2643.54 106.355
2650.12 106.296
2656.71 105.947
2663.32 105.91
2669.94 105.877
2676.58 105.861
2683.24 105.811
2689.92 105.787
2696.61 105.737
2703.31 105.692
2710.04 105.65
2716.78 105.594
2723.53 105.561
2730.31 105.543
2737.1 105.464
2743.91 105.432
2750.73 105.384
2757.57 105.378
2764.43 105.378
2771.31 105.382
2778.2 105.419
2785.11 105.483
2792.04 105.521
2798.98 105.557
2805.95 105.581
2812.93 105.601
2819.92 105.612
2826.94 105.626
2833.97 105.647
2841.02 105.705
2848.08 105.733
2855.17 105.776
2862.27 105.796
2869.39 105.817
2876.52 105.884
2883.68 105.891
2890.85 105.877
2898.04 105.879
2905.25 105.879
2912.48 105.858
2919.72 105.853
2926.98 105.847
2934.26 105.835
2941.56 105.802
2948.88 105.796
2956.21 105.793
2963.56 105.793
2970.94 105.805
2978.32 105.819
2985.73 105.83
2993.16 105.839
3000.6 105.867
3008.07 105.896
3015.55 105.924
3023.05 105.953
3030.57 105.982
3038.11 106.01
3045.66 106.039
3053.24 106.067
3060.83 106.067
3068.45 106.067
3076.08 106.067
3083.73 106.105
3091.4 106.105
3099.09 106.113
3106.8 106.128
3114.52 106.145
3122.27 106.16
3130.04 106.165
3137.82 106.174
3145.63 106.182
3153.45 106.189
3161.29 106.19
3169.16 106.198
3177.04 106.208
3184.94 106.221
3192.86 106.226
3200.8 106.231
3208.77 106.233
3216.75 106.24
3224.75 106.249
3232.77 106.257
3240.81 106.262
3248.87 106.276
3256.95 106.291
3265.05 106.293
3273.17 106.293
3281.31 106.289
3289.48 106.272
3297.66 106.261
3305.86 106.254
3314.08 106.24
3322.33 106.221
3330.59 106.201
3338.87 106.193
3347.18 106.177
3355.5 106.174
3363.85 106.17
3372.22 106.167
3380.6 106.173
3389.01 106.179
3397.44 106.192
3405.89 106.206
3414.36 106.214
3422.86 106.215
3431.37 106.208
3439.9 106.197
3448.46 106.192
3457.04 106.19
3465.64 106.199
3474.26 106.224
3482.9 106.245
3491.56 106.267
3500.24 106.312
3508.95 106.338
3517.68 106.36
3526.43 106.37
3535.2 106.382
3543.99 106.39
3552.81 106.394
3561.64 106.383
3570.5 106.368
3579.38 106.34
3588.29 106.325
3597.21 106.299
3606.16 106.255
3615.13 106.238
3624.12 106.207
3633.13 106.181
3642.17 106.158
3651.23 106.139
3660.31 106.092
3669.41 106.026
3678.54 106.001
3687.69 105.97
3696.86 105.926
3706.06 105.917
3715.28 105.871
3724.52 105.833
3733.78 105.792
3743.07 105.744
3752.38 105.726
3761.71 105.698
3771.07 105.658
3780.45 105.648
3789.85 105.58
3799.28 105.511
3808.73 105.442
3818.2 105.374
3827.7 105.305
3837.22 105.293
3846.76 105.28
3856.33 105.267
3865.92 105.267
3875.54 105.229
3885.18 105.229
3894.84 105.229
3904.53 105.225
3914.24 105.22
3923.97 105.191
3933.73 105.191
3943.52 105.184
3953.33 105.153
3963.16 105.148
3973.02 105.139
3982.9 105.125
3992.81 105.115
4002.74 105.069
4012.69 105.054
4022.67 105.046
4032.68 105.014
4042.71 105.008
4052.76 105.026
4062.84 105.036
4072.95 105.008
4083.08 104.994
4093.24 104.983
4103.42 104.962
4113.62 104.954
4123.85 104.93
4134.11 104.917
4144.39 104.923
4154.7 104.943
4165.04 104.965
4175.4 104.986
4185.78 105.002
4196.19 105.016
4206.63 105.048
4217.09 105.063
4227.58 105.108
4238.1 105.134
4248.64 105.171
4259.21 105.213
4269.8 105.241
4280.42 105.336
4291.07 105.368
4301.74 105.391
4312.44 105.445
4323.17 105.517
4333.92 105.522
4344.7 105.573
4355.5 105.614
4366.34 105.658
4377.2 105.704
4388.08 105.771
4399 105.778
4409.94 105.81
4420.91 105.85
4431.91 105.888
4442.93 105.919
4453.98 105.938
4465.06 105.98
4476.16 106.013
4487.3 106.042
4498.46 106.069
4509.65 106.091
4520.86 106.057
4532.11 106.051
4543.38 106.034
4554.68 106.027
4566.01 106.017
4577.37 106.01
4588.75 106.011
4600.17 106
4611.61 105.986
4623.08 105.963
4634.58 105.924
4646.1 105.9
4657.66 105.86
4669.24 105.821
4680.86 105.78
4692.5 105.765
4704.17 105.737
4715.87 105.669
4727.6 105.666
4739.36 105.61
4751.15 105.593
4762.97 105.57
4774.81 105.553
4786.69 105.54
4798.6 105.526
4810.53 105.519
4822.5 105.503
4834.49 105.478
4846.52 105.459
4858.57 105.442
4870.65 105.425
4882.77 105.411
4894.91 105.405
4907.09 105.396
4919.29 105.386
4931.53 105.379
4943.8 105.351
4956.09 105.335
4968.42 105.292
4980.78 105.255
4993.17 105.226
5005.59 105.223
5018.04 105.192
5030.52 105.17
5043.03 105.147
5055.57 105.117
5068.15 105.059
5080.75 105.014
5093.39 104.982
5106.06 104.954
5118.76 104.901
5131.49 104.842
5144.25 104.821
5157.05 104.79
5169.88 104.745
5182.73 104.724
5195.63 104.703
5208.55 104.675
5221.5 104.643
5234.49 104.624
5247.51 104.61
5260.56 104.59
5273.65 104.583
5286.76 104.58
5299.91 104.577
5313.1 104.562
5326.31 104.543
5339.56 104.525
5352.84 104.518
5366.15 104.505
5379.5 104.486
5392.88 104.472
5406.29 104.458
5419.74 104.434
5433.22 104.414
5446.74 104.391
5460.28 104.367
5473.86 104.34
5487.48 104.26
5501.13 104.237
5514.81 104.215
5528.53 104.198
5542.28 104.17
5556.06 104.158
5569.88 104.141
5583.74 104.092
5597.62 104.054
5611.55 104.04
5625.5 104.013
5639.5 103.983
5653.52 103.963
5667.59 103.95
5681.68 103.915
5695.81 103.879
5709.98 103.849
5724.18 103.815
5738.42 103.793
5752.69 103.785
5767 103.785
5781.35 103.783
5795.73 103.765
5810.14 103.739
5824.59 103.681
5839.08 103.671
5853.6 103.622
5868.16 103.593
5882.76 103.582
5897.39 103.564
5912.06 103.553
5926.76 103.491
5941.51 103.5
5956.28 103.439
5971.1 103.407
5985.95 103.399
6000.84 103.403
6015.77 103.401
6030.73 103.392
6045.73 103.376
6060.77 103.391
6075.84 103.396
6090.95 103.406
6106.1 103.399
6121.29 103.397
6136.51 103.409
6151.78 103.425
6167.08 103.453
6182.42 103.518
6197.8 103.556
6213.21 103.594
6228.67 103.655
6244.16 103.753
6259.69 103.869
6275.26 103.82
6290.87 103.99
6306.51 104.04
6322.2 104.112
6337.92 104.223
6353.69 104.366
6369.49 104.471
6385.33 104.551
6401.22 104.62
6417.14 104.686
6433.1 104.813
6449.1 104.937
6465.14 105.244
6481.22 105.134
6497.34 105.305
6513.5 105.422
6529.7 105.511
6545.94 105.588
6562.23 105.75
6578.55 105.776
6594.91 105.862
6611.31 105.962
6627.76 106.068
6644.24 106.154
6660.77 106.174
6677.34 106.21
6693.94 106.257
6710.59 106.315
6727.28 106.351
6744.02 106.357
6760.79 106.364
6777.61 106.364
6794.46 106.334
6811.36 106.317
6828.31 106.26
6845.29 106.221
6862.32 106.183
6879.38 106.138
6896.5 106.072
6913.65 106.023
6930.84 106.105
6948.08 105.888
6965.37 105.791
6982.69 105.686
7000.06 105.606
7017.47 105.599
7034.92 105.515
7052.42 105.391
7069.96 105.432
7087.55 105.308
7105.18 105.209
7122.85 105.185
7140.56 105.071
7158.33 105.01
7176.13 104.974
7193.98 104.915
7211.87 104.848
7229.81 104.82
7247.79 104.784
7265.82 104.756
7283.89 104.717
7302.01 104.683
7320.17 104.662
7338.38 104.634
7356.63 104.626
7374.93 104.618
7393.27 104.606
7411.66 104.591
7430.1 104.582
7448.58 104.583
7467.1 104.588
7485.68 104.592
7504.29 104.581
7522.96 104.58
7541.67 104.586
7560.43 104.597
7579.23 104.59
7598.09 104.585
7616.98 104.581
7635.93 104.581
7654.92 104.58
7673.96 104.575
7693.05 104.553
7712.18 104.538
7731.37 104.519
7750.6 104.493
7769.87 104.466
7789.2 104.443
7808.57 104.427
7828 104.418
7847.47 104.409
7866.98 104.401
7886.55 104.397
7906.17 104.391
7925.83 104.387
7945.55 104.387
7965.31 104.392
7985.12 104.411
8004.98 104.426
8024.89 104.433
8044.85 104.432
8064.86 104.443
8084.92 104.476
8105.03 104.501
8125.19 104.504
8145.4 104.508
8165.66 104.519
8185.97 104.538
8206.33 104.547
8226.74 104.555
8247.2 104.578
8267.72 104.579
8288.28 104.598
8308.9 104.604
8329.56 104.615
8350.28 104.619
8371.05 104.632
8391.87 104.654
8412.74 104.663
8433.67 104.658
8454.64 104.638
8475.67 104.634
8496.76 104.63
8517.89 104.619
8539.08 104.613
8560.31 104.599
8581.61 104.59
8602.95 104.583
8624.35 104.567
8645.8 104.557
8667.3 104.556
8688.86 104.556
8710.47 104.556
8732.14 104.556
8753.86 104.556
8775.63 104.557
8797.46 104.557
8819.34 104.557
8841.28 104.557
8863.27 104.557
8885.31 104.558
8907.41 104.566
8929.57 104.58
8951.78 104.582
8974.04 104.585
8996.36 104.608
9018.74 104.626
9041.17 104.647
9063.66 104.678
9086.2 104.712
9108.8 104.739
9131.46 104.764
9154.17 104.81
9176.94 104.846
9199.77 104.906
9222.65 104.932
9245.59 104.98
9268.58 105.012
9291.64 105.077
9314.75 105.126
9337.92 105.185
9361.14 105.245
9384.43 105.26
9407.77 105.334
9431.17 105.372
9454.62 105.383
9478.14 105.391
9501.72 105.396
9525.35 105.394
9549.04 105.4
9572.79 105.395
9596.6 105.386
9620.47 105.384
9644.4 105.383
9668.39 105.378
9692.44 105.373
9716.54 105.363
9740.71 105.36
9764.94 105.361
9789.23 105.353
9813.58 105.339
9837.98 105.327
9862.45 105.304
9886.98 105.283
9911.58 105.238
9936.23 105.222
9960.94 105.196
9985.72 105.168
10010.6 105.155
10035.5 105.155
10060.4 105.152
10085.4 105.156
10110.5 105.169
10135.7 105.185
10160.9 105.183
10186.2 105.185
10211.5 105.19
10236.9 105.19
10262.4 105.187
10287.9 105.181
10313.5 105.172
10339.1 105.16
10364.8 105.152
10390.6 105.135
10416.5 105.103
10442.4 105.064
10468.3 104.993
10494.4 105.001
10520.5 104.965
10546.6 104.929
10572.9 104.897
10599.2 104.847
10625.5 104.806
10652 104.787
10678.5 104.743
10705 104.721
10731.6 104.674
10758.3 104.643
10785.1 104.619
10811.9 104.591
10838.8 104.583
10865.8 104.563
10892.8 104.533
10919.9 104.527
10947.1 104.516
10974.3 104.503
11001.6 104.488
11028.9 104.493
11056.4 104.501
11083.9 104.503
11111.4 104.507
11139.1 104.515
11166.8 104.51
11194.6 104.504
11222.4 104.49
11250.3 104.474
11278.3 104.44
11306.4 104.424
11334.5 104.392
11362.7 104.367
11390.9 104.346
11419.3 104.313
11447.7 104.269
11476.1 104.253
11504.7 104.197
11533.3 104.215
11562 104.118
11590.7 104.04
11619.6 104.04
11648.5 103.957
11677.4 103.934
11706.5 103.84
11735.6 103.743
11764.8 103.526
11794.1 103.521
11823.4 103.477
11852.8 103.385
11882.3 103.22
11911.8 103.271
11941.5 103.151
11971.2 103.105
12000.9 102.97
12030.8 102.999
12060.7 102.939
12090.7 102.868
12120.8 102.788
12150.9 102.725
12181.2 102.562
12211.5 102.515
12241.8 102.469
12272.3 102.383
12302.8 102.304
12333.4 102.24
12364.1 102.151
12394.8 102.144
12425.7 102.109
12456.6 102.04
12487.5 101.98
12518.6 101.846
12549.7 101.88
12581 101.74
12612.3 101.637
12643.6 101.547
12675.1 101.534
12706.6 101.381
12738.2 101.343
12769.9 101.299
12801.6 101.143
12833.5 100.95
12865.4 100.894
12897.4 100.855
12929.5 100.813
12961.6 100.758
12993.9 100.66
13026.2 100.62
13058.6 100.585
13091.1 100.54
13123.6 100.518
13156.3 100.506
13189 100.488
13221.8 100.471
13254.7 100.473
13287.7 100.482
13320.7 100.505
13353.9 100.528
13387.1 100.561
13420.4 100.604
13453.7 100.629
13487.2 100.659
13520.8 100.727
13554.4 100.754
13588.1 100.791
13621.9 100.848
13655.8 100.924
13689.7 100.937
13723.8 100.964
13757.9 100.973
13792.1 101.046
13826.4 101.042
13860.8 101.036
13895.3 101.034
13929.9 101.015
13964.5 100.999
13999.3 100.988
14034.1 100.978
14069 100.965
14104 100.973
14139.1 100.984
14174.2 101.002
14209.5 101.011
14244.8 101.019
14280.3 101.036
14315.8 101.039
14351.4 101.039
14387.1 101.033
14422.9 101.031
14458.7 101.026
14494.7 101.017
14530.7 101.016
14566.9 101.016
14603.1 101.01
14639.4 100.999
14675.9 100.986
14712.4 100.98
14749 100.969
14785.6 100.923
14822.4 100.901
14859.3 100.885
14896.2 100.849
14933.3 100.822
14970.4 100.8
15007.7 100.756
15045 100.709
15082.4 100.659
15119.9 100.634
15157.5 100.612
15195.2 100.539
15233 100.511
15270.9 100.448
15308.9 100.417
15347 100.322
15385.2 100.271
15423.4 100.293
15461.8 100.22
15500.2 100.179
15538.8 100.143
15577.4 100.06
15616.2 100.016
15655 99.9608
15694 99.9418
15733 99.8765
15772.1 99.7241
15811.4 99.7101
15850.7 99.7288
15890.1 99.5057
15929.6 99.4002
15969.3 99.4574
16009 99.3059
16048.8 99.1488
16088.7 99.2021
16128.7 99.1564
16168.9 98.9697
16209.1 98.9621
16249.4 98.9002
16289.8 98.7943
16330.3 98.6764
16370.9 98.7145
16411.7 98.6679
16452.5 98.5206
16493.4 98.4637
16534.4 98.4224
16575.5 98.352
16616.8 98.197
16658.1 98.324
16699.5 98.1697
16741.1 98.0711
16782.7 98.0118
16824.5 97.9949
16866.3 97.7974
16908.3 97.6744
16950.3 97.6438
16992.5 97.5716
17034.7 97.4192
17077.1 97.343
17119.6 97.2795
17162.2 97.1449
17204.8 97.0534
17247.6 96.9934
17290.5 96.8287
17333.5 96.6287
17376.7 96.5334
17419.9 96.5429
17463.2 96.5048
17506.6 96.289
17550.2 96.2864
17593.8 96.1382
17637.6 95.9715
17681.5 95.8643
17725.4 95.8953
17769.5 95.6896
17813.7 95.5715
17858 95.6355
17902.5 95.4191
17947 95.4095
17991.6 95.3385
18036.4 95.3238
18081.2 95.0495
18126.2 94.972
18171.3 94.9156
18216.5 94.7143
18261.8 94.7905
18307.2 94.6266
18352.8 94.5407
18398.4 94.3932
18444.2 94.4333
18490 94.2381
18536 94.1164
18582.1 93.9671
18628.4 94.0133
18674.7 93.841
18721.1 93.7523
18767.7 93.5714
18814.4 93.6094
18861.2 93.538
18908.1 93.4282
18955.1 93.3936
19002.3 93.3151
19049.5 93.2267
19096.9 93.0761
19144.4 93.1904
19192 93.0999
19239.8 93.0034
19287.6 92.9783
19335.6 92.9672
19383.7 92.9528
19431.9 92.9703
19480.2 92.9538
19528.7 92.9277
19577.3 92.8642
19625.9 92.9064
19674.8 92.7609
19723.7 92.7756
19772.8 92.7983
19821.9 92.8241
19871.2 93.1523
19920.7 93.1211
19970.2 93.1713
20019.9 93.1904
20069.7 93.1523
20119.6 92.9618
