Freq[Hz]     dBSPL  Phase[Deg]
2.0507813e+01 6.2947189e+01 -7.1038212e+01 
2.1240234e+01 6.4013252e+01 -7.7793788e+01 
2.1972656e+01 6.5626496e+01 -8.1516797e+01 
2.2705078e+01 6.6959917e+01 -9.0736562e+01 
2.4169922e+01 6.9370686e+01 -1.0839483e+02 
2.4902344e+01 7.0520176e+01 -1.1799641e+02 
2.5634766e+01 7.1400438e+01 -1.2934546e+02 
2.7099609e+01 7.3557506e+01 -1.4843447e+02 
2.7832031e+01 7.4756397e+01 -1.5938679e+02 
2.9296875e+01 7.6926494e+01 1.7530748e+02 
3.0029297e+01 7.7745815e+01 1.6285849e+02 
3.1494141e+01 7.9084001e+01 1.3736079e+02 
3.2226563e+01 7.9512434e+01 1.2448689e+02 
3.3691406e+01 8.0098571e+01 1.0122270e+02 
3.5156250e+01 8.0521773e+01 7.9468802e+01 
3.6621094e+01 8.0734298e+01 5.9256516e+01 
3.8085938e+01 8.0834734e+01 4.0848801e+01 
3.9550781e+01 8.0906290e+01 2.4048253e+01 
4.1015625e+01 8.0980762e+01 7.9858800e+00 
4.2480469e+01 8.0836153e+01 -6.9108113e+00 
4.3945313e+01 8.0823186e+01 -2.1171813e+01 
4.6142578e+01 8.0718461e+01 -4.1216418e+01 
4.7607422e+01 8.0610640e+01 -5.3692492e+01 
4.9804688e+01 8.0330736e+01 -7.0993771e+01 
5.1269531e+01 8.0355562e+01 -8.1071385e+01 
5.3466797e+01 8.0343518e+01 -9.7680994e+01 
5.5664063e+01 8.0285664e+01 -1.1333255e+02 
5.7861328e+01 8.0081406e+01 -1.2879549e+02 
6.0058594e+01 7.9784976e+01 -1.4259364e+02 
6.2255859e+01 7.9701028e+01 -1.5603515e+02 
6.5185547e+01 7.9636476e+01 -1.7386120e+02 
6.7382813e+01 7.9549866e+01 1.7301700e+02 
7.0312500e+01 7.9444166e+01 1.5550541e+02 
7.3242188e+01 7.9270029e+01 1.3921182e+02 
7.5439453e+01 7.9249622e+01 1.2724749e+02 
7.9101563e+01 7.9133529e+01 1.0675025e+02 
8.2031250e+01 7.9161543e+01 8.9125081e+01 
8.4960938e+01 7.8984078e+01 7.2296253e+01 
8.8623047e+01 7.8795626e+01 5.2321173e+01 
9.1552734e+01 7.8505610e+01 3.6715794e+01 
9.5214844e+01 7.8224293e+01 1.8332510e+01 
9.8876953e+01 7.7920409e+01 8.6490405e-01 
1.0327148e+02 7.7860250e+01 -2.0397929e+01 
1.0693359e+02 7.7810234e+01 -3.9458317e+01 
1.1132813e+02 7.7326091e+01 -6.0511993e+01 
1.1572266e+02 7.7129740e+01 -7.9962491e+01 
1.2011719e+02 7.6865177e+01 -9.8545697e+01 
1.2524414e+02 7.7030833e+01 -1.2229735e+02 
1.2963867e+02 7.6877570e+01 -1.4268647e+02 
1.3476563e+02 7.7006092e+01 -1.6553377e+02 
1.4062500e+02 7.6753226e+01 1.6792435e+02 
1.4575195e+02 7.6632497e+01 1.4481316e+02 
1.5161133e+02 7.6639843e+01 1.1842410e+02 
1.5747070e+02 7.6342776e+01 9.1330102e+01 
1.6333008e+02 7.6082700e+01 6.5036710e+01 
1.6992188e+02 7.5514416e+01 3.9909839e+01 
1.7651367e+02 7.5752877e+01 1.1105705e+01 
1.8383789e+02 7.5633160e+01 -2.1043157e+01 
1.9116211e+02 7.5174130e+01 -5.4674227e+01 
1.9848633e+02 7.4589610e+01 -8.3554386e+01 
2.0654297e+02 7.4088791e+01 -1.1282585e+02 
2.1459961e+02 7.4206374e+01 -1.4447458e+02 
2.2265625e+02 7.4098510e+01 -1.7800661e+02 
2.3144531e+02 7.4047192e+01 1.4693375e+02 
2.4023438e+02 7.3217555e+01 1.1625017e+02 
2.4975586e+02 7.5098844e+01 8.3168288e+01 
2.6000977e+02 7.6392890e+01 3.3209052e+01 
2.7026367e+02 7.6489572e+01 -2.0562670e+01 
2.8051758e+02 7.5958868e+01 -6.6139621e+01 
2.9150391e+02 7.5925115e+01 -1.1670216e+02 
3.0322266e+02 7.4849372e+01 -1.7542466e+02 
3.1494141e+02 7.2800255e+01 1.3689279e+02 
3.2739258e+02 7.1914977e+01 9.5470974e+01 
3.3984375e+02 7.2699170e+01 4.7470928e+01 
3.5375977e+02 7.2950192e+01 -1.6537726e+01 
3.6767578e+02 7.2093689e+01 -7.3843902e+01 
3.8159180e+02 7.2563864e+01 -1.2898980e+02 
3.9697266e+02 7.3557715e+01 1.5645912e+02 
4.1235352e+02 7.1778035e+01 7.9124248e+01 
4.2846680e+02 7.1128160e+01 1.1031386e+01 
4.4531250e+02 7.0363209e+01 -6.0139803e+01 
4.6289063e+02 7.0236705e+01 -1.4192576e+02 
4.8120117e+02 7.0092209e+01 1.2742487e+02 
5.0024414e+02 6.8041808e+01 2.7399330e+01 
5.1928711e+02 6.5941346e+01 -5.6667353e+01 
5.3979492e+02 6.3751245e+01 -1.5569828e+02 
5.6103516e+02 6.3934444e+01 1.0925752e+02 
5.8300781e+02 6.4177677e+01 3.5671487e+00 
6.0644531e+02 6.2635926e+01 -1.0476479e+02 
6.2988281e+02 6.3806282e+01 1.3451312e+02 
6.5478516e+02 6.2482786e+01 1.4336874e+01 
6.8041992e+02 6.0606462e+01 -8.1903680e+01 
7.0678711e+02 6.1275163e+01 1.5361714e+02 
7.3461914e+02 6.1294201e+01 2.9741821e+01 
7.6391602e+02 6.1312628e+01 -8.7644200e+01 
7.9394531e+02 5.9471315e+01 1.2547877e+02 
8.2470703e+02 5.9513078e+01 1.1922432e+01 
8.5693359e+02 5.9996887e+01 -1.2019331e+02 
8.9062500e+02 6.0016433e+01 8.2141496e+01 
9.2578125e+02 5.8907027e+01 -6.7777740e+01 
9.6240234e+02 5.7422288e+01 1.4639949e+02 
9.9975586e+02 5.7587510e+01 -1.2765160e+01 
1.0393066e+03 5.8896357e+01 1.7871810e+02 
1.0803223e+03 5.5402212e+01 2.1943595e+01 
1.1228027e+03 5.8919947e+01 -1.7062762e+02 
1.1667480e+03 5.4604157e+01 -2.3505743e+01 
1.2121582e+03 5.5344576e+01 -1.6034973e+02 
1.2597656e+03 5.7788015e+01 -3.3056626e+01 
1.3095703e+03 5.6297469e+01 1.2145866e+02 
1.3608398e+03 5.1111563e+01 -9.9694882e+01 
1.4143066e+03 5.2355195e+01 4.3757254e+01 
1.4699707e+03 4.4445078e+01 1.6834847e+02 
1.5270996e+03 5.0420727e+01 -1.6131340e+01 
1.5871582e+03 5.2095371e+01 1.0618589e+02 
1.6494141e+03 5.2958944e+01 -1.5084179e+02 
1.7145996e+03 5.5535826e+01 -4.4839980e+01 
1.7819824e+03 5.1420423e+01 1.4700754e+01 
1.8515625e+03 5.2216881e+01 8.6015292e+01 
1.9248047e+03 4.1653695e+01 -1.4664727e+02 
2.0002441e+03 4.8228781e+01 -1.3258502e+02 
2.0786133e+03 4.9736247e+01 -9.2321737e+00 
2.1599121e+03 5.1273950e+01 -1.4057008e+01 
2.2448730e+03 4.8711386e+01 1.1022501e+01 
2.3327637e+03 4.2409160e+01 5.5734041e+01 
2.4243164e+03 5.2494227e+01 7.6802376e+01 
2.5195313e+03 5.0708270e+01 5.3521837e+01 
2.6184082e+03 5.1401634e+01 1.5573847e+01 
2.7216797e+03 5.0138643e+01 -3.6957292e+01 
2.8286133e+03 5.1075928e+01 -7.9176658e+01 
2.9392090e+03 4.8580429e+01 -1.5184453e+02 
3.0549316e+03 5.0591358e+01 1.2021547e+02 
3.1750488e+03 4.8295354e+01 3.9902672e+00 
3.2995605e+03 4.6532014e+01 -1.0992012e+02 
3.4291992e+03 4.3530275e+01 1.2781812e+02 
3.5632324e+03 4.7313778e+01 -3.0025788e+01 
3.7038574e+03 4.0660693e+01 1.5469744e+02 
3.8488770e+03 4.7230325e+01 -2.6283339e+01 
3.9997559e+03 4.4691878e+01 1.0626074e+02 
4.1572266e+03 4.4791356e+01 -1.3100955e+02 
4.3205566e+03 4.7283262e+01 -4.2833454e+01 
4.4897461e+03 4.3983505e+01 2.9655557e+01 
4.6662598e+03 4.3884063e+01 5.7961020e+01 
4.8493652e+03 4.3820894e+01 1.0166508e+02 
5.0397949e+03 4.2833242e+01 8.1980841e+01 
5.2375488e+03 3.8926581e+01 5.8380354e+01 
5.4433594e+03 3.9429244e+01 -8.4794772e+00 
5.6564941e+03 4.3231494e+01 -9.5669683e+01 
5.8791504e+03 4.1673163e+01 1.4605256e+02 
6.1098633e+03 4.1151845e+01 -1.6369645e+01 
6.3493652e+03 4.0183027e+01 1.4924344e+02 
6.5991211e+03 4.2050947e+01 -7.7951346e+01 
6.8576660e+03 4.1202326e+01 1.3340098e+01 
7.1271973e+03 4.0660709e+01 7.3417133e+01 
7.4069824e+03 4.2404932e+01 7.8045392e+01 
7.6977539e+03 4.4225156e+01 4.9783535e+01 
8.0002441e+03 4.4242154e+01 -3.5929298e+01 
8.3137207e+03 4.3962517e+01 -1.5775938e+02 
8.6403809e+03 4.1634499e+01 2.8270079e+01 
8.9794922e+03 4.1944865e+01 1.6947242e+02 
9.3325195e+03 4.0168722e+01 -9.6829398e+01 
9.6987305e+03 3.8973273e+01 -5.2071701e+01 
1.0079590e+04 4.0166231e+01 -6.8941441e+01 
1.0475098e+04 3.9841517e+01 -1.5069863e+02 
1.0885986e+04 3.9528764e+01 7.5408000e+01 
1.1313721e+04 3.6847644e+01 -1.3140636e+02 
1.1757568e+04 3.4875998e+01 -8.5118966e+00 
1.2219727e+04 3.8105994e+01 1.9041717e+01 
1.2699463e+04 3.8004888e+01 -3.2023440e+01 
1.3197510e+04 3.6361356e+01 -1.4645269e+02 
1.3716064e+04 3.7288973e+01 3.3195545e+01 
1.4254395e+04 3.6351063e+01 1.2878417e+02 
1.4813965e+04 3.5316781e+01 1.5058403e+02 
1.5395508e+04 3.5919309e+01 8.3188982e+01 
1.5999756e+04 3.4854027e+01 -7.7927858e+01 
1.6628174e+04 3.4008605e+01 5.7799039e+01 
1.7280762e+04 3.4038164e+01 7.4911796e+01 
1.7959717e+04 3.5271320e+01 2.6689826e+00 
1.8664307e+04 3.3225821e+01 -1.7940941e+02 
1.9397461e+04 3.0746203e+01 -9.0486366e+01 
1.9999512e+04 2.5805342e+01 1.4552937e+02 
