Freq[Hz]     dBSPL  Phase[Deg]
2.0507813e+01 5.9737809e+01 -9.3904668e+01 
2.1240234e+01 6.0917150e+01 -1.0206672e+02 
2.1972656e+01 6.2379969e+01 -1.0794219e+02 
2.2705078e+01 6.3608165e+01 -1.1789903e+02 
2.4169922e+01 6.5857035e+01 -1.3495482e+02 
2.4902344e+01 6.7244905e+01 -1.4529283e+02 
2.5634766e+01 6.8390594e+01 -1.5881822e+02 
2.7099609e+01 7.0125169e+01 1.7755272e+02 
2.7832031e+01 7.1153776e+01 1.6589460e+02 
2.9296875e+01 7.3251659e+01 1.4259558e+02 
3.0029297e+01 7.4220178e+01 1.2973821e+02 
3.1494141e+01 7.5706443e+01 1.0191350e+02 
3.2226563e+01 7.6139266e+01 8.8013670e+01 
3.3691406e+01 7.6701991e+01 6.3133747e+01 
3.5156250e+01 7.7138289e+01 3.9804490e+01 
3.6621094e+01 7.7406697e+01 1.7898220e+01 
3.8085938e+01 7.7492881e+01 -2.2924277e+00 
3.9550781e+01 7.7581308e+01 -2.0765495e+01 
4.1015625e+01 7.7655942e+01 -3.8368534e+01 
4.2480469e+01 7.7562583e+01 -5.5724192e+01 
4.3945313e+01 7.7480775e+01 -7.1666699e+01 
4.6142578e+01 7.7385856e+01 -9.3711366e+01 
4.7607422e+01 7.7346671e+01 -1.0730143e+02 
4.9804688e+01 7.7305295e+01 -1.2824807e+02 
5.1269531e+01 7.7163228e+01 -1.4114465e+02 
5.3466797e+01 7.6940493e+01 -1.5985523e+02 
5.5664063e+01 7.6794535e+01 -1.7601608e+02 
5.7861328e+01 7.6927090e+01 1.6656630e+02 
6.0058594e+01 7.6690408e+01 1.4971530e+02 
6.2255859e+01 7.6564134e+01 1.3327622e+02 
6.5185547e+01 7.6474875e+01 1.1235317e+02 
6.7382813e+01 7.6380705e+01 9.6562970e+01 
7.0312500e+01 7.6297729e+01 7.6223663e+01 
7.3242188e+01 7.6184197e+01 5.6228522e+01 
7.5439453e+01 7.6082223e+01 4.1777124e+01 
7.9101563e+01 7.6140096e+01 1.7307739e+01 
8.2031250e+01 7.6317838e+01 -4.4099815e-01 
8.4960938e+01 7.6237848e+01 -2.0504317e+01 
8.8623047e+01 7.5936190e+01 -4.4218897e+01 
9.1552734e+01 7.5800584e+01 -6.2042276e+01 
9.5214844e+01 7.5665607e+01 -8.4698951e+01 
9.8876953e+01 7.5484800e+01 -1.0641641e+02 
1.0327148e+02 7.5608201e+01 -1.3374783e+02 
1.0693359e+02 7.5312521e+01 -1.5688582e+02 
1.1132813e+02 7.5095293e+01 1.7864278e+02 
1.1572266e+02 7.5026360e+01 1.5493061e+02 
1.2011719e+02 7.5164032e+01 1.2976953e+02 
1.2524414e+02 7.5291742e+01 9.9922791e+01 
1.2963867e+02 7.5220564e+01 7.4615554e+01 
1.3476563e+02 7.5194803e+01 4.4190765e+01 
1.4062500e+02 7.5020323e+01 1.2210516e+01 
1.4575195e+02 7.4907306e+01 -1.6963337e+01 
1.5161133e+02 7.5170277e+01 -4.8196958e+01 
1.5747070e+02 7.5261962e+01 -8.2315079e+01 
1.6333008e+02 7.5464964e+01 -1.1670516e+02 
1.6992188e+02 7.5332395e+01 -1.5570068e+02 
1.7651367e+02 7.4994917e+01 1.6747925e+02 
1.8383789e+02 7.5064846e+01 1.2680004e+02 
1.9116211e+02 7.4853795e+01 8.4722567e+01 
1.9848633e+02 7.4370625e+01 4.6027947e+01 
2.0654297e+02 7.4885190e+01 2.8756930e+00 
2.1459961e+02 7.4866752e+01 -4.3492766e+01 
2.2265625e+02 7.4898679e+01 -8.6489299e+01 
2.3144531e+02 7.5321715e+01 -1.3817668e+02 
2.4023438e+02 7.4668929e+01 1.6702039e+02 
2.4975586e+02 7.4185365e+01 1.2026120e+02 
2.6000977e+02 7.3982354e+01 6.5139778e+01 
2.7026367e+02 7.4868892e+01 1.0493306e+01 
2.8051758e+02 7.4154572e+01 -5.0657122e+01 
2.9150391e+02 7.3650435e+01 -1.0920124e+02 
3.0322266e+02 7.4514017e+01 -1.6915128e+02 
3.1494141e+02 7.4914994e+01 1.1578568e+02 
3.2739258e+02 7.3609195e+01 4.0392023e+01 
3.3984375e+02 7.1520778e+01 -3.7564069e+01 
3.5375977e+02 7.0157503e+01 -1.0404501e+02 
3.6767578e+02 6.9256629e+01 1.6874304e+02 
3.8159180e+02 6.6775014e+01 7.5394717e+01 
3.9697266e+02 6.2640716e+01 -3.2767144e+01 
4.1235352e+02 5.6950538e+01 -1.1743516e+02 
4.2846680e+02 6.1402158e+01 1.3125605e+02 
4.4531250e+02 6.6047153e+01 2.6153486e+01 
4.6289063e+02 6.9812655e+01 -8.0090856e+01 
4.8120117e+02 7.1079909e+01 1.7652139e+02 
5.0024414e+02 7.1803499e+01 8.2930886e+01 
5.1928711e+02 7.3263175e+01 -1.0259732e+01 
5.3979492e+02 7.4657122e+01 -1.1633450e+02 
5.6103516e+02 7.4428747e+01 1.4128258e+02 
5.8300781e+02 7.4851428e+01 4.0044299e+01 
6.0644531e+02 7.4931495e+01 -7.0438022e+01 
6.2988281e+02 7.4478838e+01 -1.7861627e+02 
6.5478516e+02 7.3996471e+01 7.0738959e+01 
6.8041992e+02 7.3969238e+01 -4.0965673e+01 
7.0678711e+02 7.3219841e+01 -1.5456611e+02 
7.3461914e+02 7.3583313e+01 8.5558678e+01 
7.6391602e+02 7.2773973e+01 -4.0961120e+01 
7.9394531e+02 7.2804565e+01 -1.6580838e+02 
8.2470703e+02 7.2573260e+01 6.4742243e+01 
8.5693359e+02 7.2361070e+01 -6.9865846e+01 
8.9062500e+02 7.2191935e+01 1.4803730e+02 
9.2578125e+02 7.1930657e+01 2.3214979e+00 
9.6240234e+02 7.2041660e+01 -1.4983991e+02 
9.9975586e+02 7.1811686e+01 5.5047867e+01 
1.0393066e+03 7.0976293e+01 -1.0691069e+02 
1.0803223e+03 7.0983556e+01 8.6192652e+01 
1.1228027e+03 7.0658082e+01 -8.8752993e+01 
1.1667480e+03 7.0273417e+01 9.3684827e+01 
1.2121582e+03 7.0204015e+01 -9.1618256e+01 
1.2597656e+03 7.0698542e+01 7.9988110e+01 
1.3095703e+03 7.1324448e+01 -1.2499739e+02 
1.3608398e+03 7.1269402e+01 2.5597745e+01 
1.4143066e+03 7.1423699e+01 1.6370671e+02 
1.4699707e+03 7.0779660e+01 -5.9274637e+01 
1.5270996e+03 7.0642807e+01 6.5341689e+01 
1.5871582e+03 7.0490347e+01 -1.7294356e+02 
1.6494141e+03 7.0765486e+01 -6.8296114e+01 
1.7145996e+03 7.0497454e+01 2.9001944e+01 
1.7819824e+03 7.0474693e+01 1.1482658e+02 
1.8515625e+03 6.9856535e+01 -1.6237129e+02 
1.9248047e+03 7.0637947e+01 -9.6286197e+01 
2.0002441e+03 7.0439242e+01 -4.6614237e+01 
2.0786133e+03 6.9493634e+01 -2.0539156e+00 
2.1599121e+03 6.9667211e+01 3.8038715e+01 
2.2448730e+03 7.0285742e+01 5.1587482e+01 
2.3327637e+03 6.9669769e+01 5.5685429e+01 
2.4243164e+03 6.9491208e+01 5.1098031e+01 
2.5195313e+03 6.9734384e+01 2.5124459e+01 
2.6184082e+03 6.9197004e+01 -1.4284897e+01 
2.7216797e+03 6.8818344e+01 -6.7121926e+01 
2.8286133e+03 6.9092890e+01 -1.3580165e+02 
2.9392090e+03 6.8358055e+01 1.3604551e+02 
3.0549316e+03 6.8050777e+01 3.3949369e+01 
3.1750488e+03 6.7425363e+01 -8.5428380e+01 
3.2995605e+03 6.7824000e+01 1.3388587e+02 
3.4291992e+03 6.6796109e+01 -2.2833842e+01 
3.5632324e+03 6.7441245e+01 1.5962051e+02 
3.7038574e+03 6.6129439e+01 -4.6879089e+01 
3.8488770e+03 6.6786494e+01 9.9450378e+01 
3.9997559e+03 6.5611072e+01 -1.4950824e+02 
4.1572266e+03 6.5993649e+01 -5.2354444e+01 
4.3205566e+03 6.5046692e+01 9.7833922e+00 
4.4897461e+03 6.5620900e+01 5.9713526e+01 
4.6662598e+03 6.5287272e+01 7.2597542e+01 
4.8493652e+03 6.5396163e+01 6.1145314e+01 
5.0397949e+03 6.5558921e+01 2.0588408e+01 
5.2375488e+03 6.5420205e+01 -5.0093684e+01 
5.4433594e+03 6.5343805e+01 -1.5405588e+02 
5.6564941e+03 6.5577422e+01 7.3256360e+01 
5.8791504e+03 6.5655085e+01 -9.8755003e+01 
6.1098633e+03 6.5164374e+01 5.5457670e+01 
6.3493652e+03 6.4548014e+01 -1.7834628e+02 
6.5991211e+03 6.5270627e+01 -9.5057401e+01 
6.8576660e+03 6.5360364e+01 -5.1009583e+01 
7.1271973e+03 6.5217329e+01 -5.0896788e+01 
7.4069824e+03 6.5096041e+01 -9.1889766e+01 
7.6977539e+03 6.4984575e+01 -1.7688347e+02 
8.0002441e+03 6.4597491e+01 4.8734235e+01 
8.3137207e+03 6.3636686e+01 -1.2629974e+02 
8.6403809e+03 6.2236183e+01 7.1616085e+00 
8.9794922e+03 6.0458603e+01 9.9402595e+01 
9.3325195e+03 6.2155748e+01 1.4117232e+02 
9.6987305e+03 6.2234385e+01 1.0764894e+02 
1.0079590e+04 6.1566531e+01 3.3861617e+01 
1.0475098e+04 6.1812861e+01 -1.1217639e+02 
1.0885986e+04 6.1641918e+01 4.4851726e+01 
1.1313721e+04 5.9270411e+01 1.3072184e+02 
1.1757568e+04 5.9580342e+01 -1.7407815e+02 
1.2219727e+04 6.2446394e+01 1.3108402e+02 
1.2699463e+04 6.2975130e+01 1.1697905e+00 
1.3197510e+04 6.0511666e+01 1.5334401e+02 
1.3716064e+04 5.7015291e+01 -1.0648051e+02 
1.4254395e+04 5.9494569e+01 -8.0991907e+01 
1.4813965e+04 6.0071522e+01 -1.6340701e+02 
1.5395508e+04 6.0890489e+01 2.6047503e+01 
1.5999756e+04 5.9478778e+01 1.1244302e+02 
1.6628174e+04 5.7918762e+01 1.3046587e+02 
1.7280762e+04 5.6708349e+01 4.1087457e+01 
1.7959717e+04 5.6554794e+01 -1.5893950e+02 
1.8664307e+04 5.5064053e+01 -9.0179950e+01 
1.9397461e+04 5.6248705e+01 -1.3580577e+02 
1.9999512e+04 5.7587353e+01 -3.2152695e+01 
