20.0 26.890554
20.290899 27.137554
20.586 27.445555
20.8855 27.801554
21.189301 28.178555
21.497499 28.531555
21.8102 28.837555
22.127399 29.080555
22.4492 29.244555
22.775801 29.319555
23.1071 29.300554
23.443199 29.183554
23.7841 28.974554
24.1301 28.687555
24.4811 28.336555
24.8372 27.941555
25.1984 27.518555
25.564899 27.078554
25.9368 26.607555
26.3141 26.079556
26.6968 25.438555
27.0851 24.650555
27.479099 23.741554
27.878799 22.996555
28.2843 23.038555
28.6957 24.367554
29.1131 26.552555
29.536501 28.933554
29.966101 31.207554
30.402 33.323555
30.8442 35.321552
31.2929 37.586552
31.748 39.865551
32.209801 41.007553
32.678299 42.810555
33.153599 44.606552
33.635899 46.347553
34.125099 48.022552
34.621498 49.624554
35.125 51.158554
35.635899 52.624554
36.154301 54.033554
36.680199 55.390553
37.213699 56.701553
37.755 57.971554
38.3041 59.198551
38.861301 60.384552
39.426498 61.524551
40.0 62.619553
40.581799 63.666553
41.1721 64.666557
41.771 65.624557
42.378502 66.540558
42.9949 67.421555
43.6203 68.298553
44.254799 69.314552
44.898499 69.963554
45.551498 70.641556
46.2141 71.38356
46.886299 72.094559
47.568298 72.77256
48.260201 73.417557
48.962101 74.031555
49.674301 74.614555
50.396801 75.15988485024093
51.129902 75.67907079894748
51.8736 76.17412089966233
52.628101 76.64501639493656
53.3936 77.09376967456367
54.1702 77.52437635981919
54.958099 77.93983180033958
55.7575 78.34312527883293
56.568501 78.82027648350316
57.391399 79.20125943880498
58.226101 79.48708338960611
59.073 79.84874807533649
59.932301 80.19824575193286
60.804 80.53157847293792
61.6884 80.84974218249238
62.585701 81.1517262034613
63.496 81.43954423743425
64.419601 81.71217821516626
65.356598 81.97163887840391
66.307297 82.21891513113084
67.271698 82.45400697334705
68.250198 82.67790809093978
69.242897 82.92962014534162
70.250099 83.13213406730752
71.271896 83.29245962535546
72.308601 83.48458462976933
73.360298 83.6735019561525
74.427399 83.8562160896071
75.509903 84.0337280435188
76.608299 84.20403027229285
77.722603 84.36810756175842
78.853104 84.5259790434556
80.0 84.67662806702091
81.163597 84.83504853643792
82.3442 84.978249369076
83.541901 85.10221633345303
84.757 85.20394741386674
85.989899 85.31445122927602
87.240601 85.4157057395238
88.509598 85.50572135885834
89.797 85.5844896148554
91.103104 85.65200553196969
92.4282 85.70726622835566
93.772598 85.75727155445422
95.136597 85.78800950794873
96.520401 85.8044903581616
97.924301 85.8106992098616
99.348602 85.807632980418
100.794 85.79228335340147
102.26 85.76766295472079
103.747 85.73475745687756
105.256 85.69556147419738
106.787 85.64606100668023
108.34 85.59627405432614
109.916 85.5431802314607
111.515 85.47477953808388
113.137 85.3880649741957
114.783 85.28103315412176
116.452 85.15468846353644
118.146 85.01801513109098
119.865 84.87200415678532
121.608 84.75067292629389
123.377 84.65299666826787
125.171 84.5559847683817
126.992 84.46760645528653
128.839 84.38488411465678
130.713 84.30280036081803
132.615 84.20734080809589
134.543 84.10953522783917
136.5 84.00233746302465
138.486 83.89375351365233
140.5 83.7747917653966
142.544 83.64943144690866
144.617 83.52968794386292
146.721 83.42252248491056
148.855 83.320959455726
151.02 83.21897347063481
153.217 83.1255701439626
155.445 83.04074586138378
157.706 82.96047785154951
160.0 82.88577211445983
162.327 82.81662165011471
164.688 82.74702407283975
167.084 82.67395199696054
169.514 82.5884228081515
171.98 82.4934097350638
174.481 82.39693616337188
177.019 82.28296132172687
179.594 82.15449221012882
182.206 82.02152882857769
184.856 81.9110597913991
187.545 81.83006771291865
190.273 81.75054459313631
193.041 81.67249304637771
195.849 81.5839110726428
198.697 81.47878767193163
201.587 81.36510607289537
204.52 81.2498418898596
207.494 81.14403089417313
210.512 81.06063292881277
213.574 80.9986499937785
216.681 80.9460597033959
219.833 80.891867057665
223.03 80.83507305658577
226.274 80.77065392880941
229.565 80.68959867433594
232.905 80.5838935218165
236.292 80.47355424259996
239.729 80.37154767966305
243.216 80.28586983300579
246.754 80.22651031695378
250.343 80.19147013150702
253.984 80.15973089099109
257.678 80.11228320973157
261.426 80.04912070205408
265.229 79.97321398228421
269.087 79.88556905042196
273.001 79.79517552079291
276.972 79.71102200772266
281.0 79.62510751121121
285.088 79.53338387423534
289.234 79.44189186814386
293.441 79.32957833591355
297.709 79.19444527754442
302.04 79.06947092168765
306.433 78.95666665401764
310.89 78.87601070318557
315.412 78.83847568351706
320.0 78.80906720933768
324.655 78.76675389497304
329.377 78.69954874042311
334.168 78.6004139743391
339.028 78.51536259672103
343.959 78.45435583622005
348.962 78.40138730716176
354.038 78.34744162387176
359.188 78.27250840067565
364.412 78.1625806375734
369.713 78.03662317754181
375.09 77.92364740625531
380.546 77.83261816669065
386.081 77.78652745884783
391.697 77.78635051137803
397.394 77.79709032428129
403.175 77.77971374053435
409.039 77.70921514581161
414.989 77.62157538308989
421.025 77.54177845236914
427.149 77.47880158230059
433.362 77.44364038720983
439.665 77.40027148142241
446.06 77.33966409358956
452.548 77.26381883803685
459.131 77.1636999434155
465.809 77.08231340972546
472.584 77.01461346561794
479.458 76.94368733974412
486.432 76.87947264642962
493.507 76.802195
500.0 76.802195
515.0 76.723395
530.0 76.65559499999999
545.0 76.61239499999999
560.0 76.608295
580.0 76.67189499999999
600.0 76.811795
615.0 76.956795
630.0 77.121895
650.0 77.339395
670.0 77.516395
690.0 77.62309499999999
710.0 77.64359499999999
730.0 77.579295
750.0 77.446595
775.0 77.229195
800.0 77.014295
825.0 76.854895
850.0 76.785195
875.0 76.807895
900.0 76.896295
925.0 77.005995
950.0 77.09439499999999
975.0 77.138595
1000.0 77.140795
1030.0 77.122095
1060.0 77.136495
1090.0 77.236395
1120.0 77.442495
1150.0 77.73009499999999
1180.0 78.036895
1220.0 78.368295
1250.0 78.478695
1280.0 78.411895
1320.0 78.050795
1360.0 77.443795
1400.0 76.704895
1450.0 75.736595
1500.0 74.708995
1550.0 73.50279499999999
1600.0 72.08199499999999
1650.0 70.500095
1700.0 68.747795
1750.0 66.693895
1800.0 64.173295
1850.0 60.945195
1900.0 55.92399499999999
1950.0 49.068194999999996
2000.0 46.224795
2060.0 49.865395
2120.0 52.054495
2180.0 51.849595
2240.0 53.910394999999994
2300.0 56.507795
2360.0 56.972494999999995
2430.0 56.90129499999999
2500.0 59.035095
2580.0 62.572895
2650.0 64.38459499999999
2720.0 64.769595
2800.0 64.818095
2900.0 65.688095
3000.0 66.352695
3070.0 67.299095
3150.0 68.544895
3250.0 68.623795
3350.0 67.504395
3450.0 66.885595
3550.0 66.338695
3650.0 66.001395
3750.0 65.982395
3870.0 65.774495
4000.0 66.214095
4120.0 66.403995
4250.0 65.649495
4370.0 65.02159499999999
4500.0 63.96129499999999
4620.0 63.960595
4750.0 66.189195
4870.0 68.477795
5000.0 69.37949499999999
5150.0 69.130095
5300.0 68.924595
5450.0 68.53149499999999
5600.0 66.762795
5800.0 61.969195
6000.0 58.172895
6150.0 57.867295
6300.0 58.666695000000004
6500.0 58.73569499999999
6700.0 57.32089499999999
6900.0 57.17359499999999
7100.0 60.013194999999996
7300.0 61.858895000000004
7500.0 61.19369499999999
7750.0 61.391994999999994
8000.0 63.243595
8250.0 62.955394999999996
8500.0 59.556394999999995
8750.0 56.822694999999996
9000.0 57.331694999999996
9250.0 59.277895
9500.0 61.672995
9750.0 64.079095
10000.0 64.847495
10300.0 65.767995
10600.0 65.995995
10900.0 64.472495
11200.0 61.220095
11500.0 59.201295
11800.0 58.797095
12200.0 57.22749499999999
12500.0 55.028594999999996
12800.0 53.88589499999999
13200.0 53.337795
13600.0 52.577195
14000.0 50.625895
14500.0 45.916394999999994
15000.0 45.896094999999995
15500.0 48.298795
16000.0 52.38759499999999
16500.0 54.47929499999999
17000.0 53.324495
17500.0 49.818594999999995
18000.0 47.309295
18500.0 49.412994999999995
19000.0 52.658294999999995
19500.0 52.974295
