20.0 26.890554
20.290899 27.137554
20.586 27.445555
20.8855 27.801554
21.189301 28.178555
21.497499 28.531555
21.8102 28.837555
22.127399 29.080555
22.4492 29.244555
22.775801 29.319555
23.1071 29.300554
23.443199 29.183554
23.7841 28.974554
24.1301 28.687555
24.4811 28.336555
24.8372 27.941555
25.1984 27.518555
25.564899 27.078554
25.9368 26.607555
26.3141 26.079556
26.6968 25.438555
27.0851 24.650555
27.479099 23.741554
27.878799 22.996555
28.2843 23.038555
28.6957 24.367554
29.1131 26.552555
29.536501 28.933554
29.966101 31.207554
30.402 33.323555
30.8442 35.321552
31.2929 37.586552
31.748 39.865551
32.209801 41.007553
32.678299 42.810555
33.153599 44.606552
33.635899 46.347553
34.125099 48.022552
34.621498 49.624554
35.125 51.158554
35.635899 52.624554
36.154301 54.033554
36.680199 55.390553
37.213699 56.701553
37.755 57.971554
38.3041 59.198551
38.861301 60.384552
39.426498 61.524551
40.0 62.619553
40.581799 63.666553
41.1721 64.666557
41.771 65.624557
42.378502 66.540558
42.9949 67.421555
43.6203 68.298553
44.254799 69.314552
44.898499 69.963554
45.551498 70.641556
46.2141 71.38356
46.886299 72.094559
47.568298 72.77256
48.260201 73.417557
48.962101 74.031555
49.674301 74.614555
50.396801 75.16497193036163
51.129902 75.68931960020807
51.8736 76.18960603491821
52.628101 76.66581392747709
53.3936 77.11995704066173
54.1702 77.55603172096463
54.958099 77.97703471212864
55.7575 78.38595672617296
56.568501 78.86881814131374
57.391399 79.25559507316527
58.226101 79.54729611178772
59.073 79.91492376370098
59.932301 80.2704717282348
60.804 80.60994203076808
61.6884 80.93433274884674
62.585701 81.24263461352416
63.496 81.53686200936119
64.419601 81.81599900755903
65.356598 82.08205701171275
66.307297 82.33602708033402
67.271698 82.57790921342287
68.250198 82.80869989212025
69.242897 83.06740148195287
70.250099 83.27700705412187
71.271896 83.44452702491179
72.308601 83.64395140842122
73.360298 83.84027367169256
74.427399 84.03050120069577
75.509903 84.21563500177562
76.608299 84.39367097235763
77.722603 84.56559401092606
78.853104 84.73142528385306
80.0 84.89014953488149
81.163597 85.056762822523
82.3442 85.20827621163407
83.541901 85.34067611849919
84.757 85.45096263969849
85.989899 85.57014722464926
87.240601 85.68020785431729
88.509598 85.77915840709395
89.797 85.86699118505855
91.103104 85.9437033038254
92.4282 86.0082939234219
93.772598 86.06776507698082
95.136597 86.10810686742697
96.520401 86.13433100043478
97.924301 86.15042462968697
99.348602 86.1573868200399
100.794 86.15221415555943
102.26 86.13791577688836
103.747 86.11548015882296
105.256 86.08690895663017
106.787 86.04818817030997
108.34 86.00933579986238
109.916 85.96733850055435
111.515 85.91019627238583
113.137 85.83490211535685
114.783 85.73945968473437
116.452 85.62486632525142
118.146 85.50012034744188
119.865 85.36621275130575
121.608 85.2571538815761
123.377 85.1719330487868
125.171 85.0875525976709
126.992 85.0119958387623
128.839 84.94227811679406
130.713 84.87338908703309
132.615 84.79132140474636
134.543 84.70709075939995
136.5 84.61367211679472
138.486 84.51907147693065
140.5 84.41429018454079
142.544 84.30332155015903
144.617 84.19817391851844
146.721 84.10582260015286
148.855 84.0192849397954
151.02 83.93254259271295
153.217 83.85460821417249
155.445 83.78547114890704
157.706 83.7211227074505
160.0 83.66256888980287
162.327 83.60980269596416
164.688 83.55682878120126
167.084 83.50062680078116
169.514 83.43220709943691
171.98 83.35455698770235
174.481 83.27569281031059
177.019 83.17958787779547
179.594 83.06924919015701
182.206 82.95467674739517
184.856 82.86286620477695
187.545 82.80080721756926
190.273 82.74049178577206
193.041 82.68192956465235
195.849 82.61311855421009
198.697 82.5280477544453
201.587 82.43471447589182
204.52 82.34010137381664
207.494 82.25523013768583
210.512 82.19308173330025
213.574 82.15265816065987
216.681 82.12194407503162
219.833 82.08994447641552
223.03 82.05566036481157
226.274 82.01408205075363
229.565 81.95619853424171
232.905 81.87401012580968
236.292 81.78751851492366
239.729 81.70971166738448
243.216 81.6485855831921
246.754 81.61413691761351
250.343 81.60436667064867
253.984 81.59826349756453
257.678 81.57682505362803
261.426 81.5400519941061
265.229 81.49092197426567
269.087 81.43044099410676
273.001 81.36760570889628
276.972 81.3114117739012
281.0 81.25385818912149
285.088 81.19091792035798
289.234 81.12861765707677
293.441 81.0459253650787
297.709 80.94084304436375
302.04 80.84636300546582
306.433 80.76448959311794
310.89 80.71521511785399
315.412 80.70951923494093
320.0 80.71241459964567
324.655 80.70287686723516
329.377 80.66891903770939
334.168 80.60351742160223
339.028 80.55268501891372
343.959 80.52639714017769
348.962 80.50865444066109
354.038 80.49044857563085
359.188 80.45177620035392
364.412 80.37863031483027
369.713 80.28999688486076
375.09 80.21488025517841
380.546 80.16226639158405
386.081 80.15514729407768
391.697 80.19451227319315
397.394 80.2453643289305
403.175 80.26869142709052
409.039 80.23948091240624
414.989 80.19373475067853
421.025 80.15643694190734
427.149 80.13657879662657
433.362 80.14516297010316
439.665 80.14617311760402
446.06 80.13059254966306
452.548 80.10042892154718
459.131 80.04666054379027
465.809 80.01229341639234
472.584 79.99229584988724
479.458 79.96976915480886
486.432 79.95465798642414
493.507 79.927195
500.0 79.927195
515.0 80.002995
530.0 80.04299499999999
545.0 80.049295
560.0 80.027295
580.0 79.972495
600.0 79.914295
615.0 79.885595
630.0 79.883195
650.0 79.927395
670.0 80.022995
690.0 80.15429499999999
710.0 80.294595
730.0 80.41589499999999
750.0 80.49419499999999
775.0 80.518995
800.0 80.473895
825.0 80.396295
850.0 80.344595
875.0 80.374295
900.0 80.515095
925.0 80.755995
950.0 81.05069499999999
975.0 81.339395
1000.0 81.569895
1030.0 81.739195
1060.0 81.80419499999999
1090.0 81.817995
1120.0 81.851995
1150.0 81.95569499999999
1180.0 82.12739499999999
1220.0 82.378395
1250.0 82.492395
1280.0 82.479895
1320.0 82.258195
1360.0 81.866595
1400.0 81.427495
1450.0 80.970095
1500.0 80.63759499999999
1550.0 80.295295
1600.0 79.806195
1650.0 79.127095
1700.0 78.26559499999999
1750.0 77.206695
1800.0 75.925495
1850.0 74.518395
1900.0 73.338695
1950.0 72.825195
2000.0 73.070195
2060.0 73.878695
2120.0 74.665795
2180.0 75.291495
2240.0 75.88209499999999
2300.0 76.497795
2360.0 77.027995
2430.0 77.487295
2500.0 78.038195
2580.0 78.975495
2650.0 79.768995
2720.0 80.32429499999999
2800.0 80.806495
2900.0 81.40559499999999
3000.0 81.91119499999999
3070.0 82.299795
3150.0 82.710195
3250.0 83.058595
3350.0 83.366495
3450.0 83.598195
3550.0 83.701495
3650.0 83.724195
3750.0 83.63589499999999
3870.0 83.48269499999999
4000.0 83.458395
4120.0 83.457695
4250.0 83.260995
4370.0 82.567195
4500.0 80.733295
4620.0 79.009395
4750.0 78.976195
4870.0 80.32729499999999
5000.0 81.745695
5150.0 82.791795
5300.0 83.445895
5450.0 83.850295
5600.0 83.904495
5800.0 83.547095
6000.0 83.477395
6150.0 83.46899499999999
6300.0 83.326195
6500.0 83.123295
6700.0 83.204795
6900.0 83.356295
7100.0 83.186495
7300.0 82.649795
7500.0 82.123595
7750.0 81.632795
8000.0 81.193795
8250.0 81.30669499999999
8500.0 82.198595
8750.0 83.474395
9000.0 84.296995
9250.0 84.174595
9500.0 83.433595
9750.0 82.599395
10000.0 82.192595
10300.0 82.49039499999999
10600.0 82.93599499999999
10900.0 82.997695
11200.0 82.983595
11500.0 83.270695
11800.0 83.86239499999999
12200.0 84.655695
12500.0 84.784795
12800.0 84.569195
13200.0 84.104195
13600.0 83.20909499999999
14000.0 81.956195
14500.0 80.776695
15000.0 79.507595
15500.0 77.528795
16000.0 74.425795
16500.0 71.31139499999999
17000.0 69.670395
17500.0 69.50959499999999
18000.0 69.558295
18500.0 69.293195
19000.0 69.009495
19500.0 68.879395
