20.0 26.890554
20.290899 27.137554
20.586 27.445555
20.8855 27.801554
21.189301 28.178555
21.497499 28.531555
21.8102 28.837555
22.127399 29.080555
22.4492 29.244555
22.775801 29.319555
23.1071 29.300554
23.443199 29.183554
23.7841 28.974554
24.1301 28.687555
24.4811 28.336555
24.8372 27.941555
25.1984 27.518555
25.564899 27.078554
25.9368 26.607555
26.3141 26.079556
26.6968 25.438555
27.0851 24.650555
27.479099 23.741554
27.878799 22.996555
28.2843 23.038555
28.6957 24.367554
29.1131 26.552555
29.536501 28.933554
29.966101 31.207554
30.402 33.323555
30.8442 35.321552
31.2929 37.586552
31.748 39.865551
32.209801 41.007553
32.678299 42.810555
33.153599 44.606552
33.635899 46.347553
34.125099 48.022552
34.621498 49.624554
35.125 51.158554
35.635899 52.624554
36.154301 54.033554
36.680199 55.390553
37.213699 56.701553
37.755 57.971554
38.3041 59.198551
38.861301 60.384552
39.426498 61.524551
40.0 62.619553
40.581799 63.666553
41.1721 64.666557
41.771 65.624557
42.378502 66.540558
42.9949 67.421555
43.6203 68.298553
44.254799 69.314552
44.898499 69.963554
45.551498 70.641556
46.2141 71.38356
46.886299 72.094559
47.568298 72.77256
48.260201 73.417557
48.962101 74.031555
49.674301 74.614555
50.396801 75.15876536704125
51.129902 75.67681540674687
51.8736 76.17071317885737
52.628101 76.64043960673557
53.3936 77.08800677803067
54.1702 77.51741015442407
54.958099 77.93164477875962
55.7575 78.3336996192055
56.568501 78.80959421211874
57.391399 79.18930212176512
58.226101 79.47383273711193
59.073 79.83418518865224
59.932301 80.18235141468394
60.804 80.51433347494759
61.6884 80.83112684409816
62.585701 81.13172053510922
63.496 81.41812809927292
64.419601 81.68933099630914
65.356598 81.94733982231544
66.307297 82.19314300714139
67.271698 82.426740550787
68.250198 82.6491255240048
69.242897 82.8992994332816
70.250099 83.10025273833722
71.271896 83.25899506513949
72.308601 83.44951373899208
73.360298 83.6368015053439
74.427399 83.81786221092048
75.509903 83.99369687065699
76.608299 84.1622971812738
77.722603 84.3246479038088
78.853104 84.48076772200879
80.0 84.62963967871764
81.163597 84.7862572037849
82.3442 84.92762874199529
83.541901 85.04973991931662
84.757 85.14958825520931
85.989899 85.25818174575019
87.240601 85.3574983461339
88.509598 85.44554770827541
89.797 85.52232118931022
91.103104 85.58781335350405
92.4282 85.64102086966861
93.772598 85.68894310791292
95.136597 85.71756760263251
96.520401 85.7319043070604
97.924301 85.73593787507315
99.348602 85.73066475145546
100.794 85.71307554135538
102.26 85.6861836376633
103.747 85.65097409619665
105.256 85.60943998182329
106.787 85.55756729454322
108.34 85.50537403435645
109.916 85.44983826613087
111.515 85.37895998986646
113.137 85.28973220556321
114.783 85.18014997808902
116.452 85.05121924257601
118.146 84.91192112875993
119.865 84.76324663664077
121.608 84.63921470135067
123.377 84.53879745262536
125.171 84.439005825597
126.992 84.34780595000132
128.839 84.26222176097045
130.713 84.17723432337225
132.615 84.07882770207462
134.543 83.97803476734178
136.5 83.86780471377739
138.486 83.75614354138145
140.5 83.63406118528604
142.544 83.50553377522697
144.617 83.38257824633634
146.721 83.27215272834988
148.855 83.16728315639975
151.02 83.0619425953538
153.217 82.96513511007994
155.445 82.87685863571026
157.706 82.79308730198052
160.0 82.71482710889073
162.327 82.6420710564409
164.688 82.56881520949888
167.084 82.49203063293257
169.514 82.40273626187408
171.98 82.30390222605917
174.481 82.20355346061996
177.019 82.08564609529219
179.594 81.95318713007589
182.206 81.81617656497103
184.856 81.70160146484552
187.545 81.61644289456721
190.273 81.53269285413612
193.041 81.45035240842012
195.849 81.35741955741919
198.697 81.24788330113334
201.587 81.12972376929835
204.52 81.00991502678207
207.494 80.89949594384875
210.512 80.81142171510203
213.574 80.74469434054191
216.681 80.68728988503625
219.833 80.62821334858508
223.03 80.56646573118837
226.274 80.49702016258188
229.565 80.41086564276563
232.905 80.29998530147536
236.292 80.18439800897532
239.729 80.07706595986913
243.216 79.9859851541568
246.754 79.92114365670619
250.343 79.88054246751734
253.984 79.84316165145809
257.678 79.78999027339634
261.426 79.72102039819995
265.229 79.6392210907368
269.087 79.5455983510069
273.001 79.44914024387812
276.972 79.35883383421834
281.0 79.26667812202756
285.088 79.1686203019094
289.234 79.07070424412812
293.441 78.95187214328735
297.709 78.81012599938708
302.04 78.67844094216308
306.433 78.55882990674746
310.89 78.47126802287598
315.412 78.42672635541652
320.0 78.39020896923694
324.655 78.34068292920514
329.377 78.2661612353211
334.168 78.15960301732059
339.028 78.06702127520362
343.959 77.99837413870591
348.962 77.93765367269536
354.038 77.87584294203984
359.188 77.79293001160724
364.412 77.67490788139753
369.713 77.54073674601437
375.09 77.41942954058989
380.546 77.3199464597277
386.081 77.26527950342779
391.697 77.25640080142594
397.394 77.25831335372216
403.175 77.23197935492004
409.039 77.15239474015172
414.989 77.05553570402085
421.025 76.9663862465274
427.149 76.89392049740715
433.362 76.84913252152798
439.665 76.79599738375774
446.06 76.72548121383221
452.548 76.63958307661923
459.131 76.52926410185461
465.809 76.43753028953832
472.584 76.3593327694061
479.458 76.27775567119372
486.432 76.20273505976905
493.507 76.11449499999999
500.0 76.11449499999999
515.0 76.152995
530.0 76.166195
545.0 76.147695
560.0 76.095495
580.0 75.986395
600.0 75.858295
615.0 75.77119499999999
630.0 75.71169499999999
650.0 75.693795
670.0 75.755195
690.0 75.886395
710.0 76.055995
730.0 76.22279499999999
750.0 76.341595
775.0 76.379695
800.0 76.273395
825.0 76.036395
850.0 75.72499499999999
875.0 75.424495
900.0 75.221595
925.0 75.171495
950.0 75.272395
975.0 75.469595
1000.0 75.68469499999999
1030.0 75.881795
1060.0 75.969295
1090.0 75.95359499999999
1120.0 75.868695
1150.0 75.74809499999999
1180.0 75.60769499999999
1220.0 75.390695
1250.0 75.191295
1280.0 74.947195
1320.0 74.560695
1360.0 74.135195
1400.0 73.730995
1450.0 73.34399499999999
1500.0 73.099595
1550.0 72.854195
1600.0 72.432895
1650.0 71.829195
1700.0 71.21769499999999
1750.0 70.726495
1800.0 70.262295
1850.0 69.643895
1900.0 68.896795
1950.0 68.370795
2000.0 68.43639499999999
2060.0 69.210695
2120.0 70.188095
2180.0 71.06229499999999
2240.0 71.834295
2300.0 72.473195
2360.0 72.889295
2430.0 73.253795
2500.0 73.81439499999999
2580.0 74.573495
2650.0 75.007795
2720.0 75.30329499999999
2800.0 75.587795
2900.0 75.58929499999999
3000.0 75.278395
3070.0 75.259295
3150.0 75.337595
3250.0 75.24719499999999
3350.0 75.085195
3450.0 74.938495
3550.0 75.087295
3650.0 75.43089499999999
3750.0 75.47499499999999
3870.0 75.120295
4000.0 74.51689499999999
4120.0 73.796695
4250.0 72.884395
4370.0 71.972995
4500.0 71.830095
4620.0 72.869295
4750.0 74.143795
4870.0 74.653395
5000.0 74.91159499999999
5150.0 75.13979499999999
5300.0 74.84479499999999
5450.0 74.265095
5600.0 74.041395
5800.0 73.91629499999999
6000.0 73.64489499999999
6150.0 73.522395
6300.0 73.230195
6500.0 72.612195
6700.0 72.21169499999999
6900.0 71.77029499999999
7100.0 71.53999499999999
7300.0 71.91499499999999
7500.0 72.765695
7750.0 73.837295
8000.0 74.089795
8250.0 73.624895
8500.0 72.511595
8750.0 71.627095
9000.0 71.892095
9250.0 73.040295
9500.0 73.911395
9750.0 73.94239499999999
10000.0 73.565595
10300.0 73.518995
10600.0 74.056895
10900.0 74.287195
11200.0 73.537595
11500.0 72.271995
11800.0 71.604995
12200.0 72.165595
12500.0 72.838995
12800.0 73.09649499999999
13200.0 72.584695
13600.0 71.158295
14000.0 69.257295
14500.0 66.77079499999999
15000.0 62.854895
15500.0 55.568794999999994
16000.0 49.481395
16500.0 52.693595
17000.0 56.74849499999999
17500.0 57.70309499999999
18000.0 58.617194999999995
18500.0 59.495194999999995
19000.0 59.833495
19500.0 60.381995
