20.0 26.890554
20.290899 27.137554
20.586 27.445555
20.8855 27.801554
21.189301 28.178555
21.497499 28.531555
21.8102 28.837555
22.127399 29.080555
22.4492 29.244555
22.775801 29.319555
23.1071 29.300554
23.443199 29.183554
23.7841 28.974554
24.1301 28.687555
24.4811 28.336555
24.8372 27.941555
25.1984 27.518555
25.564899 27.078554
25.9368 26.607555
26.3141 26.079556
26.6968 25.438555
27.0851 24.650555
27.479099 23.741554
27.878799 22.996555
28.2843 23.038555
28.6957 24.367554
29.1131 26.552555
29.536501 28.933554
29.966101 31.207554
30.402 33.323555
30.8442 35.321552
31.2929 37.586552
31.748 39.865551
32.209801 41.007553
32.678299 42.810555
33.153599 44.606552
33.635899 46.347553
34.125099 48.022552
34.621498 49.624554
35.125 51.158554
35.635899 52.624554
36.154301 54.033554
36.680199 55.390553
37.213699 56.701553
37.755 57.971554
38.3041 59.198551
38.861301 60.384552
39.426498 61.524551
40.0 62.619553
40.581799 63.666553
41.1721 64.666557
41.771 65.624557
42.378502 66.540558
42.9949 67.421555
43.6203 68.298553
44.254799 69.314552
44.898499 69.963554
45.551498 70.641556
46.2141 71.38356
46.886299 72.094559
47.568298 72.77256
48.260201 73.417557
48.962101 74.031555
49.674301 74.614555
50.396801 75.16652768155247
51.129902 75.69245392960478
51.8736 76.19434176092271
52.628101 76.67217431206876
53.3936 77.1279657657113
54.1702 77.56571269013156
54.958099 77.98841225542361
55.7575 78.39905561072428
56.568501 78.883663345272
57.391399 79.27221221420787
58.226101 79.56571060733619
59.073 79.93516187741938
59.932301 80.29256016521136
60.804 80.63390748747793
61.6884 80.96020257421151
62.585701 81.27043658712323
63.496 81.56662411964298
64.419601 81.84774989757176
65.356598 82.11582552691378
66.307297 82.37184272508713
67.271698 82.61580149209182
68.250198 82.84869916392446
69.242897 83.10953832144067
70.250099 83.32131269044137
71.271896 83.49103288531371
72.308601 83.69268959413564
73.360298 83.89127646482586
74.427399 84.08380177050935
75.509903 84.27126651537755
76.608299 84.45166764981424
77.722603 84.6259901067563
78.853104 84.79425567487635
80.0 84.95544952426847
81.163597 85.1245683723507
82.3442 85.27862394073254
83.541901 85.41360284380114
84.757 85.52650582412326
85.989899 85.64834519673829
87.240601 85.7610989490719
88.509598 85.86278201893354
89.797 85.95338694526436
91.103104 86.0329114832054
92.4282 86.10035541723785
93.772598 86.162721448014
95.136597 86.20600032229204
96.520401 86.23520418501734
97.924301 86.25432081647963
99.348602 86.26434993828843
100.794 86.26228963319858
102.26 86.25114797597493
103.747 86.23191429842271
105.256 86.2065924090977
106.787 86.17116830799986
108.34 86.13565999512925
109.916 86.09705627904164
111.515 86.04335715973698
113.137 85.97155563721533
114.783 85.87965752003244
116.452 85.76865799963252
118.146 85.64755969312718
119.865 85.51735360051636
121.608 85.41204791324432
123.377 85.3306362484226
125.171 85.25011879749545
126.992 85.1784831775744
128.839 85.11274258010368
130.713 85.04788881363908
132.615 84.96991668673638
134.543 84.88983758228399
136.5 84.80063292594929
138.486 84.71030871773227
140.5 84.60986414907714
142.544 84.50329683709546
144.617 84.40261297323147
146.721 84.31479217459672
148.855 84.23284963263542
151.02 84.15076915590336
153.217 84.07756555295634
155.445 84.01322601523856
157.706 83.95374615986157
160.0 83.90013198682539
162.327 83.85237649613002
164.688 83.80448649633121
167.084 83.7534437959848
169.514 83.69025658653497
171.98 83.61791648509329
174.481 83.54443768310398
177.019 83.45379779767859
179.594 83.34900382881715
182.206 83.24005577651961
184.856 83.15395144934182
187.545 83.09768265583952
190.273 83.0432413960127
193.041 82.99063947841718
195.849 82.92787490305292
198.697 82.84893666991995
201.587 82.76182639612982
204.52 82.67352889023832
207.494 82.59506153513385
210.512 82.53941175648382
213.574 82.50558155428818
216.681 82.48155773710273
219.833 82.45634530492748
223.03 82.42894525776242
226.274 82.39435221271908
229.565 82.34355516979753
232.905 82.26855874610928
236.292 82.18936032454279
239.729 82.11895433076539
243.216 82.06533676477709
246.754 82.03850643513366
250.343 82.03646434183513
253.984 82.03820129343724
257.678 82.02471709849581
261.426 81.99601456556661
265.229 81.9550735032054
269.087 81.90289991141222
273.001 81.84849259874281
276.972 81.80084937375298
281.0 81.75196923644272
285.088 81.69783161247938
289.234 81.64445888475139
293.441 81.57082547892611
297.709 81.4749333950035
302.04 81.38977925009519
306.433 81.31736523564534
310.89 81.27768796876553
315.412 81.28172925801158
320.0 81.29450391193922
324.655 81.29498973910425
329.377 81.27119973950666
334.168 81.21611453025804
339.028 81.17574711135838
343.959 81.16007709991923
348.962 81.15310730449637
354.038 81.1458315336456
359.188 81.11824859592272
364.412 81.05635149132769
369.713 80.97913264552786
375.09 80.91559424996747
380.546 80.87472873031385
386.081 80.879528086567
391.697 80.93098593583849
397.394 80.99410527812833
403.175 81.02988053910386
409.039 81.01329691020928
414.989 80.98036281711195
421.025 80.95606225981186
427.149 80.94939085542059
433.362 80.97135341249393
439.665 80.98593573958762
446.06 80.98412545381328
452.548 80.96793236372663
459.131 80.92833908643928
465.809 80.90835162195123
472.584 80.90294258737401
479.458 80.8952175998192
486.432 80.89512346784261
493.507 80.88289499999999
500.0 80.88289499999999
515.0 80.805095
530.0 80.699195
545.0 80.574495
560.0 80.444695
580.0 80.28829499999999
600.0 80.17659499999999
615.0 80.132395
630.0 80.123795
650.0 80.14829499999999
670.0 80.183695
690.0 80.197695
710.0 80.162795
730.0 80.065795
750.0 79.90989499999999
775.0 79.668095
800.0 79.440895
825.0 79.297595
850.0 79.271995
875.0 79.337195
900.0 79.422195
925.0 79.447495
950.0 79.356295
975.0 79.133895
1000.0 78.817095
1030.0 78.432095
1060.0 78.203395
1090.0 78.21679499999999
1120.0 78.407695
1150.0 78.614795
1180.0 78.685695
1220.0 78.500395
1250.0 78.202395
1280.0 77.860995
1320.0 77.480395
1360.0 77.165395
1400.0 76.70999499999999
1450.0 75.800995
1500.0 74.911495
1550.0 74.63459499999999
1600.0 74.731695
1650.0 74.38079499999999
1700.0 73.248795
1750.0 71.875095
1800.0 70.978595
1850.0 70.43729499999999
1900.0 69.507595
1950.0 67.909595
2000.0 66.279195
2060.0 64.948295
2120.0 63.98819499999999
2180.0 63.89189499999999
2240.0 65.337295
2300.0 67.162595
2360.0 68.37219499999999
2430.0 69.737595
2500.0 71.294495
2580.0 72.55839499999999
2650.0 73.498195
2720.0 74.34609499999999
2800.0 74.975495
2900.0 75.773195
3000.0 76.793595
3070.0 77.317295
3150.0 77.601995
3250.0 77.362595
3350.0 76.602795
3450.0 75.933095
3550.0 75.47369499999999
3650.0 75.115895
3750.0 74.614695
3870.0 73.776395
4000.0 72.947795
4120.0 72.080095
4250.0 70.488495
4370.0 69.072495
4500.0 68.704495
4620.0 69.310095
4750.0 69.93339499999999
4870.0 69.87219499999999
5000.0 69.739795
5150.0 69.082895
5300.0 67.839595
5450.0 67.73609499999999
5600.0 68.670095
5800.0 68.994895
6000.0 69.553595
6150.0 69.893095
6300.0 69.770895
6500.0 69.591095
6700.0 70.03699499999999
6900.0 71.02079499999999
7100.0 72.004795
7300.0 72.044195
7500.0 71.67789499999999
7750.0 71.60039499999999
8000.0 71.374695
8250.0 70.931095
8500.0 70.699895
8750.0 70.431595
9000.0 69.938395
9250.0 69.334695
9500.0 68.784695
9750.0 68.797095
10000.0 69.25919499999999
10300.0 70.514695
10600.0 71.764695
10900.0 72.26309499999999
11200.0 71.823295
11500.0 70.63289499999999
11800.0 69.187395
12200.0 67.757195
12500.0 66.506595
12800.0 65.556195
13200.0 65.49889499999999
13600.0 65.604595
14000.0 64.941795
14500.0 63.353094999999996
15000.0 60.413195
15500.0 55.98049499999999
16000.0 51.011495
16500.0 48.335795
17000.0 47.896694999999994
17500.0 46.356395
18000.0 45.064595
18500.0 45.420094999999996
19000.0 46.213694999999994
19500.0 47.619695
