20.0 26.890554
20.290899 27.137554
20.586 27.445555
20.8855 27.801554
21.189301 28.178555
21.497499 28.531555
21.8102 28.837555
22.127399 29.080555
22.4492 29.244555
22.775801 29.319555
23.1071 29.300554
23.443199 29.183554
23.7841 28.974554
24.1301 28.687555
24.4811 28.336555
24.8372 27.941555
25.1984 27.518555
25.564899 27.078554
25.9368 26.607555
26.3141 26.079556
26.6968 25.438555
27.0851 24.650555
27.479099 23.741554
27.878799 22.996555
28.2843 23.038555
28.6957 24.367554
29.1131 26.552555
29.536501 28.933554
29.966101 31.207554
30.402 33.323555
30.8442 35.321552
31.2929 37.586552
31.748 39.865551
32.209801 41.007553
32.678299 42.810555
33.153599 44.606552
33.635899 46.347553
34.125099 48.022552
34.621498 49.624554
35.125 51.158554
35.635899 52.624554
36.154301 54.033554
36.680199 55.390553
37.213699 56.701553
37.755 57.971554
38.3041 59.198551
38.861301 60.384552
39.426498 61.524551
40.0 62.619553
40.581799 63.666553
41.1721 64.666557
41.771 65.624557
42.378502 66.540558
42.9949 67.421555
43.6203 68.298553
44.254799 69.314552
44.898499 69.963554
45.551498 70.641556
46.2141 71.38356
46.886299 72.094559
47.568298 72.77256
48.260201 73.417557
48.962101 74.031555
49.674301 74.614555
50.396801 75.169556
51.129902 75.698555
51.8736 76.20356
52.628101 76.684555
53.3936 77.143555
54.1702 77.584557
54.958099 78.010559
55.7575 78.424553
56.568501 78.91256
57.391399 79.304558
58.226101 79.601555
59.073 79.974556
59.932301 80.335556
60.804 80.680557
61.6884 81.010559
62.585701 81.324554
63.496 81.624557
64.419601 81.909554
65.356598 82.181557
66.307297 82.441559
67.271698 82.68956
68.250198 82.926559
69.242897 83.191559
70.250099 83.407555
71.271896 83.581558
72.308601 83.78756
73.360298 83.990555
74.427399 84.187553
75.509903 84.379555
76.608299 84.56456
77.722603 84.743553
78.853104 84.916557
80.0 85.082558
81.163597 85.256554
82.3442 85.415558
83.541901 85.555557
84.757 85.673553
85.989899 85.80056
87.240601 85.918556
88.509598 86.025558
89.797 86.121559
91.103104 86.206558
92.4282 86.279556
93.772598 86.347557
95.136597 86.396553
96.520401 86.431557
97.924301 86.456558
99.348602 86.472557
100.794 86.476555
102.26 86.471558
103.747 86.458557
105.256 86.43956
106.787 86.410553
108.34 86.381554
109.916 86.349556
111.515 86.302559
113.137 86.237556
114.783 86.152557
116.452 86.048553
118.146 85.934555
119.865 85.811554
121.608 85.713554
123.377 85.639557
125.171 85.566559
126.992 85.502556
128.839 85.444557
130.713 85.387558
132.615 85.317558
134.543 85.24556
136.5 85.164558
138.486 85.082558
140.5 84.990555
142.544 84.892555
144.617 84.80056
146.721 84.721558
148.855 84.64856
151.02 84.575554
153.217 84.511559
155.445 84.456558
157.706 84.406555
160.0 84.362556
162.327 84.324554
164.688 84.28656
167.084 84.24556
169.514 84.192558
171.98 84.130554
174.481 84.067558
177.019 83.987556
179.594 83.893555
182.206 83.795555
184.856 83.720558
187.545 83.67556
190.273 83.632553
193.041 83.591553
195.849 83.540558
198.697 83.473557
201.587 83.39856
204.52 83.322556
207.494 83.256554
210.512 83.213554
213.574 83.192558
216.681 83.181557
219.833 83.169556
223.03 83.155556
226.274 83.13456
229.565 83.097557
232.905 83.03656
236.292 82.971558
239.729 82.915558
243.216 82.876556
246.754 82.864555
250.343 82.877556
253.984 82.894554
257.678 82.896553
261.426 82.88356
265.229 82.858559
269.087 82.822556
273.001 82.784554
276.972 82.753555
281.0 82.721558
285.088 82.684555
289.234 82.64856
293.441 82.59256
297.709 82.514557
302.04 82.447556
306.433 82.393555
310.89 82.372559
315.412 82.395554
320.0 82.427559
324.655 82.447556
329.377 82.443558
334.168 82.408554
339.028 82.388557
343.959 82.393555
348.962 82.407555
354.038 82.421555
359.188 82.415558
364.412 82.375557
369.713 82.320557
375.09 82.279556
380.546 82.261559
386.081 82.289558
391.697 82.364555
397.394 82.451553
403.175 82.511559
409.039 82.519554
414.989 82.511559
421.025 82.512558
427.149 82.531555
433.362 82.579559
439.665 82.62056
446.06 82.645554
452.548 82.656555
459.131 82.644554
465.809 82.652557
472.584 82.675545
479.458 82.696632
486.432 82.725769
493.507 82.743195
500.0 82.743195
515.0 82.781395
530.0 82.789095
545.0 82.775995
560.0 82.756295
580.0 82.744695
600.0 82.777495
615.0 82.845595
630.0 82.958395
650.0 83.165595
670.0 83.414395
690.0 83.674795
710.0 83.914895
730.0 84.111595
750.0 84.25279499999999
775.0 84.359995
800.0 84.422095
825.0 84.484695
850.0 84.592295
875.0 84.767395
900.0 85.00239499999999
925.0 85.265395
950.0 85.515295
975.0 85.71899499999999
1000.0 85.861595
1030.0 85.966095
1060.0 86.041095
1090.0 86.137695
1120.0 86.28749499999999
1150.0 86.481495
1180.0 86.670895
1220.0 86.830795
1250.0 86.825795
1280.0 86.687895
1320.0 86.33929499999999
1360.0 85.87949499999999
1400.0 85.378295
1450.0 84.721695
1500.0 83.95909499999999
1550.0 83.038195
1600.0 82.049195
1650.0 81.116995
1700.0 80.178995
1750.0 79.012995
1800.0 77.621095
1850.0 76.560795
1900.0 76.430995
1950.0 77.088295
2000.0 77.901695
2060.0 78.667895
2120.0 79.38249499999999
2180.0 80.142595
2240.0 80.731695
2300.0 81.047595
2360.0 81.36369499999999
2430.0 81.96769499999999
2500.0 82.535095
2580.0 82.912595
2650.0 83.254395
2720.0 83.553495
2800.0 83.69239499999999
2900.0 83.803995
3000.0 83.798895
3070.0 83.729495
3150.0 83.825295
3250.0 84.108695
3350.0 84.29219499999999
3450.0 84.573695
3550.0 84.807195
3650.0 85.042495
3750.0 85.207995
3870.0 85.221595
4000.0 85.338995
4120.0 85.444695
4250.0 85.41629499999999
4370.0 84.822795
4500.0 81.906995
4620.0 78.54259499999999
4750.0 78.681395
4870.0 81.733595
5000.0 84.231895
5150.0 85.201295
5300.0 85.558295
5450.0 85.785595
5600.0 85.908395
5800.0 85.916795
6000.0 86.06659499999999
6150.0 86.38679499999999
6300.0 86.861895
6500.0 87.572695
6700.0 88.154395
6900.0 88.511395
7100.0 88.855395
7300.0 89.132395
7500.0 89.24339499999999
7750.0 89.304395
8000.0 89.330395
8250.0 89.188395
8500.0 88.534395
8750.0 86.970895
9000.0 85.229995
9250.0 84.645595
9500.0 85.30289499999999
9750.0 86.322895
10000.0 87.172095
10300.0 87.91549499999999
10600.0 88.770395
10900.0 89.697395
11200.0 90.130395
11500.0 90.075395
11800.0 89.85639499999999
12200.0 89.23439499999999
12500.0 88.580395
12800.0 88.056395
13200.0 88.024395
13600.0 88.669395
14000.0 89.254395
14500.0 89.288395
15000.0 89.056395
15500.0 89.125395
16000.0 89.48439499999999
16500.0 89.905395
17000.0 89.956395
17500.0 89.71339499999999
18000.0 89.503395
18500.0 89.342395
19000.0 89.092395
19500.0 88.685395
