20.0 26.890554
20.290899 27.137554
20.586 27.445555
20.8855 27.801554
21.189301 28.178555
21.497499 28.531555
21.8102 28.837555
22.127399 29.080555
22.4492 29.244555
22.775801 29.319555
23.1071 29.300554
23.443199 29.183554
23.7841 28.974554
24.1301 28.687555
24.4811 28.336555
24.8372 27.941555
25.1984 27.518555
25.564899 27.078554
25.9368 26.607555
26.3141 26.079556
26.6968 25.438555
27.0851 24.650555
27.479099 23.741554
27.878799 22.996555
28.2843 23.038555
28.6957 24.367554
29.1131 26.552555
29.536501 28.933554
29.966101 31.207554
30.402 33.323555
30.8442 35.321552
31.2929 37.586552
31.748 39.865551
32.209801 41.007553
32.678299 42.810555
33.153599 44.606552
33.635899 46.347553
34.125099 48.022552
34.621498 49.624554
35.125 51.158554
35.635899 52.624554
36.154301 54.033554
36.680199 55.390553
37.213699 56.701553
37.755 57.971554
38.3041 59.198551
38.861301 60.384552
39.426498 61.524551
40.0 62.619553
40.581799 63.666553
41.1721 64.666557
41.771 65.624557
42.378502 66.540558
42.9949 67.421555
43.6203 68.298553
44.254799 69.314552
44.898499 69.963554
45.551498 70.641556
46.2141 71.38356
46.886299 72.094559
47.568298 72.77256
48.260201 73.417557
48.962101 74.031555
49.674301 74.614555
50.396801 75.16447852428657
51.129902 75.6883255484762
51.8736 76.18810410067947
52.628101 76.66379673320091
53.3936 77.11741707564914
54.1702 77.5529614041764
54.958099 77.97342632730839
55.7575 78.38180241843256
56.568501 78.86410998883937
57.391399 79.2503249513174
58.226101 79.54145595943788
59.073 79.90850525133514
59.932301 80.26346638634132
60.804 80.60234139256703
61.6884 80.9261281406349
62.585701 81.23381722501534
63.496 81.52742296402646
64.419601 81.80592922126327
65.356598 82.07134733612685
66.307297 82.32466815815691
67.271698 82.56589168735344
68.250198 82.79601413374016
69.242897 83.05403779455227
70.250099 83.26295553338477
71.271896 83.42977770369403
72.308601 83.6284941058262
73.360298 83.82409814945889
74.427399 84.01359693920105
75.509903 84.19799148208038
76.608299 84.37527734157695
77.722603 84.54643940524839
78.853104 84.71149864210443
80.0 84.86943966067075
81.163597 85.03525831048704
82.3442 85.18596544812067
83.541901 85.31754742702799
84.757 85.42700413891461
85.989899 85.54534675866603
87.240601 85.65455326519924
88.509598 85.75263720091147
89.797 85.8395907927614
91.103104 85.91541095353757
92.4282 85.97909664522204
93.772598 86.03764968924392
95.136597 86.07705998433646
96.520401 86.10233909685942
97.924301 86.11747398176726
99.348602 86.1234634956273
100.794 86.11730374719653
102.26 86.10200421516068
103.747 86.07855310251587
105.256 86.04895138161405
106.787 86.0091850524552
108.34 85.96927211503933
109.916 85.9261985417184
111.515 85.86796433249242
113.137 85.79156248736135
114.783 85.69499597867718
116.452 85.57926283408796
118.146 85.45335999829757
119.865 85.31827847130603
121.608 85.20802928076137
123.377 85.1216003713675
125.171 85.03599477077249
126.992 84.95919442368022
128.839 84.88821535773876
130.713 84.81804654530004
132.615 84.73467995871603
134.543 84.6491326532828
136.5 84.55437754605624
138.486 84.45842063703635
140.5 84.35226395387116
142.544 84.23989944126457
144.617 84.13333612686465
146.721 84.03954795537528
148.855 83.95155295444454
151.02 83.86333209642434
153.217 83.78389735366669
155.445 83.71323875381958
157.706 83.64734624158696
160.0 83.5872258169688
162.327 83.53287047996513
164.688 83.47828420292787
167.084 83.42044595820899
169.514 83.35036677345656
171.98 83.27103259337444
174.481 83.19046044561071
177.019 83.09262227486926
179.594 82.9805250811501
182.206 82.86416886445323
184.856 82.7705485971306
187.545 82.70665325153418
190.273 82.64447482766394
193.041 82.58402229787185
195.849 82.51329366215792
198.697 82.42627792052212
201.587 82.33097101766839
204.52 82.23435492594868
207.494 82.14745270065904
210.512 82.08324325885539
213.574 82.0407286005377
216.681 82.00789269805793
219.833 81.97374055141607
223.03 81.93727316061214
226.274 81.89347947035002
229.565 81.83334848062972
232.905 81.74887913615517
236.292 81.66007449222245
239.729 81.5799204658874
243.216 81.51641305715003
246.754 81.47954823836231
250.343 81.46732700952424
253.984 81.45873734298776
257.678 81.43477621110482
261.426 81.39544358622739
265.229 81.3437164407074
269.087 81.28060077454488
273.001 81.21509256009176
276.972 81.15618676970001
281.0 81.09588240336961
285.088 81.03015037815645
289.234 80.96501874935659
293.441 80.87945343402592
297.709 80.77145643216441
302.04 80.67401868847601
306.433 80.58914523060872
310.89 80.53682700326647
315.412 80.52804297880122
320.0 80.52780512956491
324.655 80.51508842790952
329.377 80.477905873835
334.168 80.4092324120453
339.028 80.3550810425404
343.959 80.32542571002423
348.962 80.30426638684872
354.038 80.28259404536583
359.188 80.24040465792751
364.412 80.16369122453378
369.713 80.07143766224047
375.09 79.99264899869566
380.546 79.9363091509552
386.081 79.92541011901906
391.697 79.96093984759118
397.394 80.00790133667157
403.175 80.02728050331605
409.039 79.9940653751727
414.989 79.94425586929736
421.025 79.90283598569005
427.149 79.87879566905467
433.362 79.88313689174316
439.665 79.87984262610749
446.06 79.85989481685158
452.548 79.82530043632734
459.131 79.76703642923871
465.809 79.7281087955857
472.584 79.70348448007219
479.458 79.6762634274021
486.432 79.65638960992739
493.507 79.624095
500.0 79.624095
515.0 79.49719499999999
530.0 79.348095
545.0 79.185195
560.0 79.021395
580.0 78.82599499999999
600.0 78.68389499999999
615.0 78.62519499999999
630.0 78.611395
650.0 78.64319499999999
670.0 78.699995
690.0 78.744295
710.0 78.741595
730.0 78.66969499999999
750.0 78.520695
775.0 78.250695
800.0 77.952895
825.0 77.718695
850.0 77.625795
875.0 77.684495
900.0 77.831895
925.0 77.969895
950.0 78.012795
975.0 77.917895
1000.0 77.695795
1030.0 77.358595
1060.0 77.114795
1090.0 77.107095
1120.0 77.338595
1150.0 77.67189499999999
1180.0 77.923795
1220.0 77.960695
1250.0 77.695095
1280.0 77.14959499999999
1320.0 76.09399499999999
1360.0 74.819495
1400.0 73.446195
1450.0 71.66759499999999
1500.0 70.07939499999999
1550.0 69.428195
1600.0 69.862295
1650.0 70.39749499999999
1700.0 70.310195
1750.0 69.728695
1800.0 69.09179499999999
1850.0 68.44969499999999
1900.0 67.334695
1950.0 65.396495
2000.0 63.386095
2060.0 62.17319499999999
2120.0 61.833995
2180.0 61.67569499999999
2240.0 62.55669499999999
2300.0 64.231495
2360.0 65.490995
2430.0 66.798795
2500.0 68.669895
2580.0 70.116795
2650.0 70.444295
2720.0 70.766795
2800.0 71.288395
2900.0 71.807395
3000.0 72.824395
3070.0 73.151095
3150.0 73.133595
3250.0 72.997895
3350.0 72.749095
3450.0 72.764495
3550.0 72.413195
3650.0 71.676295
3750.0 70.587195
3870.0 69.170395
4000.0 68.666095
4120.0 67.205495
4250.0 65.292795
4370.0 64.033395
4500.0 62.81869499999999
4620.0 62.707494999999994
4750.0 63.581694999999996
4870.0 64.970295
5000.0 65.960195
5150.0 66.185395
5300.0 66.908695
5450.0 67.44669499999999
5600.0 67.064995
5800.0 67.08969499999999
6000.0 66.820595
6150.0 65.332595
6300.0 64.18639499999999
6500.0 64.044195
6700.0 63.965895
6900.0 64.24979499999999
7100.0 64.376295
7300.0 64.821095
7500.0 65.301095
7750.0 64.755195
8000.0 63.837395
8250.0 62.30249499999999
8500.0 59.90819499999999
8750.0 58.467394999999996
9000.0 58.97499499999999
9250.0 59.654595
9500.0 59.827495
9750.0 60.18299499999999
10000.0 60.729395
10300.0 61.733695
10600.0 63.580095
10900.0 64.768395
11200.0 63.142894999999996
11500.0 60.72239499999999
11800.0 59.506895
12200.0 55.028994999999995
12500.0 51.488794999999996
12800.0 50.581694999999996
13200.0 51.374494999999996
13600.0 50.731094999999996
14000.0 51.202695
14500.0 51.584295
15000.0 48.618195
15500.0 45.861095
16000.0 42.718394999999994
16500.0 37.503795
17000.0 37.663594999999994
17500.0 42.144194999999996
18000.0 45.094094999999996
18500.0 46.714895
19000.0 48.031195
19500.0 48.689094999999995
