20.0 26.890554
20.290899 27.137554
20.586 27.445555
20.8855 27.801554
21.189301 28.178555
21.497499 28.531555
21.8102 28.837555
22.127399 29.080555
22.4492 29.244555
22.775801 29.319555
23.1071 29.300554
23.443199 29.183554
23.7841 28.974554
24.1301 28.687555
24.4811 28.336555
24.8372 27.941555
25.1984 27.518555
25.564899 27.078554
25.9368 26.607555
26.3141 26.079556
26.6968 25.438555
27.0851 24.650555
27.479099 23.741554
27.878799 22.996555
28.2843 23.038555
28.6957 24.367554
29.1131 26.552555
29.536501 28.933554
29.966101 31.207554
30.402 33.323555
30.8442 35.321552
31.2929 37.586552
31.748 39.865551
32.209801 41.007553
32.678299 42.810555
33.153599 44.606552
33.635899 46.347553
34.125099 48.022552
34.621498 49.624554
35.125 51.158554
35.635899 52.624554
36.154301 54.033554
36.680199 55.390553
37.213699 56.701553
37.755 57.971554
38.3041 59.198551
38.861301 60.384552
39.426498 61.524551
40.0 62.619553
40.581799 63.666553
41.1721 64.666557
41.771 65.624557
42.378502 66.540558
42.9949 67.421555
43.6203 68.298553
44.254799 69.314552
44.898499 69.963554
45.551498 70.641556
46.2141 71.38356
46.886299 72.094559
47.568298 72.77256
48.260201 73.417557
48.962101 74.031555
49.674301 74.614555
50.396801 75.16116825951042
51.129902 75.6816564485199
51.8736 76.17802761346576
52.628101 76.65026336282615
53.3936 77.10037643278181
54.1702 77.53236262757184
54.958099 77.94921764854901
55.7575 78.35393113901945
56.568501 78.83252296126888
57.391399 79.21496766732648
58.226101 79.50227433685986
59.073 79.8654434074026
59.932301 80.21646749904211
60.804 80.55134865821579
61.6884 80.87108336729679
62.585701 81.17466130441923
63.496 81.46409634347816
64.419601 81.73837095523746
65.356598 81.99949604842013
66.307297 82.24846107057141
67.271698 82.4852660216913
68.250198 82.71090529287599
69.242897 82.96438072319259
70.250099 83.16868378340494
71.271896 83.33082440545473
72.308601 83.52479095562187
73.360298 83.71557645872267
74.427399 83.90018613171344
75.509903 84.07962098620351
76.608299 84.25187434523079
77.722603 84.41793102304602
78.853104 84.577810664553
80.0 84.73049697110451
81.163597 84.89098439024576
82.3442 85.03628238113129
83.541901 85.16237687570275
84.757 85.26626639116138
85.989899 85.37896026055674
87.240601 85.48243644906083
88.509598 85.5747062448836
89.797 85.65576137099882
91.103104 85.72559737943563
92.4282 85.78321190348854
93.772598 85.8356053442654
95.136597 85.86876623057677
96.520401 85.88770519411942
97.924301 85.8964078565785
99.348602 85.89587167710854
100.794 85.8830895756163
102.26 85.8610732987198
103.747 85.83080922590597
105.256 85.79429374784539
106.787 85.74751286453805
108.34 85.70048457598399
109.916 85.65019027285379
111.515 85.58462995514745
113.137 85.50079662286497
114.783 85.39668866667695
116.452 85.2733086959128
118.146 85.13964449191371
119.865 84.99668705467968
121.608 84.87845199354012
123.377 84.78391808983623
125.171 84.69009295289742
126.992 84.60494936406486
128.839 84.52550793266799
130.713 84.44675304937738
132.615 84.35467210486365
134.543 84.26029131778557
136.5 84.15656986015499
138.486 84.05151373197188
140.5 83.93612954256565
142.544 83.8144000732775
144.617 83.69833893343682
146.721 83.59491090438482
148.855 83.4971385954509
151.02 83.39899839730566
153.217 83.30949770061972
155.445 83.22863111472245
157.706 83.15237942095507
160.0 83.08174861931758
162.327 83.01673170980999
164.688 82.95132808310287
167.084 82.88251212986684
169.514 82.80129945943132
171.98 82.7106668531375
174.481 82.61863592031476
177.019 82.5091694423043
179.594 82.38527441910617
182.206 82.25695085072032
184.856 82.15118912781737
187.545 82.07497364106794
190.273 82.000296390472
193.041 81.92716176670018
195.849 81.84356776975245
198.697 81.74350339962884
201.587 81.63495543767054
204.52 81.52490127454816
207.494 81.42437312892046
210.512 81.34633617279931
213.574 81.28979240618467
216.681 81.24272121974714
219.833 81.19412761348673
223.03 81.14301258740345
226.274 81.08435592283848
229.565 81.00914661979185
232.905 80.90937445960473
236.292 80.80505166093597
239.729 80.70915039579732
243.216 80.6296666641888
246.754 80.57659185678102
250.343 80.547926973574
253.984 80.52265540523828
257.678 80.48176954244452
261.426 80.42526477586331
265.229 80.35611349616524
269.087 80.27532170335031
273.001 80.19188078808914
276.972 80.11478114105232
281.0 80.03602176223984
285.088 79.95155982366353
289.234 79.86743254398218
293.441 79.76259209520758
297.709 79.63504047733974
302.04 79.51775947171988
306.433 79.41275868767738
310.89 79.34001990655344
315.412 79.31051751901869
320.0 79.28925891574372
324.655 79.25521448739912
329.377 79.19639723398488
334.168 79.10577293684224
339.028 79.02935459597118
343.959 78.97710699271292
348.962 78.93302551773805
354.038 78.88809656171716
359.188 78.82231151532088
364.412 78.7216633785492
369.713 78.6051223234139
375.09 78.50169795924442
380.546 78.42036045805257
386.081 78.38410181983829
391.697 78.39390082594285
397.394 78.41476047636624
403.175 78.40765294312023
409.039 78.34757083553424
414.989 78.27050032562009
421.025 78.20142541337776
427.149 78.14932688014848
433.362 78.12520211660282
439.665 78.09302951341141
446.06 78.04378185191544
452.548 77.97946152278551
459.131 77.89103630736285
465.809 77.82151220564744
472.584 77.76584699898048
479.458 77.70713146870318
486.432 77.65530500548617
493.507 77.59059500000001
500.0 77.59059500000001
515.0 77.461695
530.0 77.300995
545.0 77.120895
560.0 76.937695
580.0 76.715695
600.0 76.544995
615.0 76.461095
630.0 76.41809500000001
650.0 76.408595
670.0 76.431695
690.0 76.464695
710.0 76.489195
730.0 76.496395
750.0 76.487195
775.0 76.46649500000001
800.0 76.456295
825.0 76.469795
850.0 76.503495
875.0 76.540795
900.0 76.567195
925.0 76.583295
950.0 76.606395
975.0 76.659595
1000.0 76.756095
1030.0 76.91379500000001
1060.0 77.064195
1090.0 77.13339500000001
1120.0 77.060395
1150.0 76.836395
1180.0 76.531595
1220.0 76.192595
1250.0 76.12869500000001
1280.0 76.24859500000001
1320.0 76.512595
1360.0 76.612295
1400.0 76.327995
1450.0 75.40909500000001
1500.0 74.135495
1550.0 72.900795
1600.0 71.837495
1650.0 70.593795
1700.0 68.629895
1750.0 65.766295
1800.0 62.814695
1850.0 61.173795
1900.0 61.210195
1950.0 62.036995000000005
2000.0 62.788595
2060.0 63.375995
2120.0 63.858895000000004
2180.0 64.220595
2240.0 64.07089500000001
2300.0 63.14669500000001
2360.0 61.606695
2430.0 59.414495
2500.0 56.54649500000001
2580.0 50.722695
2650.0 45.040095
2720.0 43.305395000000004
2800.0 46.511895
2900.0 52.077695000000006
3000.0 56.933395000000004
3070.0 59.970195000000004
3150.0 63.091094999999996
3250.0 65.611795
3350.0 65.987995
3450.0 65.809995
3550.0 66.197595
3650.0 66.83759500000001
3750.0 67.46519500000001
3870.0 68.157895
4000.0 68.215795
4120.0 67.412795
4250.0 66.544195
4370.0 66.21389500000001
4500.0 65.417795
4620.0 64.729695
4750.0 64.606395
4870.0 64.315095
5000.0 63.853494999999995
5150.0 64.103595
5300.0 64.701795
5450.0 65.196695
5600.0 65.571895
5800.0 65.608795
6000.0 65.04309500000001
6150.0 63.578895
6300.0 61.33119500000001
6500.0 59.492095000000006
6700.0 60.856595
6900.0 63.53539500000001
7100.0 65.447695
7300.0 66.401095
7500.0 66.740195
7750.0 66.370495
8000.0 64.53239500000001
8250.0 61.87099500000001
8500.0 60.685694999999996
8750.0 60.414895
9000.0 60.220995
9250.0 59.986795
9500.0 60.687695000000005
9750.0 62.610595
10000.0 64.488995
10300.0 65.386195
10600.0 63.87569500000001
10900.0 58.062195
11200.0 53.504295
11500.0 56.592195000000004
11800.0 62.899195000000006
12200.0 66.063495
12500.0 65.65009500000001
12800.0 63.949695000000006
13200.0 61.059895
13600.0 59.754295
14000.0 58.710695
14500.0 54.428895
15000.0 48.812895000000005
15500.0 46.471395
16000.0 51.354495
16500.0 54.897795
17000.0 55.75669500000001
17500.0 55.58549500000001
18000.0 51.710495
18500.0 47.045395
19000.0 47.976595
19500.0 54.510395
