20.0 26.890554
20.290899 27.137554
20.586 27.445555
20.8855 27.801554
21.189301 28.178555
21.497499 28.531555
21.8102 28.837555
22.127399 29.080555
22.4492 29.244555
22.775801 29.319555
23.1071 29.300554
23.443199 29.183554
23.7841 28.974554
24.1301 28.687555
24.4811 28.336555
24.8372 27.941555
25.1984 27.518555
25.564899 27.078554
25.9368 26.607555
26.3141 26.079556
26.6968 25.438555
27.0851 24.650555
27.479099 23.741554
27.878799 22.996555
28.2843 23.038555
28.6957 24.367554
29.1131 26.552555
29.536501 28.933554
29.966101 31.207554
30.402 33.323555
30.8442 35.321552
31.2929 37.586552
31.748 39.865551
32.209801 41.007553
32.678299 42.810555
33.153599 44.606552
33.635899 46.347553
34.125099 48.022552
34.621498 49.624554
35.125 51.158554
35.635899 52.624554
36.154301 54.033554
36.680199 55.390553
37.213699 56.701553
37.755 57.971554
38.3041 59.198551
38.861301 60.384552
39.426498 61.524551
40.0 62.619553
40.581799 63.666553
41.1721 64.666557
41.771 65.624557
42.378502 66.540558
42.9949 67.421555
43.6203 68.298553
44.254799 69.314552
44.898499 69.963554
45.551498 70.641556
46.2141 71.38356
46.886299 72.094559
47.568298 72.77256
48.260201 73.417557
48.962101 74.031555
49.674301 74.614555
50.396801 75.15905512712493
51.129902 75.67739917846667
51.8736 76.17159521216155
52.628101 76.64162423418908
53.3936 77.08949841040362
54.1702 77.51921324379492
54.958099 77.93376385661513
55.7575 78.33613929844599
56.568501 78.81235914494764
57.391399 79.19239707949829
58.226101 79.4772624537674
59.073 79.83795455586149
59.932301 80.1864654062941
60.804 80.5187970632016
61.6884 80.8359451227577
62.585701 81.1368986781464
63.496 81.42367131956188
64.419601 81.69524462864383
65.356598 81.95362923918871
66.307297 82.199813703768
67.271698 82.43379802238172
68.250198 82.65657542500004
69.242897 82.90714745821496
70.250099 83.10850470366616
71.271896 83.26765682421822
72.308601 83.4585912707041
73.360298 83.64630082226105
74.427399 83.82778949084809
75.509903 84.0040582909993
76.608299 84.17309911554949
77.722603 84.33589673195338
78.853104 84.49246993986182
80.0 84.64180186152699
81.163597 84.7988860495203
82.3442 84.9407310709474
83.541901 85.06332258867286
84.757 85.16365824247268
85.989899 85.27274618964665
87.240601 85.37256438659253
88.509598 85.46112268254292
89.797 85.53841247874898
91.103104 85.60442845858894
92.4282 85.65816740717958
93.772598 85.70662881895603
95.136597 85.7358003482284
96.520401 85.75069203004428
97.924301 85.7552886349864
99.348602 85.75058673016032
100.794 85.73357719984631
102.26 85.70727323841398
103.747 85.67266006129945
105.256 85.63173113442267
106.787 85.58047245778357
108.34 85.5289020313822
109.916 85.47399832113845
111.515 85.4037613270523
113.137 85.31518404912376
114.783 85.20626195327272
116.452 85.07800057357929
118.146 84.93938184188328
119.865 84.79139675818466
121.608 84.66806385656355
123.377 84.56835606885973
125.171 84.46928392915332
126.992 84.3788143692841
128.839 84.29397092333218
130.713 84.20973505721746
132.615 84.11209123685983
134.543 84.01207153041948
136.5 83.90262633565614
138.486 83.79176165256978
140.5 83.6704870152405
142.544 83.54277935550812
144.617 83.42065520745271
146.721 83.31107350291408
148.855 83.20705977597234
151.02 83.10258749254737
153.217 83.0066611185591
155.445 82.91927818808759
157.706 82.83641363297265
160.0 82.75907345321428
162.327 82.6872506488125
164.688 82.61494168568716
167.084 82.53911802975819
169.514 82.45079821510569
171.98 82.35295317356946
174.481 82.25360743922958
177.019 82.13671794392586
179.594 82.0052916876583
182.206 81.86932867042688
184.856 81.75581635815152
187.545 81.67173621675212
190.273 81.58908024622865
193.041 81.50784991250104
195.849 81.41604321556926
198.697 81.30764915543332
201.587 81.19064866393303
204.52 81.07201620698827
207.494 80.96278985275923
210.512 80.87592599900564
213.574 80.81042664572747
216.681 80.75426825884463
219.833 80.69645583835711
223.03 80.63599038426491
226.274 80.56784582840783
229.565 80.48301117078587
232.905 80.37347034323881
236.292 80.25924141392687
239.729 80.15328778060974
243.216 80.0636054432874
246.754 80.00018286787979
250.343 79.96102105438686
253.984 79.92510046872853
257.678 79.87341057682468
261.426 79.80594384459523
265.229 79.72566973796008
269.087 79.6335942569192
273.001 79.5387058673925
276.972 79.44999203529987
281.0 79.35945176064133
285.088 79.26303344117655
289.234 79.16678014506574
293.441 79.0496352700686
297.709 78.90960081618512
302.04 78.7796527152551
306.433 78.66180350135862
310.89 78.5760291063355
315.412 78.53330099610562
320.0 78.49862363658889
324.655 78.4509644937052
329.377 78.37833656745454
334.168 78.27369978967671
339.028 78.18306716037172
343.959 78.11639761137934
348.962 78.05768360861948
354.038 77.99790861801205
359.188 77.91706110547692
364.412 77.8011340710141
369.713 77.66908891238327
375.09 77.54993816366456
380.546 77.45264322261764
386.081 77.4001960892425
391.697 77.39356969537894
397.394 77.39776704102698
403.175 77.37375152394628
409.039 77.29651867821696
414.989 77.20204590159871
421.025 77.11531719409152
427.149 77.04530748753517
433.362 77.0030112478496
439.665 76.95240394095465
446.06 76.88445249869017
452.548 76.80115638697599
459.131 76.69347753765197
465.809 76.60442195071806
472.584 76.52894155801408
479.458 76.45012129137982
486.432 76.37789761673515
493.507 76.292495
500.0 76.292495
515.0 76.274895
530.0 76.260295
545.0 76.242895
560.0 76.218595
580.0 76.175595
600.0 76.126295
615.0 76.092095
630.0 76.066495
650.0 76.05119499999999
670.0 76.058295
690.0 76.081395
710.0 76.10769499999999
730.0 76.12389499999999
750.0 76.122095
775.0 76.100895
800.0 76.085895
825.0 76.116795
850.0 76.223495
875.0 76.404195
900.0 76.620295
925.0 76.809095
950.0 76.905395
975.0 76.864995
1000.0 76.678195
1030.0 76.315995
1060.0 75.924695
1090.0 75.652495
1120.0 75.609895
1150.0 75.804395
1180.0 76.138795
1220.0 76.59139499999999
1250.0 76.818195
1280.0 76.908295
1320.0 76.853095
1360.0 76.668395
1400.0 76.430395
1450.0 76.12439499999999
1500.0 75.73819499999999
1550.0 75.065995
1600.0 73.974595
1650.0 72.637095
1700.0 71.487095
1750.0 70.757295
1800.0 70.217295
1850.0 69.485095
1900.0 68.314295
1950.0 66.753295
2000.0 65.453495
2060.0 65.22799499999999
2120.0 66.368095
2180.0 67.586495
2240.0 67.907395
2300.0 67.53449499999999
2360.0 67.309495
2430.0 67.642195
2500.0 68.22279499999999
2580.0 69.036095
2650.0 69.869495
2720.0 70.569395
2800.0 71.211095
2900.0 71.988495
3000.0 72.261095
3070.0 72.084795
3150.0 71.730795
3250.0 71.365295
3350.0 71.171495
3450.0 70.853595
3550.0 70.20609499999999
3650.0 69.770195
3750.0 69.547595
3870.0 69.302395
4000.0 69.237895
4120.0 68.921095
4250.0 68.42869499999999
4370.0 67.608995
4500.0 67.256095
4620.0 67.490995
4750.0 67.480595
4870.0 67.069695
5000.0 66.296195
5150.0 64.42959499999999
5300.0 60.577195
5450.0 55.821995
5600.0 54.26439499999999
5800.0 57.530895
6000.0 58.194694999999996
6150.0 57.013594999999995
6300.0 58.037295
6500.0 62.567595
6700.0 65.244695
6900.0 66.828895
7100.0 68.238495
7300.0 68.937095
7500.0 69.09269499999999
7750.0 69.23179499999999
8000.0 69.070795
8250.0 67.948495
8500.0 66.505295
8750.0 67.103995
9000.0 67.809595
9250.0 67.349395
9500.0 66.464795
9750.0 66.022195
10000.0 65.334895
10300.0 64.367695
10600.0 63.73519499999999
10900.0 61.881294999999994
11200.0 58.303394999999995
11500.0 56.229395
11800.0 56.03959499999999
12200.0 58.21209499999999
12500.0 60.65989499999999
12800.0 61.562095
13200.0 59.897395
13600.0 57.09949499999999
14000.0 52.75019499999999
14500.0 53.074095
15000.0 54.638395
15500.0 53.85549499999999
16000.0 52.156195
16500.0 51.547895
17000.0 54.163995
17500.0 57.48819499999999
18000.0 58.952095
18500.0 58.535095
19000.0 56.351495
19500.0 52.247794999999996
