20.0 26.890554
20.290899 27.137554
20.586 27.445555
20.8855 27.801554
21.189301 28.178555
21.497499 28.531555
21.8102 28.837555
22.127399 29.080555
22.4492 29.244555
22.775801 29.319555
23.1071 29.300554
23.443199 29.183554
23.7841 28.974554
24.1301 28.687555
24.4811 28.336555
24.8372 27.941555
25.1984 27.518555
25.564899 27.078554
25.9368 26.607555
26.3141 26.079556
26.6968 25.438555
27.0851 24.650555
27.479099 23.741554
27.878799 22.996555
28.2843 23.038555
28.6957 24.367554
29.1131 26.552555
29.536501 28.933554
29.966101 31.207554
30.402 33.323555
30.8442 35.321552
31.2929 37.586552
31.748 39.865551
32.209801 41.007553
32.678299 42.810555
33.153599 44.606552
33.635899 46.347553
34.125099 48.022552
34.621498 49.624554
35.125 51.158554
35.635899 52.624554
36.154301 54.033554
36.680199 55.390553
37.213699 56.701553
37.755 57.971554
38.3041 59.198551
38.861301 60.384552
39.426498 61.524551
40.0 62.619553
40.581799 63.666553
41.1721 64.666557
41.771 65.624557
42.378502 66.540558
42.9949 67.421555
43.6203 68.298553
44.254799 69.314552
44.898499 69.963554
45.551498 70.641556
46.2141 71.38356
46.886299 72.094559
47.568298 72.77256
48.260201 73.417557
48.962101 74.031555
49.674301 74.614555
50.396801 75.17005445245854
51.129902 75.69955921854272
51.8736 76.20507729549291
52.628101 76.68659282542845
53.3936 77.14612094287976
54.1702 77.58765871890648
54.958099 78.01420429010874
55.7575 78.42874979653617
56.568501 78.9173163057989
57.391399 79.30988202279715
58.226101 79.60745488337025
59.073 79.98104015864871
59.932301 80.34263299006197
60.804 80.68823537485042
61.6884 81.01884752205366
62.585701 81.3334615696516
63.496 81.63409258456448
64.419601 81.91972677652181
65.356598 82.19237621037414
66.307297 82.45303409723073
67.271698 82.70170043709159
68.250198 82.93937450384686
69.242897 83.20505936648651
70.250099 83.42175023474002
71.271896 83.59645817207813
72.308601 83.80317539443942
73.360298 84.00689595977548
74.427399 84.20463015232491
75.509903 84.39737897139783
76.608299 84.58314175435515
77.722603 84.76290351223525
78.853104 84.9366874444191
80.0 85.10347968750686
81.163597 85.27827845260775
82.3442 85.43809695014122
83.541901 85.57892224357796
84.757 85.69775653988789
85.989899 85.82561411641066
87.240601 85.94447297521592
88.509598 86.05235045573433
89.797 86.14923963385479
91.103104 86.23513971447751
92.4282 86.30905189767337
93.772598 86.37798039731125
95.136597 86.42791741967112
96.520401 86.46387610549249
97.924301 86.48984565553617
99.348602 86.5068272802215
100.794 86.51182245971864
102.26 86.50783685252728
103.747 86.49586173322741
105.256 86.4779057917187
106.787 86.44995502800109
108.34 86.42202744207462
109.916 86.39111672383888
111.515 86.34522287329385
113.137 86.28133889043953
114.783 86.19747546517554
116.452 86.09462290760227
118.146 85.98179359751893
119.865 85.85997853492549
121.608 85.76318102992238
123.377 85.69040446230876
125.171 85.61864414218508
126.992 85.5558974493505
128.839 85.49917269390542
130.713 85.44346656574946
132.615 85.3747787547822
134.543 85.30411088120445
136.5 85.22445901471501
138.486 85.14382915531387
140.5 85.05321561310143
142.544 84.95662576787689
144.617 84.86606092974066
146.721 84.7885104784919
148.855 84.71698472423105
151.02 84.6454723568577
153.217 84.58299306627146
155.445 84.52952916257269
157.706 84.4810860255606
160.0 84.43866965523522
162.327 84.40227305159652
164.688 84.36590790454409
167.084 84.32656090397755
169.514 84.27523535999731
171.98 84.21493265240254
174.481 84.15366209129365
177.019 84.07541105646982
179.594 83.98318654793108
182.206 83.88698856567741
184.856 83.81381979960841
187.545 83.77067693962368
190.273 83.72955198572322
193.041 83.69046162780663
195.849 83.6414038658739
198.697 83.57636769992502
201.587 83.50336450975921
204.52 83.42938398527605
207.494 83.36543374667635
210.512 83.3245158636589
213.574 83.30563233622371
216.681 83.29677485427035
219.833 83.28694841779885
223.03 83.2751540268092
226.274 83.25639606110057
229.565 83.221663520673
232.905 83.16297078532567
236.292 83.10030547525938
239.729 83.0466766601729
243.216 83.01008034006625
246.754 83.00052020483903
250.343 83.01599725449125
253.984 83.0355071789225
257.678 83.04005466803235
261.426 83.02964741172043
265.229 83.00727009988631
269.087 82.97392873253001
273.001 82.93862699955112
276.972 82.91036759084925
281.0 82.88114950642436
285.088 82.84696681597528
289.234 82.81383213970281
293.441 82.76073454730573
297.709 82.68567603878402
302.04 82.62166299393692
306.433 82.57069272286482
310.89 82.55277160536687
315.412 82.57888633134272
320.0 82.61405659069194
324.655 82.63726507331414
329.377 82.6365247792093
334.168 82.60482608817662
339.028 82.58818200021614
343.959 82.59658189512699
348.962 82.6140334628088
354.038 82.63153539316116
359.188 82.62909137608368
364.412 82.59269441157635
369.713 82.54135156933793
375.09 82.50406015946888
380.546 82.48982725166796
386.081 82.52164484593517
391.697 82.6005163220697
397.394 82.69144468007156
403.175 82.75543898963953
409.039 82.76747956087401
414.989 82.76358946347382
421.025 82.76875269743891
427.149 82.79197464256852
433.362 82.84426498876223
439.665 82.88961442591962
446.06 82.91902033383991
452.548 82.93449740242268
459.131 82.92703801146713
465.809 82.93964816097325
472.584 82.96731023074025
479.458 82.9931396005673
486.432 83.02708796035402
493.507 83.049395
500.0 83.049395
515.0 83.059395
530.0 83.040395
545.0 83.004195
560.0 82.966895
580.0 82.942095
600.0 82.973395
615.0 83.046795
630.0 83.168095
650.0 83.386895
670.0 83.643295
690.0 83.904895
710.0 84.139995
730.0 84.327495
750.0 84.457895
775.0 84.553595
800.0 84.61149499999999
825.0 84.680495
850.0 84.802995
875.0 84.993095
900.0 85.231495
925.0 85.476995
950.0 85.685195
975.0 85.826795
1000.0 85.896995
1030.0 85.921695
1060.0 85.951295
1090.0 86.055995
1120.0 86.262895
1150.0 86.53489499999999
1180.0 86.785995
1220.0 86.969695
1250.0 86.93169499999999
1280.0 86.72279499999999
1320.0 86.255995
1360.0 85.695095
1400.0 85.144695
1450.0 84.512495
1500.0 83.88419499999999
1550.0 83.268495
1600.0 82.776495
1650.0 82.420395
1700.0 82.018995
1750.0 81.41549499999999
1800.0 80.741095
1850.0 80.359495
1900.0 80.462595
1950.0 80.86749499999999
2000.0 81.300595
2060.0 81.79689499999999
2120.0 82.421295
2180.0 83.120795
2240.0 83.641195
2300.0 83.91629499999999
2360.0 84.16629499999999
2430.0 84.584795
2500.0 84.967195
2580.0 85.318895
2650.0 85.713995
2720.0 86.023095
2800.0 86.153995
2900.0 86.320595
3000.0 86.41759499999999
3070.0 86.436295
3150.0 86.54219499999999
3250.0 86.69069499999999
3350.0 86.767595
3450.0 86.98739499999999
3550.0 87.177595
3650.0 87.351795
3750.0 87.500795
3870.0 87.619795
4000.0 87.90649499999999
4120.0 88.301395
4250.0 88.84739499999999
4370.0 89.37139499999999
4500.0 89.506395
4620.0 88.507395
4750.0 86.479395
4870.0 85.160995
5000.0 84.967295
5150.0 85.433795
5300.0 85.951295
5450.0 86.534195
5600.0 87.04049499999999
5800.0 87.549695
6000.0 87.852295
6150.0 87.853195
6300.0 87.900395
6500.0 88.272395
6700.0 88.611395
6900.0 88.637395
7100.0 88.623395
7300.0 88.916395
7500.0 89.45739499999999
7750.0 90.104395
8000.0 90.557395
8250.0 91.010395
8500.0 91.769395
8750.0 92.552395
9000.0 92.86239499999999
9250.0 92.654395
9500.0 92.125395
9750.0 91.542395
10000.0 91.273395
10300.0 91.671395
10600.0 92.33839499999999
10900.0 92.295395
11200.0 91.57639499999999
11500.0 90.855395
11800.0 90.220395
12200.0 89.212395
12500.0 88.438395
12800.0 87.960595
13200.0 87.989695
13600.0 88.37439499999999
14000.0 88.59439499999999
14500.0 88.660395
15000.0 88.676395
15500.0 88.599395
16000.0 88.575395
16500.0 88.675395
17000.0 88.654395
17500.0 88.394395
18000.0 87.96979499999999
18500.0 87.544395
19000.0 87.143295
19500.0 86.634295
