20.0 26.890554
20.290899 27.137554
20.586 27.445555
20.8855 27.801554
21.189301 28.178555
21.497499 28.531555
21.8102 28.837555
22.127399 29.080555
22.4492 29.244555
22.775801 29.319555
23.1071 29.300554
23.443199 29.183554
23.7841 28.974554
24.1301 28.687555
24.4811 28.336555
24.8372 27.941555
25.1984 27.518555
25.564899 27.078554
25.9368 26.607555
26.3141 26.079556
26.6968 25.438555
27.0851 24.650555
27.479099 23.741554
27.878799 22.996555
28.2843 23.038555
28.6957 24.367554
29.1131 26.552555
29.536501 28.933554
29.966101 31.207554
30.402 33.323555
30.8442 35.321552
31.2929 37.586552
31.748 39.865551
32.209801 41.007553
32.678299 42.810555
33.153599 44.606552
33.635899 46.347553
34.125099 48.022552
34.621498 49.624554
35.125 51.158554
35.635899 52.624554
36.154301 54.033554
36.680199 55.390553
37.213699 56.701553
37.755 57.971554
38.3041 59.198551
38.861301 60.384552
39.426498 61.524551
40.0 62.619553
40.581799 63.666553
41.1721 64.666557
41.771 65.624557
42.378502 66.540558
42.9949 67.421555
43.6203 68.298553
44.254799 69.314552
44.898499 69.963554
45.551498 70.641556
46.2141 71.38356
46.886299 72.094559
47.568298 72.77256
48.260201 73.417557
48.962101 74.031555
49.674301 74.614555
50.396801 75.16415995098109
51.129902 75.68768372754604
51.8736 76.18713435956921
52.628101 76.6624943085231
53.3936 77.11577711803463
54.1702 77.55097901884004
54.958099 77.97109653216052
55.7575 78.37912014187434
56.568501 78.86107011606065
57.391399 79.24692223655121
58.226101 79.53768519792398
59.073 79.904361065027
59.932301 80.25894330680138
60.804 80.59743395312147
61.6884 80.92083074100753
62.585701 81.22812417674356
63.496 81.5213285358773
64.419601 81.79942754796046
65.356598 82.06443251094652
66.307297 82.31733413945001
67.271698 82.55813243347093
68.250198 82.78782342798303
69.242897 83.04540937612832
70.250099 83.25388300745851
71.271896 83.42025463486421
72.308601 83.61851392067992
73.360298 83.81365423754491
74.427399 84.00268250840423
75.509903 84.1865997407265
76.608299 84.36340128237609
77.722603 84.53407201385572
78.853104 84.69863277674578
80.0 84.85606809226745
81.163597 85.02137367503525
82.3442 85.17156024713232
83.541901 85.30261412144927
84.757 85.41153505741214
85.989899 85.52933405265176
87.240601 85.63798908476241
88.509598 85.73551347920277
89.797 85.821899414429
91.103104 85.89714367227288
92.4282 85.96024508684621
93.772598 86.01820534288922
95.136597 86.05701420729649
96.520401 86.08168315647771
97.924301 86.09619901707612
99.348602 86.10156051117482
100.794 86.09476344064218
102.26 86.07881750242527
103.747 86.05471072402925
105.256 86.02444363687417
106.787 85.98400224096004
108.34 85.94340453628686
109.916 85.8996360542747
111.515 85.84069679492349
113.137 85.76357975823328
114.783 85.6662874756241
116.452 85.54981841567592
118.146 85.42316864122881
119.865 85.28732915228278
121.608 85.17631141741778
123.377 85.0891024994739
125.171 85.00270586703108
126.992 84.92510258292944
128.839 84.85330911574891
130.713 84.78231399690955
132.615 84.69810875783139
134.543 84.61171133567434
136.5 84.51609332469856
138.486 84.41926072490402
140.5 84.31221600487066
142.544 84.19895022743862
144.617 84.09147286118782
146.721 83.99675696895835
148.855 83.90782101933017
151.02 83.81864554372332
153.217 83.73824207355787
155.445 83.66660107741373
157.706 83.59971161813101
160.0 83.53857969570971
162.327 83.48319831014986
164.688 83.42757099287144
167.084 83.36867627529453
169.514 83.2975256259991
171.98 83.21710410782521
174.481 83.13542918935282
177.019 83.03647193342202
179.594 82.92323934003282
182.206 82.8057314091852
184.856 82.71094267229924
187.545 82.64586166079495
190.273 82.58248037467233
193.041 82.52080734535143
195.849 82.44884057283225
198.697 82.36056905711479
201.587 82.26398786103915
204.52 82.16607851602535
207.494 82.07786495923331
210.512 82.01232478492318
213.574 81.96845999309494
216.681 81.93425411516861
219.833 81.89871215114424
223.03 81.8608351010218
226.274 81.81561102764138
229.565 81.75402893100299
232.905 81.6680868739467
236.292 81.57778879363245
239.729 81.49611928432034
243.216 81.43107434601038
246.754 81.39264951012261
250.343 81.37884577665704
253.984 81.36865067703371
257.678 81.34306074267265
261.426 81.30207550499392
265.229 81.24867149541757
269.087 81.18385471394357
273.001 81.11662069199198
276.972 81.05596396098285
281.0 80.99388352091617
285.088 80.92634896605206
289.234 80.85938923355046
293.441 80.77196891767149
297.709 80.66209001841513
302.04 80.56274259862148
306.433 80.47593212687052
310.89 80.42164866600228
315.412 80.41087074743686
320.0 80.40860990259428
324.655 80.39384066289458
329.377 80.35457602833775
334.168 80.2837900617639
339.028 80.22749576317302
343.959 80.1956661954052
348.962 80.17230088988046
354.038 80.14839037801887
359.188 80.10393019124048
364.412 80.02491332954526
369.713 79.93032238719334
375.09 79.8491628327647
380.546 79.79041726051948
386.081 79.77707767045763
391.697 79.81013112541928
397.394 79.85458062540442
403.175 79.87141076467317
409.039 79.83561001180549
414.989 79.78317696106151
421.025 79.73909561244122
427.149 79.71235502878473
433.362 79.71395674151206
439.665 79.70788328204327
446.06 79.68511571321844
452.548 79.6476605664576
459.131 79.58649390460086
465.809 79.5446217276482
472.584 79.51701009843973
479.458 79.4867580798155
486.432 79.46380920319558
493.507 79.42839500000001
500.0 79.42839500000001
515.0 79.454795
530.0 79.483395
545.0 79.517795
560.0 79.560495
580.0 79.629395
600.0 79.705395
615.0 79.759595
630.0 79.803295
650.0 79.836095
670.0 79.831995
690.0 79.790295
710.0 79.72119500000001
730.0 79.645495
750.0 79.594195
775.0 79.604695
800.0 79.727495
825.0 79.956895
850.0 80.245895
875.0 80.527995
900.0 80.743095
925.0 80.853595
950.0 80.849995
975.0 80.749495
1000.0 80.589095
1030.0 80.381195
1060.0 80.216395
1090.0 80.120195
1120.0 80.07649500000001
1150.0 80.046395
1180.0 79.991595
1220.0 79.852095
1250.0 79.681995
1280.0 79.426395
1320.0 78.909195
1360.0 78.125995
1400.0 77.072495
1450.0 75.625895
1500.0 74.47759500000001
1550.0 73.708195
1600.0 72.912695
1650.0 71.85519500000001
1700.0 70.813395
1750.0 70.056595
1800.0 69.401795
1850.0 68.777395
1900.0 68.693095
1950.0 69.468895
2000.0 70.67709500000001
2060.0 71.946095
2120.0 72.860795
2180.0 73.573795
2240.0 74.182695
2300.0 74.75329500000001
2360.0 75.343995
2430.0 75.992195
2500.0 76.385495
2580.0 76.52299500000001
2650.0 76.699895
2720.0 77.013495
2800.0 77.313095
2900.0 77.429695
3000.0 77.342595
3070.0 77.280195
3150.0 77.341395
3250.0 77.618495
3350.0 77.728495
3450.0 77.397295
3550.0 77.122595
3650.0 77.090895
3750.0 77.097995
3870.0 77.105295
4000.0 76.958195
4120.0 76.937695
4250.0 77.150295
4370.0 77.301595
4500.0 77.248295
4620.0 76.791895
4750.0 76.069295
4870.0 75.759595
5000.0 75.759095
5150.0 75.86629500000001
5300.0 75.811195
5450.0 75.67239500000001
5600.0 75.73399500000001
5800.0 76.116995
6000.0 76.42109500000001
6150.0 76.37269500000001
6300.0 76.214895
6500.0 76.220895
6700.0 76.422195
6900.0 76.452495
7100.0 76.225295
7300.0 76.019895
7500.0 76.001195
7750.0 76.072795
8000.0 76.100995
8250.0 76.06749500000001
8500.0 76.067195
8750.0 76.057995
9000.0 75.974795
9250.0 75.902895
9500.0 75.831095
9750.0 75.773295
10000.0 75.89199500000001
10300.0 76.072895
10600.0 75.786995
10900.0 75.120495
11200.0 74.63339500000001
11500.0 74.547695
11800.0 74.643195
12200.0 74.57389500000001
12500.0 74.13299500000001
12800.0 73.295195
13200.0 71.498895
13600.0 69.02599500000001
14000.0 66.774995
14500.0 65.127295
15000.0 64.614295
15500.0 64.358295
16000.0 64.343095
16500.0 65.74729500000001
17000.0 67.495695
17500.0 68.456895
18000.0 68.704395
18500.0 68.631795
19000.0 68.485695
19500.0 68.346495
