20.0 26.890554
20.290899 27.137554
20.586 27.445555
20.8855 27.801554
21.189301 28.178555
21.497499 28.531555
21.8102 28.837555
22.127399 29.080555
22.4492 29.244555
22.775801 29.319555
23.1071 29.300554
23.443199 29.183554
23.7841 28.974554
24.1301 28.687555
24.4811 28.336555
24.8372 27.941555
25.1984 27.518555
25.564899 27.078554
25.9368 26.607555
26.3141 26.079556
26.6968 25.438555
27.0851 24.650555
27.479099 23.741554
27.878799 22.996555
28.2843 23.038555
28.6957 24.367554
29.1131 26.552555
29.536501 28.933554
29.966101 31.207554
30.402 33.323555
30.8442 35.321552
31.2929 37.586552
31.748 39.865551
32.209801 41.007553
32.678299 42.810555
33.153599 44.606552
33.635899 46.347553
34.125099 48.022552
34.621498 49.624554
35.125 51.158554
35.635899 52.624554
36.154301 54.033554
36.680199 55.390553
37.213699 56.701553
37.755 57.971554
38.3041 59.198551
38.861301 60.384552
39.426498 61.524551
40.0 62.619553
40.581799 63.666553
41.1721 64.666557
41.771 65.624557
42.378502 66.540558
42.9949 67.421555
43.6203 68.298553
44.254799 69.314552
44.898499 69.963554
45.551498 70.641556
46.2141 71.38356
46.886299 72.094559
47.568298 72.77256
48.260201 73.417557
48.962101 74.031555
49.674301 74.614555
50.396801 75.17041453633782
51.129902 75.70028466969114
51.8736 76.20617339530686
52.628101 76.6880649579718
53.3936 77.14797458940164
54.1702 77.58989941198979
54.958099 78.01683766101682
55.7575 78.43178157770468
56.568501 78.92075227850538
57.391399 79.31372811633972
58.226101 79.61171698069715
59.073 79.9857243385739
59.932301 80.34774543356852
60.804 80.69378226092788
61.6884 81.0248351807025
62.585701 81.3398964305495
63.496 81.64098112573257
64.419601 81.92707562749054
65.356598 82.20019204752226
66.307297 82.46132374944312
67.271698 82.71047073325312
68.250198 82.94863247070163
69.242897 83.21481208061721
70.250099 83.43200492423868
71.271896 83.60722211088833
72.308601 83.81445601249952
73.360298 84.01870072888826
74.427399 84.21696674962821
75.509903 84.41025507353108
76.608299 84.59656528166853
77.722603 84.77688239305313
78.853104 84.95122975109939
80.0 85.1185935910879
81.163597 85.29397227663401
82.3442 85.45437917016484
83.541901 85.59580138100266
84.757 85.71524126563317
85.989899 85.84371330174716
87.240601 85.96319549290946
88.509598 86.07170542375663
89.797 86.16923622500005
91.103104 86.25578724956054
92.4282 86.33035984204093
93.772598 86.39995837080977
95.136597 86.45057519116442
96.520401 86.48722354551516
97.924301 86.51389277965309
99.348602 86.5315842560053
100.794 86.5372998016186
102.26 86.53404482829158
103.747 86.52281080896192
105.256 86.50560693191521
106.787 86.47841919715145
108.34 86.45126560467065
109.916 86.4211403427584
111.515 86.37604341141467
113.137 86.31296781063948
114.783 86.22992472871843
116.452 86.1279039773659
118.146 86.01591893315312
119.865 85.89496059608003
121.608 85.79903177786107
123.377 85.72713685506741
125.171 85.65627063941348
126.992 85.59443150747043
128.839 85.5386272709527
130.713 85.48385511814585
132.615 85.4161152373355
134.543 85.34640825195045
136.5 85.26773172684747
138.486 85.18809166202657
140.5 85.09848186920213
142.544 85.00291072494537
144.617 84.91337904097067
146.721 84.83687719384922
148.855 84.76641499529542
151.02 84.69598163359488
153.217 84.63459729703318
155.445 84.58224379732472
157.706 84.53492751104069
160.0 84.4936544381811
162.327 84.45841757874592
164.688 84.42322912102075
167.084 84.38507625329119
169.514 84.33496178727167
171.98 84.2758880995333
174.481 84.21586400179056
177.019 84.13887787061458
179.594 84.0479367060054
182.206 83.95304050796298
184.856 83.88119246477295
187.545 83.83938976472088
190.273 83.79962440780675
193.041 83.76191358231618
195.849 83.71425528824915
198.697 83.65063852560567
201.587 83.57907567095691
204.52 83.50655691258847
207.494 83.44408887392915
210.512 83.40467511983574
213.574 83.38731765030823
216.681 83.38000865363222
219.833 83.37175312980769
223.03 83.36155207883465
226.274 83.34441087728428
229.565 83.31131852515657
232.905 83.25429039902271
236.292 83.19331312231152
239.729 83.14139725987977
243.216 83.10653881172743
246.754 83.09874196614014
250.343 83.11600772311786
253.984 83.13733227094619
257.678 83.14372079791072
261.426 83.13518149229704
265.229 83.11469954239072
269.087 83.0832809481918
273.001 83.04992989798583
276.972 83.02364958005843
281.0 82.99643899440956
285.088 82.96429370589603
289.234 82.93322533794664
293.441 82.88222445541815
297.709 82.80929305831056
302.04 82.74743852319509
306.433 82.69865766178609
310.89 82.68295785065476
315.412 82.7113262780867
320.0 82.7487831323675
324.655 82.77431160178274
329.377 82.7759246863324
334.168 82.7466137625877
339.028 82.73239183054862
343.959 82.74324926678634
348.962 82.76319425958641
354.038 82.78322599723448
359.188 82.7833486680161
364.412 82.74955527193129
369.713 82.70085437383679
375.09 82.66624278544705
380.546 82.65472907161882
386.081 82.68930523235207
391.697 82.77097564421801
397.394 82.86474330721664
403.175 82.93161878620472
409.039 82.94658189289665
414.989 82.9456571921492
421.025 82.95382868396239
427.149 82.98010274490737
433.362 83.03548956326975
439.665 83.0839803273351
446.06 83.11657341367462
452.548 83.13528401057387
459.131 83.13110549460406
465.809 83.14704386576516
472.584 83.17808250062836
479.458 83.20733777576484
486.432 83.2447618794602
493.507 83.270595
500.0 83.270595
515.0 83.262295
530.0 83.224395
545.0 83.168395
560.0 83.109595
580.0 83.052295
600.0 83.045795
615.0 83.086495
630.0 83.17059499999999
650.0 83.333495
670.0 83.528395
690.0 83.72539499999999
710.0 83.897095
730.0 84.026395
750.0 84.109195
775.0 84.166495
800.0 84.214195
825.0 84.300495
850.0 84.456495
875.0 84.677795
900.0 84.927995
925.0 85.156995
950.0 85.32169499999999
975.0 85.40129499999999
1000.0 85.403595
1030.0 85.35849499999999
1060.0 85.349595
1090.0 85.451495
1120.0 85.67569499999999
1150.0 85.960595
1180.0 86.20309499999999
1220.0 86.343195
1250.0 86.263395
1280.0 86.022295
1320.0 85.551095
1360.0 85.036495
1400.0 84.56099499999999
1450.0 84.043295
1500.0 83.638595
1550.0 83.48049499999999
1600.0 83.606295
1650.0 83.788895
1700.0 83.741395
1750.0 83.405095
1800.0 82.98819499999999
1850.0 82.729395
1900.0 82.638695
1950.0 82.54389499999999
2000.0 82.380495
2060.0 82.301795
2120.0 82.541495
2180.0 82.855895
2240.0 82.891995
2300.0 82.68599499999999
2360.0 82.500895
2430.0 82.303395
2500.0 81.921395
2580.0 81.601995
2650.0 81.671495
2720.0 81.652995
2800.0 81.42699499999999
2900.0 81.34099499999999
3000.0 81.098095
3070.0 81.118995
3150.0 81.292895
3250.0 81.287795
3350.0 81.185195
3450.0 80.99509499999999
3550.0 80.682695
3650.0 80.370795
3750.0 80.003695
3870.0 79.522695
4000.0 78.937595
4120.0 78.355395
4250.0 77.857295
4370.0 78.478295
4500.0 80.84999499999999
4620.0 83.542395
4750.0 85.31399499999999
4870.0 85.618095
5000.0 85.41029499999999
5150.0 85.073895
5300.0 84.867195
5450.0 84.81829499999999
5600.0 84.701695
5800.0 84.359695
6000.0 84.056195
6150.0 84.033395
6300.0 84.015995
6500.0 84.019595
6700.0 84.441695
6900.0 84.889895
7100.0 85.494295
7300.0 86.51819499999999
7500.0 87.507695
7750.0 88.23139499999999
8000.0 88.486395
8250.0 88.492395
8500.0 88.518395
8750.0 88.415395
9000.0 87.968895
9250.0 87.156595
9500.0 85.96129499999999
9750.0 84.552795
10000.0 83.223895
10300.0 82.111995
10600.0 81.783095
10900.0 82.014995
11200.0 82.587195
11500.0 83.358895
11800.0 83.987995
12200.0 84.404395
12500.0 84.699895
12800.0 85.04989499999999
13200.0 85.520595
13600.0 85.886495
14000.0 86.03359499999999
14500.0 85.888695
15000.0 85.494695
15500.0 84.776395
16000.0 83.70529499999999
16500.0 82.401695
17000.0 81.164695
17500.0 80.070295
18000.0 78.853495
18500.0 77.229195
19000.0 74.883295
19500.0 71.659395
