20.0 26.890554
20.290899 27.137554
20.586 27.445555
20.8855 27.801554
21.189301 28.178555
21.497499 28.531555
21.8102 28.837555
22.127399 29.080555
22.4492 29.244555
22.775801 29.319555
23.1071 29.300554
23.443199 29.183554
23.7841 28.974554
24.1301 28.687555
24.4811 28.336555
24.8372 27.941555
25.1984 27.518555
25.564899 27.078554
25.9368 26.607555
26.3141 26.079556
26.6968 25.438555
27.0851 24.650555
27.479099 23.741554
27.878799 22.996555
28.2843 23.038555
28.6957 24.367554
29.1131 26.552555
29.536501 28.933554
29.966101 31.207554
30.402 33.323555
30.8442 35.321552
31.2929 37.586552
31.748 39.865551
32.209801 41.007553
32.678299 42.810555
33.153599 44.606552
33.635899 46.347553
34.125099 48.022552
34.621498 49.624554
35.125 51.158554
35.635899 52.624554
36.154301 54.033554
36.680199 55.390553
37.213699 56.701553
37.755 57.971554
38.3041 59.198551
38.861301 60.384552
39.426498 61.524551
40.0 62.619553
40.581799 63.666553
41.1721 64.666557
41.771 65.624557
42.378502 66.540558
42.9949 67.421555
43.6203 68.298553
44.254799 69.314552
44.898499 69.963554
45.551498 70.641556
46.2141 71.38356
46.886299 72.094559
47.568298 72.77256
48.260201 73.417557
48.962101 74.031555
49.674301 74.614555
50.396801 75.16553126499507
51.129902 75.69044647640426
51.8736 76.19130865650986
52.628101 76.66810065777499
53.3936 77.12283639393894
54.1702 77.55951229123329
54.958099 77.98112524668566
55.7575 78.39066612947089
56.568501 78.87415539367332
57.391399 79.26156938483444
58.226101 79.55391662101702
59.073 79.92219991298803
59.932301 80.27841311878115
60.804 80.61855826067863
61.6884 80.94363365079855
62.585701 81.25263017502739
63.496 81.5475622930201
64.419601 81.8274143113242
65.356598 82.09419770630632
66.307297 82.34890377337281
67.271698 82.59153251252368
68.250198 82.82308071224365
69.242897 83.08255081547594
70.250099 83.29293612876808
71.271896 83.46124713962782
72.308601 83.66147410446754
73.360298 83.8586105553596
74.427399 84.04966419723019
75.509903 84.23563603564988
76.608299 84.41452234661115
77.722603 84.58730804098494
78.853104 84.75401450887723
80.0 84.9136266473157
81.163597 85.08114075170663
82.3442 85.23356812302701
83.541901 85.36689524878459
84.757 85.47812245780915
85.989899 85.59826151073254
87.240601 85.70929039084307
88.509598 85.80922335742154
89.797 85.89805279770552
91.103104 85.97577605723647
92.4282 86.04139252054983
93.772598 86.10190446076966
95.136597 86.14330221229632
96.520401 86.17059763873401
97.924301 86.18777811904761
99.348602 86.19584295421402
100.794 86.1917892671183
102.26 86.17862581519132
103.747 86.15734138134727
105.256 86.12993839501861
106.787 86.09240285620538
108.34 86.05475276490758
109.916 86.01397555055773
111.515 85.95807121315579
113.137 85.88403275270181
114.783 85.78986459862828
116.452 85.6765633215027
118.146 85.5531287801901
119.865 85.42055197469045
121.608 85.31284247557129
123.377 85.2289911416976
125.171 85.14599954363692
126.992 85.07185254025423
128.839 85.00356470211706
130.713 84.93612645865788
132.615 84.85553123930926
134.543 84.77279318520611
136.5 84.68088958464604
138.486 84.58782643762902
140.5 84.48460431472253
142.544 84.37521807479162
144.617 84.27167528840376
146.721 84.18095281442397
148.855 84.0960672234198
151.02 84.01100094482368
153.217 83.9347674080682
155.445 83.86735518372079
157.706 83.80475713064652
160.0 83.7479792488454
162.327 83.69701453831739
164.688 83.64586842849502
167.084 83.59152134881084
169.514 83.52498286983231
171.98 83.44924185042447
174.481 83.3723138611548
177.019 83.27817376088832
179.594 83.16982854962507
182.206 83.05727822736499
184.856 82.96751922354066
187.545 82.90754196758459
190.273 82.84933845949675
193.041 82.79291912870968
195.849 82.72628197522337
198.697 82.64341599903783
201.587 82.5523200590181
204.52 82.45997758459669
207.494 82.37740871690853
210.512 82.31759674425125
213.574 82.2795436666248
216.681 82.2512349134617
219.833 82.22167548476197
223.03 82.18986638052561
226.274 82.15079945961763
229.565 82.09546372203806
232.905 82.01586102665193
236.292 81.9319915145942
239.729 81.85684547416243
243.216 81.79841890535658
246.754 81.76670923760923
250.343 81.75971747092036
253.984 81.75643303472249
257.678 81.73785435844812
261.426 81.7039828715298
265.229 81.6577970034
269.087 81.60030275405879
273.001 81.54049755293862
276.972 81.48737782947205
281.0 81.43294258365907
285.088 81.37316710379724
289.234 81.31407653102153
293.441 81.23464115362947
297.709 81.13286297162107
302.04 81.04173584386139
306.433 80.96326334091789
310.89 80.9174393216556
315.412 80.91524421550709
320.0 80.9216914519048
324.655 80.91575746028133
329.377 80.8854552406366
334.168 80.82376265183571
339.028 80.77669269387866
343.959 80.75422222563044
348.962 80.7403526765236
354.038 80.72607647599065
359.188 80.69139105346414
364.412 80.62228940894403
369.713 80.53775983072788
375.09 80.4668058893832
380.546 80.41841587320754
386.081 80.41558178220086
391.697 80.45929447522825
397.394 80.51455695228968
403.175 80.54235950168272
409.039 80.51768869397485
414.989 80.47654881746362
421.025 80.44392387214904
427.149 80.42880671689613
433.362 80.44220078113744
439.665 80.44809049430546
446.06 80.43746071526525
452.548 80.41231987344929
459.131 80.36364782772267
465.809 80.33445057808537
472.584 80.31969798340242
479.458 80.30249290253884
486.432 80.29278076492722
493.507 80.27079499999999
500.0 80.27079499999999
515.0 80.186195
530.0 80.075695
545.0 79.946895
560.0 79.811795
580.0 79.643795
600.0 79.51389499999999
615.0 79.452195
630.0 79.424395
650.0 79.424595
670.0 79.440995
690.0 79.443795
710.0 79.40649499999999
730.0 79.315095
750.0 79.170695
775.0 78.94709499999999
800.0 78.736795
825.0 78.606295
850.0 78.591495
875.0 78.669895
900.0 78.773395
925.0 78.822395
950.0 78.757595
975.0 78.560495
1000.0 78.260695
1030.0 77.874695
1060.0 77.618595
1090.0 77.592995
1120.0 77.755595
1150.0 77.952095
1180.0 78.012995
1220.0 77.768795
1250.0 77.34309499999999
1280.0 76.773395
1320.0 75.991295
1360.0 75.306995
1400.0 74.59439499999999
1450.0 73.43559499999999
1500.0 72.339795
1550.0 72.206295
1600.0 72.869795
1650.0 73.15089499999999
1700.0 72.430595
1750.0 71.054695
1800.0 69.753495
1850.0 68.748195
1900.0 67.563795
1950.0 65.954095
2000.0 64.543695
2060.0 63.677994999999996
2120.0 63.14319499999999
2180.0 63.158095
2240.0 64.483295
2300.0 66.285495
2360.0 67.467095
2430.0 68.492695
2500.0 69.619995
2580.0 70.460295
2650.0 71.157995
2720.0 72.163095
2800.0 73.14319499999999
2900.0 73.787195
3000.0 74.39529499999999
3070.0 74.729595
3150.0 75.124195
3250.0 75.429495
3350.0 75.146995
3450.0 74.561795
3550.0 73.714395
3650.0 73.015895
3750.0 72.606295
3870.0 71.930395
4000.0 70.866295
4120.0 70.155395
4250.0 69.100495
4370.0 67.47369499999999
4500.0 66.795095
4620.0 67.942695
4750.0 68.969895
4870.0 68.259795
5000.0 67.308295
5150.0 67.360295
5300.0 67.601795
5450.0 66.537695
5600.0 65.242895
5800.0 64.916795
6000.0 64.32769499999999
6150.0 64.46379499999999
6300.0 64.241495
6500.0 63.574394999999996
6700.0 64.96209499999999
6900.0 66.568495
7100.0 67.660995
7300.0 67.80289499999999
7500.0 67.476395
7750.0 67.459595
8000.0 66.86709499999999
8250.0 66.320295
8500.0 65.436095
8750.0 65.276495
9000.0 64.85679499999999
9250.0 63.66549499999999
9500.0 62.848495
9750.0 62.44199499999999
10000.0 63.713894999999994
10300.0 65.908895
10600.0 67.47499499999999
10900.0 67.308195
11200.0 66.416795
11500.0 65.267595
11800.0 63.865494999999996
12200.0 61.949794999999995
12500.0 60.824895
12800.0 59.552595
13200.0 58.19069499999999
13600.0 58.528195
14000.0 59.210295
14500.0 58.146694999999994
15000.0 55.261295000000004
15500.0 50.957094999999995
16000.0 47.450295
16500.0 46.767495
17000.0 47.716995
17500.0 47.588894999999994
18000.0 46.457195
18500.0 45.773295
19000.0 44.880295
19500.0 42.444595
