20.0 26.890554
20.290899 27.137554
20.586 27.445555
20.8855 27.801554
21.189301 28.178555
21.497499 28.531555
21.8102 28.837555
22.127399 29.080555
22.4492 29.244555
22.775801 29.319555
23.1071 29.300554
23.443199 29.183554
23.7841 28.974554
24.1301 28.687555
24.4811 28.336555
24.8372 27.941555
25.1984 27.518555
25.564899 27.078554
25.9368 26.607555
26.3141 26.079556
26.6968 25.438555
27.0851 24.650555
27.479099 23.741554
27.878799 22.996555
28.2843 23.038555
28.6957 24.367554
29.1131 26.552555
29.536501 28.933554
29.966101 31.207554
30.402 33.323555
30.8442 35.321552
31.2929 37.586552
31.748 39.865551
32.209801 41.007553
32.678299 42.810555
33.153599 44.606552
33.635899 46.347553
34.125099 48.022552
34.621498 49.624554
35.125 51.158554
35.635899 52.624554
36.154301 54.033554
36.680199 55.390553
37.213699 56.701553
37.755 57.971554
38.3041 59.198551
38.861301 60.384552
39.426498 61.524551
40.0 62.619553
40.581799 63.666553
41.1721 64.666557
41.771 65.624557
42.378502 66.540558
42.9949 67.421555
43.6203 68.298553
44.254799 69.314552
44.898499 69.963554
45.551498 70.641556
46.2141 71.38356
46.886299 72.094559
47.568298 72.77256
48.260201 73.417557
48.962101 74.031555
49.674301 74.614555
50.396801 75.16808766519397
51.129902 75.69559678600415
51.8736 76.19909037055973
52.628101 76.6785520002075
53.3936 77.13599627864946
54.1702 77.57541999655898
54.958099 77.99982075154121
55.7575 78.41219013103978
56.568501 78.89854893588955
57.391399 79.28887456249825
58.226101 79.5841751998695
59.073 79.95545504931047
59.932301 80.3147086942002
60.804 80.6579381426679
61.6884 80.98614277892747
62.585701 81.29831419651946
63.496 81.596467198311
64.419601 81.87958716648374
65.356598 82.14968591000174
66.307297 82.407755806982
67.271698 82.65379685742451
68.250198 82.88880725450727
69.242897 83.15178979500052
70.250099 83.36573886108592
71.271896 83.53766526579206
72.308601 83.74156037300992
73.360298 83.94241801202652
74.427399 84.13724734553536
75.509903 84.32704937556875
76.608299 84.5098221083333
77.722603 84.68655051131226
78.853104 84.85725699717167
80.0 85.02092716351673
81.163597 85.19255838846439
82.3442 85.34916305216404
83.541901 85.48672796764427
84.757 85.60225452521593
85.989899 85.72675590789547
87.240601 85.842210109586
88.509598 85.94663313039727
89.797 86.04001774677657
91.103104 86.12236235513157
92.4282 86.19266736609607
93.772598 86.25793614965792
95.136597 86.3041600981602
96.520401 86.33635179701426
97.924301 86.35849965482161
99.348602 86.37160405173152
100.794 86.37266457326513
102.26 86.36468822540955
103.747 86.34866519931047
105.256 86.3266014626706
106.787 86.2944830154899
108.34 86.26232785776841
109.916 86.22712695720882
111.515 86.17688031381108
113.137 86.10858092757525
114.783 86.02023676620398
116.452 85.9128408619946
118.146 85.79540015035248
119.865 85.66890563127762
121.608 85.56736333706735
123.377 85.48977120312702
125.171 85.41312726175396
126.992 85.34542344835354
128.839 85.2836707952231
130.713 85.22286327006529
132.615 85.14899784058282
134.543 85.0730815713703
136.5 84.98810236553581
138.486 84.90206622307934
140.5 84.80597017629822
142.544 84.70381616059781
144.617 84.60760820827544
146.721 84.52433025473647
148.855 84.44699533227822
151.02 84.36958940860336
153.217 84.30112945141462
155.445 84.24160049300929
157.706 84.18700246879274
160.0 84.13834137876498
162.327 84.09561022292603
164.688 84.05281796897853
167.084 84.00694858462522
169.514 83.94900810216339
171.98 83.88199245699842
174.481 83.81391368142762
177.019 83.72875371085635
179.594 83.62951954528467
182.206 83.52621118471251
184.856 83.44582859684262
187.545 83.39536574937766
190.273 83.34681464231761
193.041 83.30018924336521
195.849 83.24348755252042
198.697 83.17069856978326
201.587 83.0898282305591
204.52 83.00786350255065
207.494 82.93581745035249
210.512 82.88668397707274
213.574 82.85946508271137
216.681 82.84214973497106
219.833 82.82374293385185
223.03 82.80324567935371
226.274 82.77565690688202
229.565 82.7319656164368
232.905 82.6641807434234
236.292 82.5922953524365
239.729 82.5293103465841
243.216 82.48322172586622
246.754 82.46403045798557
250.343 82.46973754294216
253.984 82.47933594843863
257.678 82.47382764217772
261.426 82.45321759186211
265.229 82.42048776519447
269.087 82.37664416217483
273.001 82.33068775050585
276.972 82.29161849789023
281.0 82.25143540432798
285.088 82.20612437292716
289.234 82.16170346828241
293.441 82.09715359350177
297.709 82.01047674858526
302.04 81.93467386893828
306.433 81.87174498685809
310.89 81.8416910377501
315.412 81.85549598931702
320.0 81.8781768092615
324.655 81.88871346528627
329.377 81.87511895739128
334.168 81.83037822098197
339.028 81.8005042560583
343.959 81.79548099802567
348.962 81.79931341458675
354.038 81.80299747344425
359.188 81.78653414230087
364.412 81.73591642115657
369.713 81.67014321311946
375.09 81.61821455048684
380.546 81.58912933636677
386.081 81.60587957075926
391.697 81.66946318906967
397.394 81.74488319129806
403.175 81.79314048055244
409.039 81.78921808913012
414.989 81.76913092013922
421.025 81.75786297357969
427.149 81.76441418485695
433.362 81.79979152167367
439.665 81.82798295173254
446.06 81.83998041043895
452.548 81.83779586549558
459.131 81.81241625230783
465.809 81.80684757087568
472.584 81.81606675660451
479.458 81.82318374489971
486.432 81.83814750346399
493.507 81.841195
500.0 81.841195
515.0 81.879695
530.0 81.89669500000001
545.0 81.898695
560.0 81.893595
580.0 81.887895
600.0 81.893895
615.0 81.909495
630.0 81.934495
650.0 81.976095
670.0 82.017995
690.0 82.051895
710.0 82.073695
730.0 82.086195
750.0 82.099795
775.0 82.137195
800.0 82.216195
825.0 82.341795
850.0 82.499795
875.0 82.662995
900.0 82.803295
925.0 82.901495
950.0 82.95489500000001
975.0 82.979395
1000.0 83.005795
1030.0 83.081095
1060.0 83.227895
1090.0 83.431995
1120.0 83.64799500000001
1150.0 83.826395
1180.0 83.932495
1220.0 83.959295
1250.0 83.90609500000001
1280.0 83.792495
1320.0 83.547095
1360.0 83.161595
1400.0 82.611395
1450.0 81.782895
1500.0 81.003195
1550.0 80.348795
1600.0 79.624695
1650.0 78.57649500000001
1700.0 77.193595
1750.0 75.74559500000001
1800.0 74.550195
1850.0 73.85429500000001
1900.0 73.87099500000001
1950.0 74.580395
2000.0 75.618095
2060.0 76.783095
2120.0 77.710595
2180.0 78.496395
2240.0 79.214695
2300.0 79.881195
2360.0 80.503895
2430.0 81.168195
2500.0 81.703495
2580.0 82.132795
2650.0 82.476595
2720.0 82.858895
2800.0 83.265395
2900.0 83.642595
3000.0 83.901795
3070.0 84.051195
3150.0 84.237395
3250.0 84.425895
3350.0 84.54479500000001
3450.0 84.690095
3550.0 84.783995
3650.0 84.839095
3750.0 84.916595
3870.0 85.036995
4000.0 85.139995
4120.0 85.26229500000001
4250.0 85.44379500000001
4370.0 85.616595
4500.0 85.388895
4620.0 84.613495
4750.0 83.818995
4870.0 83.614195
5000.0 83.734295
5150.0 83.804295
5300.0 83.725595
5450.0 83.709695
5600.0 83.856295
5800.0 84.080095
6000.0 84.15739500000001
6150.0 84.145195
6300.0 84.239295
6500.0 84.606395
6700.0 85.017195
6900.0 85.223395
7100.0 85.036295
7300.0 84.656295
7500.0 84.279195
7750.0 83.757395
8000.0 83.259995
8250.0 82.953795
8500.0 82.83119500000001
8750.0 82.898895
9000.0 83.162395
9250.0 83.521995
9500.0 83.787195
9750.0 83.901895
10000.0 84.037195
10300.0 84.30639500000001
10600.0 84.479895
10900.0 84.49429500000001
11200.0 84.42069500000001
11500.0 84.31319500000001
11800.0 84.175295
12200.0 83.819895
12500.0 83.233395
12800.0 82.29779500000001
13200.0 80.70879500000001
13600.0 79.038495
14000.0 77.114395
14500.0 74.062995
15000.0 70.80809500000001
15500.0 67.493395
16000.0 64.714495
16500.0 61.886695
17000.0 61.100995
17500.0 63.084895
18000.0 65.436295
18500.0 67.504095
19000.0 69.78199500000001
19500.0 72.046295
