20.0 26.890554
20.290899 27.137554
20.586 27.445555
20.8855 27.801554
21.189301 28.178555
21.497499 28.531555
21.8102 28.837555
22.127399 29.080555
22.4492 29.244555
22.775801 29.319555
23.1071 29.300554
23.443199 29.183554
23.7841 28.974554
24.1301 28.687555
24.4811 28.336555
24.8372 27.941555
25.1984 27.518555
25.564899 27.078554
25.9368 26.607555
26.3141 26.079556
26.6968 25.438555
27.0851 24.650555
27.479099 23.741554
27.878799 22.996555
28.2843 23.038555
28.6957 24.367554
29.1131 26.552555
29.536501 28.933554
29.966101 31.207554
30.402 33.323555
30.8442 35.321552
31.2929 37.586552
31.748 39.865551
32.209801 41.007553
32.678299 42.810555
33.153599 44.606552
33.635899 46.347553
34.125099 48.022552
34.621498 49.624554
35.125 51.158554
35.635899 52.624554
36.154301 54.033554
36.680199 55.390553
37.213699 56.701553
37.755 57.971554
38.3041 59.198551
38.861301 60.384552
39.426498 61.524551
40.0 62.619553
40.581799 63.666553
41.1721 64.666557
41.771 65.624557
42.378502 66.540558
42.9949 67.421555
43.6203 68.298553
44.254799 69.314552
44.898499 69.963554
45.551498 70.641556
46.2141 71.38356
46.886299 72.094559
47.568298 72.77256
48.260201 73.417557
48.962101 74.031555
49.674301 74.614555
50.396801 75.15838819057278
51.129902 75.6760555196262
51.8736 76.16956504898896
52.628101 76.63889759448288
53.3936 77.0860651419587
54.1702 77.5150630993273
54.958099 77.92888640606793
55.7575 78.33052392437392
56.568501 78.80599513944203
57.391399 79.18527346049112
58.226101 79.4693683250385
59.073 79.82927865841414
59.932301 80.17699629189701
60.804 80.50852328731584
61.6884 80.82485496114639
62.585701 81.12498022195352
63.496 81.41091257039118
64.419601 81.68163330747798
65.356598 81.93915298023938
66.307297 82.18445985877968
67.271698 82.41755394309881
68.250198 82.63942809669807
69.242897 82.8890837738599
70.250099 83.08951127560285
71.271896 83.24772017986679
72.308601 83.43769764855573
73.360298 83.6244363832669
74.427399 83.80494001564392
75.509903 83.980209561144
76.608299 84.14823646120819
77.722603 84.31000546852171
78.853104 84.46553511596076
80.0 84.61380834300459
81.163597 84.7698184197574
82.3442 84.91057363178066
83.541901 85.03205955701416
84.757 85.13127355830524
85.989899 85.23922342186924
87.240601 85.33788710133464
88.509598 85.42527399177104
89.797 85.50137539288907
91.103104 85.56618571390757
92.4282 85.61870147224562
93.772598 85.66592187617871
95.136597 85.69383430401136
96.520401 85.7074486024797
97.924301 85.71074927354562
99.348602 85.70473260277053
100.794 85.68638883196019
102.26 85.65873161241652
103.747 85.62274579218361
105.256 85.58042391408578
106.787 85.52775197812305
108.34 85.47474798429542
109.916 85.41838947542719
111.515 85.34667645151838
113.137 85.25660191256895
114.783 85.14616040140329
116.452 85.01635837519702
118.146 84.87617591959881
119.865 84.72660403460866
121.608 84.60166217740223
123.377 84.50032143362817
125.171 84.39959326046218
126.992 84.30744274355288
128.839 84.22089434007597
130.713 84.13492859285576
132.615 84.03552904471657
134.543 83.93372961000973
136.5 83.82247791720826
138.486 83.70977996631214
140.5 83.58664621449702
142.544 83.45705174741157
144.617 83.33301402223148
146.721 83.22149012460535
148.855 83.11550651170892
151.02 83.00903572636645
153.217 82.9110813114023
155.445 82.82164172399213
157.706 82.7366900497846
160.0 82.65723228877971
162.327 82.58326144097745
164.688 82.50877304920212
167.084 82.4307376562781
169.514 82.34017471938101
171.98 82.24005332415953
174.481 82.13839892778932
177.019 82.01916661591903
179.594 81.88536338854868
182.206 81.74698924567822
184.856 81.63103073013204
187.545 81.5444683847344
190.273 81.45929420948534
193.041 81.37550874720915
195.849 81.28110999790586
198.697 81.17008696157545
201.587 81.05041872386658
204.52 80.92907882760356
207.494 80.81710718713775
210.512 80.72745743094212
213.574 80.65913155901667
216.681 80.6001051141857
219.833 80.53938309644924
223.03 80.47596650580728
226.274 80.40482742790846
229.565 80.31695486275278
232.905 80.20433089598889
236.292 80.08697544196815
239.729 79.97784912916352
243.216 79.88494795757498
246.754 79.81825947002689
250.343 79.77578466651923
253.984 79.73650308987632
257.678 79.68140328292249
261.426 79.61047678848206
265.229 79.52669214937933
269.087 79.43105536561434
273.001 79.33255398001138
276.972 79.2401745353948
281.0 79.14591603176459
285.088 79.04572409759369
289.234 78.94564364723348
293.441 78.82461530915694
297.709 78.68064108336404
302.04 78.54669505550343
306.433 78.42479068275082
310.89 78.3349020507548
315.412 78.28799970233975
320.0 78.24908718032995
324.655 78.19713102754974
329.377 78.1201442439991
334.168 78.01108491532672
339.028 77.91596604153257
343.959 77.84474470826528
348.962 77.7814124583492
354.038 77.71695183460862
359.188 77.6313503798679
364.412 77.51060109412701
369.713 77.37366260585893
375.09 77.24954837223935
380.546 77.14721702174121
386.081 77.08966055436453
391.697 77.07785005575793
397.394 77.07678852592146
403.175 77.04743659332803
409.039 76.96479071515334
414.989 76.86482551987037
421.025 76.77252500747909
427.149 76.69686226362818
433.362 76.64883083114195
439.665 76.5924052528447
446.06 76.5185506143851
452.548 76.42926545858745
459.131 76.31550987110043
465.809 76.22028985192401
472.584 76.13855548670684
479.458 76.05338986109756
486.432 75.97472851792051
493.507 75.882795
500.0 75.882795
515.0 75.788595
530.0 75.688095
545.0 75.587795
560.0 75.495995
580.0 75.398195
600.0 75.337795
615.0 75.319295
630.0 75.321995
650.0 75.34439499999999
670.0 75.36879499999999
690.0 75.37609499999999
710.0 75.35209499999999
730.0 75.292295
750.0 75.203895
775.0 75.079895
800.0 74.980895
825.0 74.940595
850.0 74.969195
875.0 75.044495
900.0 75.121495
925.0 75.149095
950.0 75.086795
975.0 74.917795
1000.0 74.653295
1030.0 74.269195
1060.0 73.913195
1090.0 73.694895
1120.0 73.68469499999999
1150.0 73.875395
1180.0 74.192495
1220.0 74.657495
1250.0 74.950395
1280.0 75.159695
1320.0 75.317495
1360.0 75.371195
1400.0 75.337495
1450.0 75.138195
1500.0 74.637495
1550.0 73.743595
1600.0 72.572895
1650.0 71.419895
1700.0 70.484595
1750.0 69.655495
1800.0 68.67489499999999
1850.0 67.423295
1900.0 66.052695
1950.0 65.024495
2000.0 64.747295
2060.0 65.235795
2120.0 65.897995
2180.0 66.252595
2240.0 66.446195
2300.0 67.049795
2360.0 68.114895
2430.0 69.247495
2500.0 70.098495
2580.0 71.329795
2650.0 72.429695
2720.0 73.075695
2800.0 73.270495
2900.0 73.240995
3000.0 73.256095
3070.0 73.280295
3150.0 73.128395
3250.0 72.49509499999999
3350.0 71.554495
3450.0 70.522095
3550.0 69.496195
3650.0 69.233395
3750.0 69.556495
3870.0 69.442595
4000.0 69.12779499999999
4120.0 69.006795
4250.0 68.703695
4370.0 68.298395
4500.0 67.031995
4620.0 64.490895
4750.0 61.296295
4870.0 57.373594999999995
5000.0 54.768995000000004
5150.0 57.35339499999999
5300.0 61.741895
5450.0 62.527095
5600.0 60.899795
5800.0 59.69839499999999
6000.0 61.39919499999999
6150.0 64.072495
6300.0 66.395395
6500.0 67.791395
6700.0 67.86579499999999
6900.0 66.623995
7100.0 66.467095
7300.0 68.014195
7500.0 69.25239499999999
7750.0 69.253895
8000.0 68.622595
8250.0 68.868995
8500.0 70.277095
8750.0 70.50319499999999
9000.0 69.116795
9250.0 68.261395
9500.0 68.549595
9750.0 68.864995
10000.0 68.582195
10300.0 68.048395
10600.0 67.522195
10900.0 65.45099499999999
11200.0 62.36319499999999
11500.0 57.554795
11800.0 54.250294999999994
12200.0 56.64149499999999
12500.0 59.959295
12800.0 60.991995
13200.0 60.29729499999999
13600.0 59.569895
14000.0 60.20189499999999
14500.0 59.844094999999996
15000.0 55.555195
15500.0 47.388794999999995
16000.0 42.624595
16500.0 49.421695
17000.0 55.386595
17500.0 56.27329499999999
18000.0 55.809195
18500.0 54.43899499999999
19000.0 50.840795
19500.0 44.275695
