20.507 85.2624
20.6178 85.4249
20.7291 85.5838
20.8411 85.7581
20.9536 85.9189
21.0668 86.0495
21.1806 86.2375
21.295 86.4256
21.41 86.5235
21.5256 86.6256
21.6418 86.7276
21.7587 86.8296
21.8762 86.8995
21.9944 86.9764
22.1132 87.0891
22.2326 87.2018
22.3527 87.3145
22.4734 87.4122
22.5948 87.5155
22.7168 87.6322
22.8395 87.7627
22.9628 87.896
23.0868 87.961
23.2115 88.1532
23.3369 88.3453
23.4629 88.4661
23.5896 88.5797
23.717 88.6933
23.8451 88.8069
23.9739 88.8884
24.1034 89.0103
24.2335 89.1321
24.3644 89.254
24.496 89.3348
24.6283 89.3803
24.7613 89.4798
24.895 89.5772
25.0295 89.5772
25.1647 89.5772
25.3006 89.5772
25.4372 89.5772
25.5746 89.5772
25.7127 89.5503
25.8516 89.5234
25.9912 89.4964
26.1316 89.4421
26.2727 89.4156
26.4146 89.3699
26.5572 89.2614
26.7007 89.1529
26.8449 89.0445
26.9898 88.9524
27.1356 88.8793
27.2821 88.8062
27.4295 88.733
27.5776 88.6599
27.7266 88.6181
27.8763 88.564
28.0269 88.5267
28.1782 88.4459
28.3304 88.3651
28.4834 88.3158
28.6372 88.2842
28.7919 88.2842
28.9474 88.2842
29.1037 88.2376
29.2609 88.191
29.4189 88.1444
29.5778 88.073
29.7376 87.9797
29.8982 87.9006
30.0596 87.8215
30.222 87.7423
30.3852 87.7425
30.5493 87.7429
30.7143 87.7402
30.8802 87.7408
31.0469 87.7413
31.2146 87.7418
31.3832 87.7423
31.5527 87.7413
31.7231 87.7186
31.8944 87.7186
32.0667 87.7029
32.2398 87.6826
32.414 87.6676
32.589 87.6378
32.765 87.6378
32.942 87.6134
33.1199 87.6008
33.2987 87.5898
33.4786 87.5789
33.6594 87.5679
33.8412 87.5569
34.0239 87.5569
34.2077 87.5569
34.3924 87.5569
34.5782 87.5165
34.7649 87.4761
34.9527 87.4357
35.1414 87.3953
35.3312 87.3953
35.522 87.3953
35.7139 87.3953
35.9068 87.3953
36.1007 87.3953
36.2956 87.3953
36.4917 87.3953
36.6887 87.3953
36.8869 87.3953
37.0861 87.3953
37.2864 87.3953
37.4878 87.3953
37.6902 87.3953
37.8938 87.4269
38.0984 87.4707
38.3042 87.4761
38.5111 87.4761
38.719 87.5165
38.9282 87.5569
39.1384 87.5973
39.3498 87.6378
39.5623 87.6117
39.7759 87.6402
39.9908 87.6882
40.2067 87.7362
40.4239 87.7842
40.6422 87.8322
40.8617 87.8802
41.0824 87.8802
41.3042 87.961
41.5273 88.0216
41.7516 88.0822
41.9771 88.1428
42.2038 88.2034
42.4317 88.2842
42.6609 88.3651
42.8913 88.4459
43.1229 88.5267
43.3558 88.5847
43.5899 88.6099
43.8254 88.6883
44.062 88.6883
44.3 88.7085
44.5393 88.7287
44.7798 88.7489
45.0216 88.7691
45.2648 88.7691
45.5093 88.7691
45.755 88.6958
46.0021 88.6225
46.2506 88.5492
46.5004 88.4493
46.7515 88.4026
47.004 88.36
47.2578 88.2713
47.5131 88.1825
47.7697 88.0938
48.0277 88.005
48.287 87.9229
48.5478 87.8414
48.81 87.7606
49.0736 87.6804
49.3386 87.6017
49.6051 87.5312
49.873 87.4932
50.1424 87.4553
50.4132 87.4173
50.6854 87.3698
50.9592 87.3413
51.2344 87.3145
51.5111 87.3145
51.7893 87.2943
52.069 87.2741
52.3502 87.2539
52.6329 87.2337
52.9171 87.2374
53.2029 87.3145
53.4903 87.3592
53.7792 87.4351
54.0696 87.511
54.3616 87.5869
54.6552 87.6176
54.9504 87.6689
55.2471 87.7186
55.5455 87.7799
55.8455 87.8485
56.1471 87.9328
56.4503 88.034
56.7552 88.1227
57.0617 88.2115
57.3699 88.3003
57.6797 88.389
57.9912 88.4465
58.3044 88.5006
58.6193 88.5792
58.9359 88.6578
59.2542 88.7365
59.5742 88.8151
59.8959 88.9614
60.2194 89.1077
60.5446 89.254
60.8716 89.2838
61.2004 89.3716
61.5309 89.4649
61.8632 89.5688
62.1973 89.6673
62.5332 89.771
62.8709 89.8197
63.2105 90.0078
63.5519 90.1958
63.8951 90.2793
64.2401 90.3355
64.5871 90.5221
64.9359 90.7086
65.2866 90.8177
65.6392 90.8702
65.9937 91.1935
66.3501 91.2306
66.7084 91.3415
67.0687 91.4787
67.4309 91.6136
67.7951 91.7214
68.1612 91.822
68.5293 91.9088
68.8994 91.9956
69.2716 92.0824
69.6457 92.1632
70.0218 92.2036
70.4 92.244
70.7802 92.2238
71.1624 92.2036
71.5468 92.1834
71.9332 92.1632
72.3216 92.1135
72.7122 92.0824
73.1049 92.0824
73.4997 92.0193
73.8967 91.9562
74.2958 91.8931
74.697 91.8497
75.1004 91.7592
75.506 91.6783
75.9138 91.5975
76.3238 91.5167
76.736 91.4359
77.1504 91.3551
77.5671 91.2743
77.986 91.1531
78.4072 91.0318
78.8306 90.9787
79.2564 90.9032
79.6844 90.7845
80.1148 90.6657
80.5474 90.547
80.9824 90.4992
81.4198 90.4361
81.8595 90.3287
82.3016 90.2212
82.7461 90.1137
83.193 90.018
83.6423 89.9379
84.094 89.8565
84.5482 89.7715
85.0048 89.69
85.4639 89.6073
85.9254 89.5022
86.3895 89.397
86.856 89.2919
87.3251 89.2421
87.7967 89.1732
88.2709 89.0924
88.7476 88.9577
89.2269 88.8499
89.7088 88.8499
90.1933 88.7853
90.6804 88.7206
91.1701 88.656
91.6625 88.5913
92.1575 88.5267
92.6553 88.4876
93.1557 88.4359
93.6588 88.3651
94.1646 88.304
94.6731 88.2417
95.1844 88.1791
95.6985 88.1226
96.2153 88.0418
96.735 87.9812
97.2574 87.9206
97.7826 87.86
98.3107 87.7994
98.8417 87.785
99.3755 87.7186
99.9122 87.682
100.452 87.6455
100.994 87.6089
101.54 87.5724
102.088 87.5358
102.639 87.4761
103.194 87.4761
103.751 87.4155
104.311 87.3549
104.875 87.2943
105.441 87.2337
106.011 87.2337
106.583 87.1596
107.159 87.1529
107.737 87.1141
108.319 87.0721
108.904 87.0376
109.492 86.9913
110.084 86.9913
110.678 86.9112
111.276 86.8654
111.877 86.8197
112.481 86.7739
113.089 86.7282
113.699 86.668
114.314 86.6328
114.931 86.6012
115.552 86.5696
116.176 86.538
116.803 86.5064
117.434 86.5064
118.068 86.5064
118.706 86.5064
119.347 86.5064
119.991 86.5064
120.639 86.5064
121.291 86.5064
121.946 86.5064
122.605 86.5064
123.267 86.5064
123.933 86.5064
124.602 86.5064
125.275 86.5064
125.951 86.5064
126.632 86.5064
127.315 86.5064
128.003 86.5064
128.694 86.5064
129.389 86.5245
130.088 86.5426
130.791 86.5607
131.497 86.5788
132.207 86.5872
132.921 86.5872
133.639 86.5872
134.361 86.6074
135.086 86.6276
135.816 86.6478
136.55 86.668
137.287 86.6363
138.028 86.6176
138.774 86.5889
139.523 86.5885
140.277 86.5881
141.034 86.5876
141.796 86.5872
142.562 86.5872
143.332 86.6168
144.106 86.6529
144.884 86.6651
145.667 86.6336
146.453 86.6194
147.244 86.5872
148.04 86.5872
148.839 86.5872
149.643 86.5866
150.451 86.5706
151.264 86.5545
152.081 86.5385
152.902 86.5224
153.728 86.5064
154.558 86.5064
155.393 86.5064
156.232 86.4902
157.076 86.4741
157.924 86.4579
158.777 86.4417
159.634 86.4256
160.496 86.4256
161.363 86.349
162.235 86.3448
163.111 86.3246
163.992 86.3044
164.877 86.2842
165.768 86.264
166.663 86.1831
167.563 86.1831
168.468 86.1831
169.378 86.1831
170.293 86.1831
171.212 86.1831
172.137 86.1831
173.067 86.1629
174.001 86.1427
174.941 86.1225
175.886 86.1023
176.836 86.0821
177.791 86.0619
178.751 86.0417
179.716 86.0215
180.687 86.0013
181.663 85.9811
182.644 85.9609
183.63 85.9407
184.622 85.9205
185.619 85.9003
186.622 85.8801
187.63 85.8599
188.643 85.8397
189.662 85.8195
190.686 85.7993
191.716 85.7791
192.751 85.7791
193.792 85.7387
194.839 85.7185
195.891 85.6983
196.949 85.6902
198.013 85.6821
199.082 85.674
200.157 85.6659
201.238 85.6579
202.325 85.6498
203.418 85.6417
204.516 85.6336
205.621 85.6255
206.731 85.6175
207.848 85.5366
208.97 85.5366
210.099 85.5366
211.234 85.5366
212.374 85.5366
213.521 85.5366
214.675 85.5366
215.834 85.6175
217 85.6175
218.172 85.6377
219.35 85.6579
220.534 85.6781
221.725 85.6983
222.923 85.6983
224.127 85.6175
225.337 85.5881
226.554 85.5366
227.778 85.4558
229.008 85.4226
230.245 85.375
231.488 85.375
232.738 85.375
233.995 85.375
235.259 85.375
236.53 85.375
237.807 85.375
239.091 85.375
240.383 85.3523
241.681 85.3192
242.986 85.3041
244.298 85.2814
245.618 85.2587
246.944 85.2361
248.278 85.2134
249.619 85.1662
250.967 85.1326
252.322 85.0836
253.685 85.0345
255.055 84.9855
256.433 84.9365
257.817 84.8875
259.21 84.8093
260.61 84.7916
262.017 84.7285
263.432 84.701
264.855 84.6477
266.285 84.6447
267.723 84.5839
269.169 84.5669
270.623 84.5178
272.085 84.4686
273.554 84.4194
275.031 84.3703
276.517 84.3065
278.01 84.2437
279.512 84.1628
281.021 84.082
282.539 84.0012
284.065 83.9598
285.599 83.9204
287.141 83.8566
288.692 83.7971
290.251 83.7375
291.819 83.678
293.395 83.6256
294.979 83.584
296.572 83.5164
298.174 83.4651
299.784 83.3842
301.403 83.2739
303.031 83.1931
304.668 83.1276
306.313 83.0417
307.968 82.9558
309.631 82.8699
311.303 82.8699
312.984 82.789
314.675 82.789
316.374 82.7552
318.083 82.7213
319.8 82.6874
321.528 82.6535
323.264 82.6274
325.01 82.6037
326.765 82.6117
328.53 82.6198
330.304 82.6278
332.088 82.6359
333.882 82.644
335.685 82.6151
337.498 82.5466
339.32 82.5018
341.153 82.4658
342.995 82.385
344.848 82.3394
346.71 82.3042
348.583 82.2234
350.465 82.183
352.358 82.1426
354.261 82.1021
356.174 82.0617
358.098 82.0617
360.032 82.023
361.976 81.9882
363.931 82.0002
365.897 82.0121
367.873 82.0241
369.859 82.0361
371.857 82.0564
373.865 82.0617
375.884 82.0617
377.914 82.0617
379.955 82.0617
382.007 82.0617
384.07 82.0617
386.145 82.0617
388.23 82.0617
390.327 82.12
392.435 82.1426
394.554 82.1426
396.685 82.2214
398.827 82.2036
400.981 82.1426
403.147 82.0617
405.324 81.9686
407.513 81.8755
409.714 81.7824
411.927 81.7817
414.151 81.7817
416.388 81.7822
418.637 81.8117
420.898 81.8412
423.171 81.8706
425.456 81.9001
427.754 81.9397
430.064 81.9839
432.387 81.9882
434.722 81.9926
437.07 81.997
439.43 82.0013
441.804 82.0057
444.19 81.9809
446.589 81.9868
449 82.0617
451.425 82.0666
453.863 82.1426
456.315 82.1522
458.779 82.2234
461.257 82.2234
463.748 82.1637
466.252 82.1382
468.77 82.1127
471.302 82.0872
473.847 82.0617
476.406 82.0636
478.979 82.0985
481.566 82.1062
484.167 82.0951
486.782 82.084
489.411 82.0729
492.054 82.0617
494.711 82.0302
497.383 81.9809
500.069 81.9592
502.77 81.9375
505.485 81.9158
508.215 81.8941
510.96 81.8723
513.719 81.8601
516.494 81.8482
519.283 81.8193
522.088 81.8193
524.907 81.8193
527.742 81.7889
530.592 81.8193
533.458 81.8909
536.339 81.9651
539.236 82.0704
542.148 82.1757
545.076 82.2811
548.02 82.2608
550.979 82.2234
553.955 82.183
556.947 82.1426
559.954 82.1021
562.979 82.0617
566.019 82.0425
569.076 81.9815
572.149 81.9809
575.239 81.9531
578.346 81.9252
581.469 81.8973
584.61 81.8695
587.767 81.845
590.941 81.8193
594.133 81.7967
597.342 81.773
600.568 81.7385
603.811 81.7385
607.072 81.6948
610.351 81.6577
613.647 81.6577
616.961 81.6577
620.293 81.6856
623.643 81.7136
627.011 81.7415
630.397 81.7695
633.802 81.7385
637.225 81.705
640.666 81.6353
644.126 81.5657
647.605 81.4961
651.103 81.4961
654.619 81.5373
658.154 81.5769
661.709 81.5769
665.283 81.5769
668.876 81.5769
672.488 81.5769
676.12 81.5467
679.771 81.4961
683.443 81.4584
687.134 81.4152
690.845 81.3486
694.576 81.3136
698.327 81.2536
702.098 81.2132
705.89 81.1728
709.702 81.1324
713.535 81.092
717.389 81.0516
721.263 81.0112
725.158 81.0047
729.075 80.9684
733.012 80.9683
736.971 80.968
740.951 80.9677
744.953 80.9674
748.976 80.9671
753.021 80.968
757.088 80.9683
761.177 80.9683
765.287 80.9607
769.42 80.9532
773.576 80.9456
777.754 80.938
781.954 80.9304
786.177 80.9304
790.423 80.9181
794.692 80.9058
798.984 80.9036
803.299 80.9015
807.637 80.903
811.999 80.903
816.384 80.9025
820.793 80.8823
825.226 80.8496
829.683 80.8579
834.164 80.8662
838.669 80.8745
843.198 80.8828
847.752 80.9651
852.33 81.0112
856.934 81.1189
861.562 81.2267
866.215 81.3344
870.893 81.3344
875.596 81.3297
880.325 81.3309
885.079 81.3321
889.859 81.3332
894.665 81.3344
899.497 81.3796
904.355 81.4247
909.239 81.4961
914.149 81.5769
919.086 81.6195
924.05 81.5769
929.041 81.5746
934.058 81.4961
939.103 81.4961
944.174 81.4961
949.273 81.4961
954.4 81.4961
959.555 81.5602
964.737 81.6059
969.947 81.6577
975.185 81.6779
980.452 81.6981
985.747 81.7183
991.071 81.7385
996.423 81.7557
1001.8 81.7692
1007.22 81.7827
1012.65 81.7965
1018.12 81.8102
1023.62 81.8239
1029.15 81.8377
1034.71 81.8348
1040.3 81.8073
1045.92 81.7677
1051.56 81.7344
1057.24 81.6902
1062.95 81.6543
1068.69 81.6006
1074.46 81.5592
1080.27 81.4961
1086.1 81.4557
1091.97 81.4152
1097.86 81.3748
1103.79 81.3344
1109.76 81.3344
1115.75 81.2901
1121.77 81.2536
1127.83 81.2366
1133.92 81.2196
1140.05 81.2026
1146.2 81.1856
1152.4 81.1728
1158.62 81.1728
1164.88 81.125
1171.17 81.0507
1177.49 80.9764
1183.85 80.902
1190.25 80.8496
1196.67 80.7954
1203.14 80.7688
1209.63 80.7035
1216.17 80.6879
1222.73 80.6071
1229.34 80.6071
1235.98 80.5995
1242.65 80.5791
1249.36 80.5659
1256.11 80.5527
1262.9 80.5395
1269.72 80.5263
1276.57 80.5263
1283.47 80.5554
1290.4 80.5746
1297.37 80.555
1304.37 80.5355
1311.42 80.5159
1318.5 80.4964
1325.62 80.4455
1332.78 80.4415
1339.98 80.3647
1347.22 80.2839
1354.49 80.2031
1361.81 80.1223
1369.16 80.0746
1376.56 80.0414
1383.99 79.9606
1391.47 79.9606
1398.98 79.9344
1406.54 79.8798
1414.13 79.8798
1421.77 79.8775
1429.45 79.799
1437.17 79.799
1444.93 79.799
1452.73 79.799
1460.58 79.799
1468.47 79.7564
1476.4 79.7182
1484.37 79.7182
1492.39 79.6725
1500.45 79.6267
1508.55 79.581
1516.7 79.5352
1524.89 79.4758
1533.12 79.4307
1541.4 79.395
1549.73 79.368
1558.1 79.3411
1566.51 79.3141
1574.97 79.3397
1583.48 79.3396
1592.03 79.3436
1600.63 79.353
1609.27 79.3672
1617.97 79.3865
1626.7 79.395
1635.49 79.395
1644.32 79.395
1653.2 79.395
1662.13 79.395
1671.11 79.385
1680.13 79.375
1689.21 79.365
1698.33 79.355
1707.5 79.3675
1716.72 79.395
1725.99 79.395
1735.32 79.3748
1744.69 79.3545
1754.11 79.3343
1763.58 79.3141
1773.11 79.3129
1782.68 79.2782
1792.31 79.2901
1801.99 79.352
1811.72 79.4139
1821.51 79.4758
1831.34 79.4758
1841.23 79.4758
1851.18 79.5235
1861.18 79.5566
1871.23 79.5566
1881.33 79.6131
1891.49 79.6374
1901.71 79.6374
1911.98 79.6261
1922.31 79.5999
1932.69 79.5689
1943.13 79.5378
1953.62 79.5068
1964.17 79.4758
1974.78 79.4287
1985.44 79.3838
1996.17 79.3318
2006.95 79.3613
2017.79 79.3908
2028.68 79.4203
2039.64 79.4709
2050.66 79.5379
2061.73 79.5566
2072.86 79.6105
2084.06 79.6643
2095.31 79.7182
2106.63 79.7182
2118.01 79.7634
2129.45 79.799
2140.95 79.799
2152.51 79.8798
2164.13 79.9448
2175.82 79.9772
2187.57 80.0414
2199.39 79.9606
2211.27 79.9422
2223.21 79.9237
2235.22 79.9052
2247.29 79.8868
2259.42 79.8683
2271.63 79.799
2283.89 79.799
2296.23 79.799
2308.63 79.8279
2321.1 79.8568
2333.63 79.8856
2346.24 79.9145
2358.91 79.9434
2371.65 79.9606
2384.46 80.0638
2397.33 80.1669
2410.28 80.2701
2423.3 80.385
2436.39 80.4904
2449.54 80.6248
2462.77 80.726
2476.07 80.8172
2489.45 80.8838
2502.89 80.9801
2516.41 81.0765
2530 81.1728
2543.66 81.2536
2557.4 81.2536
2571.21 81.3018
2585.1 81.35
2599.06 81.3983
2613.1 81.4465
2627.21 81.4961
2641.4 81.5108
2655.66 81.5769
2670 81.6104
2684.42 81.644
2698.92 81.6776
2713.5 81.7111
2728.15 81.7385
2742.89 81.7629
2757.7 81.7385
2772.59 81.6981
2787.57 81.6524
2802.62 81.5769
2817.76 81.5372
2832.98 81.4961
2848.28 81.4961
2863.66 81.4422
2879.12 81.3883
2894.67 81.3344
2910.31 81.3344
2926.02 81.3344
2941.83 81.3784
2957.71 81.3858
2973.69 81.3931
2989.75 81.4005
3005.89 81.4079
3022.13 81.4152
3038.45 81.3615
3054.86 81.3344
3071.36 81.2806
3087.94 81.2267
3104.62 81.1728
3121.39 81.1367
3138.25 81.092
3155.19 81.092
3172.23 81.0556
3189.37 81.0112
3206.59 80.9598
3223.91 80.8921
3241.32 80.8298
3258.83 80.7688
3276.43 80.7081
3294.12 80.6475
3311.91 80.5869
3329.8 80.5263
3347.78 80.457
3365.86 80.4449
3384.04 80.4248
3402.32 80.4048
3420.69 80.3847
3439.16 80.3647
3457.74 80.3647
3476.41 80.3647
3495.19 80.3647
3514.06 80.3549
3533.04 80.3452
3552.12 80.3355
3571.31 80.3257
3590.59 80.316
3609.99 80.2839
3629.48 80.2351
3649.08 80.2031
3668.79 80.1561
3688.6 80.1184
3708.53 80.0414
3728.55 79.9606
3748.69 79.9
3768.94 79.8394
3789.29 79.7788
3809.76 79.7182
3830.33 79.7182
3851.02 79.6374
3871.82 79.6374
3892.73 79.5718
3913.75 79.5062
3934.89 79.4406
3956.14 79.375
3977.5 79.3141
3998.98 79.2818
4020.58 79.2495
4042.29 79.2172
4064.13 79.1848
4086.07 79.1525
4108.14 79.1525
4130.33 79.1525
4152.64 79.1525
4175.06 79.2035
4197.61 79.2333
4220.28 79.2792
4243.07 79.3141
4265.99 79.3827
4289.03 79.4377
4312.19 79.5468
4335.48 79.6558
4358.89 79.7649
4382.44 79.8487
4406.1 79.8711
4429.9 79.8935
4453.82 79.9159
4477.88 79.9382
4502.06 79.9606
4526.38 79.9063
4550.82 79.799
4575.4 79.7182
4600.11 79.6374
4624.95 79.5566
4649.93 79.6374
4675.04 79.7182
4700.29 79.799
4725.68 79.8798
4751.2 79.9606
4776.86 80.0741
4802.66 80.1223
4828.59 80.3065
4854.67 80.4907
4880.89 80.595
4907.25 80.6614
4933.75 81.0112
4960.4 81.0741
4987.19 81.2516
5014.12 81.4292
5041.2 81.6067
5068.43 81.7528
5095.8 81.8702
5123.32 82.0127
5150.99 82.1145
5178.81 82.1969
5206.78 82.2596
5234.9 82.3223
5263.17 82.385
5291.59 82.3857
5320.17 82.4284
5348.9 82.4551
5377.79 82.4048
5406.84 82.3545
5436.04 82.3042
5465.39 82.2406
5494.91 82.2185
5524.59 82.1426
5554.42 82.0918
5584.42 82.0411
5614.58 81.9904
5644.9 81.9397
5675.39 81.9001
5706.04 81.8443
5736.86 81.7936
5767.84 81.7385
5798.99 81.6902
5830.31 81.6179
5861.8 81.5097
5893.45 81.3008
5925.28 81.092
5957.28 81.0549
5989.46 80.9834
6021.8 80.9118
6054.32 80.8403
6087.02 80.7688
6119.9 80.7688
6152.95 80.7688
6186.18 80.7688
6219.59 80.6879
6253.18 80.6071
6286.95 80.5263
6320.9 80.4683
6355.04 80.4108
6389.36 80.3647
6423.87 80.2851
6458.56 80.2839
6493.44 80.2155
6528.51 80.2031
6563.77 80.1467
6599.22 80.1223
6634.86 80.0689
6670.69 80.0156
6706.72 79.9622
6742.94 79.9089
6779.35 79.8555
6815.97 79.799
6852.78 79.6374
6889.79 79.4758
6927 79.4402
6964.41 79.3444
7002.02 79.2535
7039.83 79.1626
7077.85 79.0717
7116.08 79.0109
7154.51 78.9391
7193.15 78.8707
7232 78.807
7271.06 78.7485
7310.32 78.6676
7349.8 78.5925
7389.5 78.5484
7429.41 78.506
7469.53 78.4483
7509.87 78.3906
7550.43 78.3329
7591.21 78.2524
7632.2 78.1828
7673.42 78.075
7714.87 77.9673
7756.53 77.8595
7798.42 77.7925
7840.54 77.7529
7882.88 77.7168
7925.45 77.6807
7968.26 77.6446
8011.29 77.6085
8054.56 77.5724
8098.06 77.5363
8141.79 77.5178
8185.76 77.4784
8229.97 77.4555
8274.42 77.4467
8319.11 77.3949
8364.04 77.3747
8409.21 77.362
8454.62 77.3334
8500.28 77.3033
8546.19 77.2732
8592.35 77.2431
8638.75 77.213
8685.4 77.186
8732.31 77.1322
8779.47 77.1322
8826.89 77.0918
8874.56 77.0514
8922.49 77.011
8970.67 76.9706
9019.12 76.9706
9067.83 76.9706
9116.8 76.9706
9166.04 76.9706
9215.54 76.9706
9265.31 76.9706
9315.35 76.915
9365.66 76.8671
9416.24 76.809
9467.1 76.7616
9518.22 76.7192
9569.63 76.6596
9621.31 76.6369
9673.27 76.5671
9725.52 76.5665
9778.04 76.5181
9830.85 76.4696
9883.94 76.4211
9937.32 76.3726
9990.99 76.3241
10044.9 76.3241
10099.2 76.2433
10153.7 76.2029
10208.6 76.1625
10263.7 76.1221
10319.1 76.0817
10374.9 76.0443
10430.9 76.0009
10487.2 75.92
10543.9 75.8392
10600.8 75.7584
10658.1 75.6776
10715.6 75.5968
10773.5 75.487
10831.7 75.3957
10890.2 75.2834
10949 75.1784
11008.1 75.1119
11067.6 74.958
11127.4 74.8041
11187.4 74.739
11247.9 74.6679
11308.6 74.5735
11369.7 74.479
11431.1 74.3846
11492.8 74.3846
11554.9 74.3585
11617.3 74.3393
11680 74.3814
11743.1 74.4234
11806.5 74.4654
11870.3 74.4654
11934.4 74.5017
11998.9 74.5462
12063.7 74.6271
12128.8 74.7079
12194.3 74.7887
12260.2 74.8695
12326.4 74.9503
12393 75.0551
12459.9 75.1599
12527.2 75.2647
12594.8 75.3129
12662.9 75.3988
12731.3 75.4917
12800 75.5847
12869.1 75.6776
12938.6 75.7443
13008.5 75.8157
13078.8 75.9044
13149.4 75.993
13220.4 76.0817
13291.8 76.0817
13363.6 76.1376
13435.8 76.181
13508.3 76.2433
13581.3 76.3241
13654.6 76.4049
13728.4 76.4857
13802.5 76.5665
13877.1 76.6743
13952 76.782
14027.4 76.8898
14103.1 76.952
14179.3 77.0283
14255.9 77.2015
14332.9 77.3747
14410.3 77.4549
14488.1 77.5363
14566.3 77.9139
14645 78.0439
14724.1 78.2278
14803.6 78.4066
14883.6 78.5569
14963.9 78.5868
15044.8 78.9588
15126 79.0339
15207.7 79.1177
15289.8 79.2237
15372.4 79.3297
15455.4 79.4357
15538.9 79.5142
15622.8 79.5566
15707.2 79.5262
15792 79.4958
15877.3 79.4653
15963.1 79.4349
16049.3 79.395
16136 79.3091
16223.1 79.2047
16310.7 79.1069
16398.8 78.9917
16487.4 78.8836
16576.4 78.8293
16665.9 78.6735
16755.9 78.5177
16846.4 78.4545
16937.4 78.389
17028.9 78.2933
17120.9 78.1976
17213.3 78.102
17306.3 78.0842
17399.7 78.0212
17493.7 78.0212
17588.2 77.955
17683.2 77.8889
17778.7 77.8227
17874.7 77.7787
17971.2 77.761
18068.3 77.714
18165.9 77.7321
18264 77.7484
18362.6 77.7787
18461.8 77.7787
18561.5 77.7787
18661.7 77.7787
18762.5 77.7787
18863.9 77.7351
18965.7 77.6915
19068.2 77.6479
19171.1 77.6042
19274.7 77.5152
19378.8 77.4555
19483.4 77.2938
19588.7 77.1322
19694.4 77.0401
19800.8 76.9706
19907.8 76.6066
20015.3 76.7638
