20.507 85.0518
20.6178 85.131
20.7291 85.2634
20.8411 85.4211
20.9536 85.5902
21.0668 85.7488
21.1806 85.9441
21.295 86.1394
21.41 86.2246
21.5256 86.3099
21.6418 86.4019
21.7587 86.5064
21.8762 86.6003
21.9944 86.688
22.1132 86.7488
22.2326 86.8908
22.3527 87.0327
22.4734 87.1104
22.5948 87.2217
22.7168 87.3389
22.8395 87.4954
22.9628 87.5965
23.0868 87.6552
23.2115 87.8524
23.3369 88.0495
23.4629 88.1708
23.5896 88.2724
23.717 88.389
23.8451 88.4924
23.9739 88.5907
24.1034 88.6868
24.2335 88.8131
24.3644 88.9395
24.496 89.0116
24.6283 89.0887
24.7613 89.1902
24.895 89.2716
25.0295 89.3069
25.1647 89.3057
25.3006 89.3053
25.4372 89.3061
25.5746 89.3077
25.7127 89.2628
25.8516 89.218
25.9912 89.1732
26.1316 89.1732
26.2727 89.126
26.4146 89.087
26.5572 88.975
26.7007 88.8673
26.8449 88.7551
26.9898 88.6566
27.1356 88.6075
27.2821 88.5267
27.4295 88.4459
27.5776 88.3651
27.7266 88.3393
27.8763 88.2842
28.0269 88.2034
28.1782 88.1341
28.3304 88.0831
28.4834 88.0373
28.6372 87.961
28.7919 87.961
28.9474 87.961
29.1037 87.9286
29.2609 87.8962
29.4189 87.8638
29.5778 87.7748
29.7376 87.6659
29.8982 87.5569
30.0596 87.4761
30.222 87.4761
30.3852 87.4761
30.5493 87.4761
30.7143 87.4761
30.8802 87.4761
31.0469 87.4761
31.2146 87.4761
31.3832 87.4761
31.5527 87.4761
31.7231 87.4413
31.8944 87.4235
32.0667 87.3953
32.2398 87.3953
32.414 87.3953
32.589 87.3538
32.765 87.3145
32.942 87.3145
33.1199 87.3145
33.2987 87.2943
33.4786 87.2741
33.6594 87.2539
33.8412 87.2337
34.0239 87.2337
34.2077 87.2337
34.3924 87.2337
34.5782 87.2337
34.7649 87.2028
34.9527 87.1579
35.1414 87.1529
35.3312 87.1529
35.522 87.1164
35.7139 87.0721
35.9068 87.0721
36.1007 87.0721
36.2956 87.0721
36.4917 87.0721
36.6887 87.0721
36.8869 87.0721
37.0861 87.0721
37.2864 87.0721
37.4878 87.0721
37.6902 87.0962
37.8938 87.1385
38.0984 87.1529
38.3042 87.1529
38.5111 87.1909
38.719 87.2156
38.9282 87.2404
39.1384 87.2651
39.3498 87.2898
39.5623 87.3145
39.7759 87.36
39.9908 87.3953
40.2067 87.4437
40.4239 87.4761
40.6422 87.5529
40.8617 87.5944
41.0824 87.6418
41.3042 87.7186
41.5273 87.7792
41.7516 87.8398
41.9771 87.9004
42.2038 87.961
42.4317 88.0418
42.6609 88.1107
42.8913 88.1756
43.1229 88.2374
43.3558 88.2842
43.5899 88.3475
43.8254 88.3651
44.062 88.4191
44.3 88.4258
44.5393 88.4325
44.7798 88.4392
45.0216 88.4459
45.2648 88.4812
45.5093 88.4459
45.755 88.4019
46.0021 88.3651
46.2506 88.2842
46.5004 88.2164
46.7515 88.1698
47.004 88.1226
47.2578 88.0418
47.5131 87.9206
47.7697 87.7994
48.0277 87.7186
48.287 87.6378
48.5478 87.5569
48.81 87.4761
49.0736 87.3953
49.3386 87.3145
49.6051 87.2337
49.873 87.1614
50.1424 87.1316
50.4132 87.1019
50.6854 87.0721
50.9592 87.0554
51.2344 86.995
51.5111 86.9913
51.7893 86.9913
52.069 86.9913
52.3502 86.9526
52.6329 86.9336
52.9171 86.9627
53.2029 87.0212
53.4903 87.0721
53.7792 87.1529
54.0696 87.2337
54.3616 87.3145
54.6552 87.3145
54.9504 87.3953
55.2471 87.4376
55.5455 87.4761
55.8455 87.5569
56.1471 87.6469
56.4503 87.7508
56.7552 87.7994
57.0617 87.9043
57.3699 88.0092
57.6797 88.114
57.9912 88.1603
58.3044 88.2254
58.6193 88.2842
58.9359 88.3651
59.2542 88.4459
59.5742 88.5371
59.8959 88.6075
60.2194 88.7691
60.5446 88.9307
60.8716 88.9899
61.2004 89.0751
61.5309 89.1732
61.8632 89.2729
62.1973 89.3674
62.5332 89.4609
62.8709 89.5772
63.2105 89.7392
63.5519 89.9011
63.8951 90.0118
64.2401 90.1082
64.5871 90.2556
64.9359 90.412
65.2866 90.5192
65.6392 90.7351
65.9937 90.951
66.3501 90.9821
66.7084 91.0853
67.0687 91.2049
67.4309 91.3088
67.7951 91.45
68.1612 91.5504
68.5293 91.6228
68.8994 91.6952
69.2716 91.7676
69.6457 91.84
70.0218 91.9074
70.4 91.9288
70.7802 91.9213
71.1624 91.9208
71.5468 91.9208
71.9332 91.9202
72.3216 91.8933
72.7122 91.8695
73.1049 91.84
73.4997 91.7592
73.8967 91.6783
74.2958 91.5975
74.697 91.5975
75.1004 91.5167
75.506 91.4359
75.9138 91.3551
76.3238 91.2921
76.736 91.2059
77.1504 91.1118
77.5671 91.0318
77.986 90.8896
78.4072 90.7474
78.8306 90.7086
79.2564 90.5908
79.6844 90.5151
80.1148 90.4364
80.5474 90.3505
80.9824 90.2689
81.4198 90.206
81.8595 90.1042
82.3016 90.0023
82.7461 89.9005
83.193 89.7984
83.6423 89.7118
84.094 89.6196
84.5482 89.5203
85.0048 89.4234
85.4639 89.3348
85.9254 89.2982
86.3895 89.1549
86.856 89.0116
87.3251 88.9965
87.7967 88.9157
88.2709 88.8384
88.7476 88.7624
89.2269 88.6791
89.7088 88.5883
90.1933 88.4987
90.6804 88.4545
91.1701 88.3978
91.6625 88.341
92.1575 88.2842
92.6553 88.2371
93.1557 88.2034
93.6588 88.1226
94.1646 88.0875
94.6731 88.0325
95.1844 87.961
95.6985 87.8802
96.2153 87.8103
96.735 87.7994
97.2574 87.7305
97.7826 87.6616
98.3107 87.5927
98.8417 87.5569
99.3755 87.5213
99.9122 87.4761
100.452 87.4405
100.994 87.3953
101.54 87.35
102.088 87.3145
102.639 87.2564
103.194 87.2337
103.751 87.1731
104.311 87.1125
104.875 87.0519
105.441 86.9913
106.011 86.9913
106.583 86.9104
107.159 86.9104
107.737 86.8296
108.319 86.8296
108.904 86.7488
109.492 86.7488
110.084 86.7488
110.678 86.6844
111.276 86.6399
111.877 86.5954
112.481 86.5509
113.089 86.5064
113.699 86.4439
114.314 86.4256
114.931 86.3448
115.552 86.3448
116.176 86.3448
116.803 86.2919
117.434 86.264
118.068 86.264
118.706 86.264
119.347 86.264
119.991 86.264
120.639 86.264
121.291 86.264
121.946 86.264
122.605 86.264
123.267 86.264
123.933 86.264
124.602 86.264
125.275 86.264
125.951 86.264
126.632 86.264
127.315 86.264
128.003 86.264
128.694 86.2842
129.389 86.3044
130.088 86.3246
130.791 86.3448
131.497 86.365
132.207 86.3852
132.921 86.4054
133.639 86.4256
134.361 86.4256
135.086 86.4256
135.816 86.4256
136.55 86.4256
137.287 86.4256
138.028 86.4256
138.774 86.4256
139.523 86.4256
140.277 86.4256
141.034 86.4256
141.796 86.4256
142.562 86.4256
143.332 86.4256
144.106 86.4256
144.884 86.4256
145.667 86.4256
146.453 86.4256
147.244 86.4256
148.04 86.4121
148.839 86.3986
149.643 86.3852
150.451 86.3717
151.264 86.3582
152.081 86.3448
152.902 86.3313
153.728 86.3178
154.558 86.3044
155.393 86.2909
156.232 86.2774
157.076 86.264
157.924 86.264
158.777 86.264
159.634 86.264
160.496 86.264
161.363 86.264
162.235 86.2293
163.111 86.1947
163.992 86.1601
164.877 86.1255
165.768 86.0909
166.663 86.0562
167.563 86.0215
168.468 86.0215
169.378 86.0215
170.293 86.0215
171.212 86.0215
172.137 86.0215
173.067 85.9946
174.001 85.9676
174.941 85.9407
175.886 85.9205
176.836 85.9003
177.791 85.8801
178.751 85.8599
179.716 85.7791
180.687 85.7387
181.663 85.6983
182.644 85.6983
183.63 85.7553
184.622 85.7573
185.619 85.7593
186.622 85.7612
187.63 85.7632
188.643 85.7652
189.662 85.7672
190.686 85.7692
191.716 85.7712
192.751 85.7731
193.792 85.7751
194.839 85.7771
195.891 85.7791
196.949 85.7521
198.013 85.7252
199.082 85.6983
200.157 85.6983
201.238 85.6983
202.325 85.6983
203.418 85.6983
204.516 85.6983
205.621 85.6983
206.731 85.6983
207.848 85.6983
208.97 85.6195
210.099 85.6175
211.234 85.6175
212.374 85.6655
213.521 85.6983
214.675 85.6983
215.834 85.7525
217 85.7791
218.172 85.7791
219.35 85.7993
220.534 85.8195
221.725 85.8397
222.923 85.8599
224.127 85.783
225.337 85.7791
226.554 85.6983
227.778 85.6983
229.008 85.6175
230.245 85.6175
231.488 85.6175
232.738 85.6175
233.995 85.6175
235.259 85.6175
236.53 85.6175
237.807 85.6175
239.091 85.6175
240.383 85.6175
241.681 85.6175
242.986 85.6175
244.298 85.6175
245.618 85.5919
246.944 85.5716
248.278 85.5366
249.619 85.5366
250.967 85.4994
252.322 85.4558
253.685 85.4558
255.055 85.402
256.433 85.3481
257.817 85.2942
259.21 85.2795
260.61 85.2442
262.017 85.2134
263.432 85.2024
264.855 85.1708
266.285 85.1326
267.723 85.1326
269.169 85.099
270.623 85.0518
272.085 85.0401
273.554 85.0089
275.031 84.9091
276.517 84.8093
278.01 84.7986
279.512 84.7285
281.021 84.6477
282.539 84.6424
284.065 84.5791
285.599 84.5669
287.141 84.5493
288.692 84.4962
290.251 84.4861
291.819 84.4861
293.395 84.4481
294.979 84.4102
296.572 84.3722
298.174 84.3342
299.784 84.2917
301.403 84.2198
303.031 84.1628
304.668 84.082
306.313 84.0175
307.968 84.0012
309.631 84.0012
311.303 84.0012
312.984 84.0012
314.675 84.0012
316.374 84.0012
318.083 84.0012
319.8 84.0012
321.528 84.0012
323.264 84.0012
325.01 84.0012
326.765 84.0012
328.53 84.0012
330.304 84.0012
332.088 84.0012
333.882 84.0012
335.685 83.9204
337.498 83.9204
339.32 83.8396
341.153 83.7588
342.995 83.678
344.848 83.678
346.71 83.5972
348.583 83.5514
350.465 83.5164
352.358 83.4388
354.261 83.4222
356.174 83.4305
358.098 83.4355
360.032 83.4355
361.976 83.4557
363.931 83.4759
365.897 83.4962
367.873 83.5164
369.859 83.5387
371.857 83.5612
373.865 83.5972
375.884 83.6052
377.914 83.627
379.955 83.6457
382.007 83.667
384.07 83.678
386.145 83.678
388.23 83.678
390.327 83.6618
392.435 83.6457
394.554 83.6295
396.685 83.6133
398.827 83.5972
400.981 83.5164
403.147 83.4355
405.324 83.3547
407.513 83.2739
409.714 83.203
411.927 83.2266
414.151 83.2739
416.388 83.3321
418.637 83.3903
420.898 83.4485
423.171 83.5068
425.456 83.5174
427.754 83.5513
430.064 83.5878
432.387 83.5972
434.722 83.5972
437.07 83.5972
439.43 83.5972
441.804 83.5608
444.19 83.5485
446.589 83.5164
449 83.5366
451.425 83.5568
453.863 83.577
456.315 83.5972
458.779 83.5972
461.257 83.5972
463.748 83.5972
466.252 83.5972
468.77 83.5608
471.302 83.5484
473.847 83.5479
476.406 83.5779
478.979 83.5972
481.566 83.5972
484.167 83.5972
486.782 83.5972
489.411 83.5972
492.054 83.5164
494.711 83.4355
497.383 83.3461
500.069 83.2483
502.77 83.1931
505.485 83.2446
508.215 83.2739
510.96 83.2949
513.719 83.3112
516.494 83.3274
519.283 83.3436
522.088 83.3599
524.907 83.3547
527.742 83.3547
530.592 83.3777
533.458 83.51
536.339 83.6687
539.236 83.7909
542.148 83.9663
545.076 84.1418
548.02 84.082
550.979 84.0012
553.955 83.9204
556.947 83.8396
559.954 83.7588
562.979 83.678
566.019 83.6595
569.076 83.6184
572.149 83.5929
575.239 83.5674
578.346 83.5419
581.469 83.5164
584.61 83.5164
587.767 83.5164
590.941 83.4921
594.133 83.4812
597.342 83.4822
600.568 83.5104
603.811 83.5347
607.072 83.555
610.351 83.5972
613.647 83.5972
616.961 83.577
620.293 83.5568
623.643 83.5366
627.011 83.5164
630.397 83.4905
633.802 83.4355
637.225 83.3547
640.666 83.2739
644.126 83.1931
647.605 83.1123
651.103 83.1123
654.619 83.1123
658.154 83.1325
661.709 83.1527
665.283 83.1729
668.876 83.1931
672.488 83.1743
676.12 83.1516
679.771 83.1123
683.443 83.1123
687.134 83.1123
690.845 83.0315
694.576 82.9617
698.327 82.9097
702.098 82.8412
705.89 82.789
709.702 82.8258
713.535 82.8625
717.389 82.8993
721.263 82.9507
725.158 83.0315
729.075 83.1123
733.012 83.0889
736.971 83.0315
740.951 83.0315
744.953 82.9994
748.976 82.9507
753.021 82.9507
757.088 82.8968
761.177 82.8429
765.287 82.789
769.42 82.784
773.576 82.7462
777.754 82.789
781.954 82.8699
786.177 82.9438
790.423 83.009
794.692 83.0716
798.984 83.105
803.299 83.0475
807.637 83.0233
811.999 82.9991
816.384 82.9749
820.793 82.9507
825.226 82.9507
829.683 82.9507
834.164 82.9507
838.669 82.9507
843.198 82.9507
847.752 82.9921
852.33 83.0315
856.934 83.0315
861.562 83.0832
866.215 83.1123
870.893 83.1931
875.596 83.2739
880.325 83.3547
885.079 83.4341
889.859 83.5164
894.665 83.5662
899.497 83.5972
904.355 83.6523
909.239 83.678
914.149 83.7376
919.086 83.7588
924.05 83.7022
929.041 83.6457
934.058 83.5891
939.103 83.5325
944.174 83.5103
949.273 83.5164
954.4 83.5972
959.555 83.678
964.737 83.7588
969.947 83.8396
975.185 83.9204
980.452 83.9204
985.747 83.9406
991.071 83.9608
996.423 83.981
1001.8 84.0012
1007.22 84.0012
1012.65 84.0312
1018.12 84.082
1023.62 84.082
1029.15 84.1204
1034.71 84.1098
1040.3 84.0206
1045.92 83.9204
1051.56 83.8013
1057.24 83.6822
1062.95 83.5631
1068.69 83.5164
1074.46 83.4593
1080.27 83.4355
1086.1 83.3563
1091.97 83.3533
1097.86 83.2903
1103.79 83.2739
1109.76 83.2597
1115.75 83.2245
1121.77 83.2167
1127.83 83.2088
1133.92 83.201
1140.05 83.1931
1146.2 83.1931
1152.4 83.1931
1158.62 83.1931
1164.88 83.1931
1171.17 83.1931
1177.49 83.1931
1183.85 83.1931
1190.25 83.1931
1196.67 83.1336
1203.14 83.1123
1209.63 83.0315
1216.17 82.9507
1222.73 82.8699
1229.34 82.879
1235.98 82.9507
1242.65 82.9507
1249.36 83.0315
1256.11 83.0345
1262.9 83.1123
1269.72 83.1061
1276.57 83.0349
1283.47 83.0315
1290.4 83.0315
1297.37 83.02
1304.37 83.0086
1311.42 82.9971
1318.5 82.9857
1325.62 82.9959
1332.78 83.0315
1339.98 83.0315
1347.22 82.9944
1354.49 82.9507
1361.81 82.8808
1369.16 82.8499
1376.56 82.789
1383.99 82.789
1391.47 82.7688
1398.98 82.7486
1406.54 82.7284
1414.13 82.7082
1421.77 82.7082
1429.45 82.693
1437.17 82.6602
1444.93 82.6274
1452.73 82.6177
1460.58 82.5966
1468.47 82.5974
1476.4 82.5966
1484.37 82.5968
1492.39 82.5966
1500.45 82.5745
1508.55 82.5524
1516.7 82.5302
1524.89 82.5081
1533.12 82.486
1541.4 82.4658
1549.73 82.4658
1558.1 82.5196
1566.51 82.5621
1574.97 82.6274
1583.48 82.6729
1592.03 82.7082
1600.63 82.7216
1609.27 82.7082
1617.97 82.7111
1626.7 82.714
1635.49 82.7169
1644.32 82.7198
1653.2 82.7216
1662.13 82.7213
1671.11 82.7216
1680.13 82.7216
1689.21 82.7109
1698.33 82.7077
1707.5 82.6274
1716.72 82.6026
1725.99 82.5466
1735.32 82.5466
1744.69 82.5197
1754.11 82.4927
1763.58 82.4658
1773.11 82.4658
1782.68 82.4658
1792.31 82.4658
1801.99 82.4658
1811.72 82.4658
1821.51 82.4927
1831.34 82.5219
1841.23 82.5466
1851.18 82.6151
1861.18 82.6531
1871.23 82.7253
1881.33 82.7976
1891.49 82.8699
1901.71 82.8699
1911.98 82.8219
1922.31 82.789
1932.69 82.789
1943.13 82.7416
1953.62 82.7082
1964.17 82.6571
1974.78 82.608
1985.44 82.5466
1996.17 82.5466
2006.95 82.5197
2017.79 82.4927
2028.68 82.4658
2039.64 82.4658
2050.66 82.4658
2061.73 82.4658
2072.86 82.4773
2084.06 82.5548
2095.31 82.6344
2106.63 82.7127
2118.01 82.789
2129.45 82.8454
2140.95 82.9075
2152.51 82.9695
2164.13 83.0315
2175.82 83.0796
2187.57 83.1123
2199.39 83.1015
2211.27 83.077
2223.21 83.0315
2235.22 83.0315
2247.29 83.0315
2259.42 83.0151
2271.63 82.9507
2283.89 82.9507
2296.23 82.9363
2308.63 82.9219
2321.1 82.9075
2333.63 82.8931
2346.24 82.9096
2358.91 82.937
2371.65 82.9507
2384.46 82.9782
2397.33 83.084
2410.28 83.2264
2423.3 83.3391
2436.39 83.5086
2449.54 83.678
2462.77 83.7116
2476.07 83.7588
2489.45 83.7975
2502.89 83.8396
2516.41 83.883
2530 83.9204
2543.66 83.9204
2557.4 83.9204
2571.21 83.9204
2585.1 83.9204
2599.06 83.9608
2613.1 84.0012
2627.21 84.0416
2641.4 84.082
2655.66 84.1127
2670 84.1628
2684.42 84.2208
2698.92 84.2437
2713.5 84.2877
2728.15 84.3176
2742.89 84.3324
2757.7 84.3245
2772.59 84.2897
2787.57 84.2205
2802.62 84.1513
2817.76 84.082
2832.98 84.082
2848.28 84.0012
2863.66 84.0012
2879.12 83.9204
2894.67 83.9204
2910.31 83.8396
2926.02 83.8396
2941.83 83.8396
2957.71 83.8704
2973.69 83.8821
2989.75 83.8715
3005.89 83.8608
3022.13 83.8502
3038.45 83.8396
3054.86 83.8396
3071.36 83.7989
3087.94 83.7588
3104.62 83.7588
3121.39 83.7157
3138.25 83.678
3155.19 83.678
3172.23 83.6339
3189.37 83.5972
3206.59 83.5972
3223.91 83.5841
3241.32 83.5711
3258.83 83.5581
3276.43 83.545
3294.12 83.5526
3311.91 83.569
3329.8 83.591
3347.78 83.5972
3365.86 83.5972
3384.04 83.5972
3402.32 83.5809
3420.69 83.5427
3439.16 83.5164
3457.74 83.4899
3476.41 83.4277
3495.19 83.3656
3514.06 83.3034
3533.04 83.2739
3552.12 83.224
3571.31 83.1931
3590.59 83.1444
3609.99 83.1123
3629.48 83.1123
3649.08 83.0582
3668.79 83.0315
3688.6 82.9866
3708.53 82.9507
3728.55 82.8826
3748.69 82.8145
3768.94 82.7465
3789.29 82.7206
3809.76 82.6789
3830.33 82.6403
3851.02 82.6072
3871.82 82.5619
3892.73 82.5433
3913.75 82.4983
3934.89 82.4658
3956.14 82.4658
3977.5 82.4062
3998.98 82.3467
4020.58 82.2871
4042.29 82.2276
4064.13 82.2234
4086.07 82.1426
4108.14 82.0617
4130.33 82.0208
4152.64 82.0617
4175.06 82.1426
4197.61 82.2234
4220.28 82.3042
4243.07 82.3869
4265.99 82.4696
4289.03 82.5524
4312.19 82.6274
4335.48 82.7082
4358.89 82.789
4382.44 82.8699
4406.1 82.9507
4429.9 83.0315
4453.82 83.1123
4477.88 83.1123
4502.06 83.1123
4526.38 83.1123
4550.82 83.0315
4575.4 82.9366
4600.11 82.8351
4624.95 82.7643
4649.93 82.789
4675.04 82.833
4700.29 82.8699
4725.68 82.9658
4751.2 83.0618
4776.86 83.1578
4802.66 83.2296
4828.59 83.3569
4854.67 83.4833
4880.89 83.6316
4907.25 83.7676
4933.75 83.8396
4960.4 84.2025
4987.19 84.3026
5014.12 84.4967
5041.2 84.6849
5068.43 84.8489
5095.8 84.8902
5123.32 85.0518
5150.99 85.2134
5178.81 85.2781
5206.78 85.375
5234.9 85.3971
5263.17 85.4558
5291.59 85.4558
5320.17 85.4806
5348.9 85.5366
5377.79 85.5366
5406.84 85.4558
5436.04 85.402
5465.39 85.3481
5494.91 85.2942
5524.59 85.2942
5554.42 85.2708
5584.42 85.2134
5614.58 85.1749
5644.9 85.1326
5675.39 85.0705
5706.04 85.0186
5736.86 84.971
5767.84 84.919
5798.99 84.8286
5830.31 84.7382
5861.8 84.6477
5893.45 84.5752
5925.28 84.4484
5957.28 84.3252
5989.46 84.2062
6021.8 84.1423
6054.32 84.082
6087.02 84.082
6119.9 84.0521
6152.95 84.0222
6186.18 83.9923
6219.59 83.9624
6253.18 83.9204
6286.95 83.9204
6320.9 83.8797
6355.04 83.8396
6389.36 83.8396
6423.87 83.7941
6458.56 83.7588
6493.44 83.7588
6528.51 83.7095
6563.77 83.678
6599.22 83.6085
6634.86 83.539
6670.69 83.4695
6706.72 83.4355
6742.94 83.3547
6779.35 83.2739
6815.97 83.1931
6852.78 83.1123
6889.79 83.0315
6927 82.9507
6964.41 82.8699
7002.02 82.789
7039.83 82.6669
7077.85 82.6274
7116.08 82.5466
7154.51 82.4828
7193.15 82.4429
7232 82.385
7271.06 82.3085
7310.32 82.279
7349.8 82.2234
7389.5 82.2028
7429.41 82.1558
7469.53 82.1088
7509.87 82.0617
7550.43 81.9833
7591.21 81.959
7632.2 81.9001
7673.42 81.8193
7714.87 81.7477
7756.53 81.6948
7798.42 81.6314
7840.54 81.5769
7882.88 81.5537
7925.45 81.4806
7968.26 81.4075
8011.29 81.3344
8054.56 81.3344
8098.06 81.3344
8141.79 81.3344
8185.76 81.3344
8229.97 81.3344
8274.42 81.3344
8319.11 81.3344
8364.04 81.3205
8409.21 81.2828
8454.62 81.2536
8500.28 81.2408
8546.19 81.228
8592.35 81.2152
8638.75 81.2024
8685.4 81.1896
8732.31 81.1728
8779.47 81.1728
8826.89 81.1728
8874.56 81.1626
8922.49 81.1303
8970.67 81.092
9019.12 81.0947
9067.83 81.092
9116.8 81.092
9166.04 81.092
9215.54 81.092
9265.31 81.092
9315.35 81.092
9365.66 81.092
9416.24 81.0702
9467.1 81.046
9518.22 81.0278
9569.63 81.0112
9621.31 80.9413
9673.27 80.896
9725.52 80.8496
9778.04 80.7813
9830.85 80.7688
9883.94 80.7486
9937.32 80.7283
9990.99 80.7081
10044.9 80.6879
10099.2 80.6879
10153.7 80.6635
10208.6 80.6071
10263.7 80.6071
10319.1 80.5745
10374.9 80.5263
10430.9 80.5142
10487.2 80.4455
10543.9 80.3647
10600.8 80.3647
10658.1 80.2625
10715.6 80.1603
10773.5 80.0582
10831.7 79.9606
10890.2 79.8571
10949 79.7513
11008.1 79.6504
11067.6 79.5398
11127.4 79.4758
11187.4 79.3846
11247.9 79.2935
11308.6 79.2023
11369.7 79.1525
11431.1 79.1135
11492.8 79.0924
11554.9 79.0717
11617.3 79.0717
11680 79.0717
11743.1 79.1287
11806.5 79.1765
11870.3 79.2194
11934.4 79.2918
11998.9 79.3642
12063.7 79.4365
12128.8 79.4826
12194.3 79.5622
12260.2 79.6445
12326.4 79.7258
12393 79.8245
12459.9 79.9167
12527.2 79.9977
12594.8 80.0414
12662.9 80.1709
12731.3 80.3004
12800 80.3647
12869.1 80.4455
12938.6 80.5263
13008.5 80.6071
13078.8 80.6879
13149.4 80.7688
13220.4 80.8377
13291.8 80.8496
13363.6 80.9131
13435.8 80.9766
13508.3 81.04
13581.3 81.092
13654.6 81.1432
13728.4 81.1733
13802.5 81.2536
13877.1 81.3158
13952 81.3854
14027.4 81.4918
14103.1 81.5762
14179.3 81.7209
14255.9 81.8656
14332.9 81.9341
14410.3 82.098
14488.1 82.2712
14566.3 82.4508
14645 82.5696
14724.1 82.9507
14803.6 82.9928
14883.6 83.1343
14963.9 83.3016
15044.8 83.4662
15126 83.5972
15207.7 83.7049
15289.8 83.8127
15372.4 83.9204
15455.4 83.9914
15538.9 84.082
15622.8 84.1296
15707.2 84.082
15792 84.082
15877.3 84.0556
15963.1 84.0012
16049.3 84.0012
16136 83.9204
16223.1 83.7992
16310.7 83.678
16398.8 83.617
16487.4 83.5164
16576.4 83.4355
16665.9 83.3547
16755.9 83.2739
16846.4 83.1931
16937.4 83.1123
17028.9 83.1123
17120.9 83.0315
17213.3 82.9507
17306.3 82.8699
17399.7 82.8032
17493.7 82.7587
17588.2 82.7082
17683.2 82.6669
17778.7 82.6274
17874.7 82.5944
17971.2 82.5466
18068.3 82.5442
18165.9 82.5466
18264 82.5594
18362.6 82.5723
18461.8 82.5851
18561.5 82.5979
18661.7 82.5966
18762.5 82.5968
18863.9 82.5966
18965.7 82.5966
19068.2 82.5693
19171.1 82.4806
19274.7 82.3641
19378.8 82.2902
19483.4 82.0951
19588.7 81.9001
19694.4 81.8737
19800.8 81.7343
19907.8 81.5759
20015.3 81.4671
