20.507 84.7669
20.6178 84.8093
20.7291 85.0747
20.8411 85.1735
20.9536 85.362
21.0668 85.5706
21.1806 85.6772
21.295 85.8278
21.41 85.9302
21.5256 86.0326
21.6418 86.119
21.7587 86.213
21.8762 86.264
21.9944 86.3852
22.1132 86.5064
22.2326 86.6115
22.3527 86.717
22.4734 86.8108
22.5948 86.9104
22.7168 87.0317
22.8395 87.1803
22.9628 87.3313
23.0868 87.473
23.2115 87.5938
23.3369 87.7082
23.4629 87.8666
23.5896 87.9899
23.717 88.0927
23.8451 88.2034
23.9739 88.2034
24.1034 88.4459
24.2335 88.5073
24.3644 88.62
24.496 88.7156
24.6283 88.8113
24.7613 88.9069
24.895 88.9931
25.0295 89.0116
25.1647 89.0116
25.3006 89.0116
25.4372 89.0116
25.5746 89.0116
25.7127 89.0116
25.8516 88.9307
25.9912 88.9307
26.1316 88.8499
26.2727 88.7691
26.4146 88.7691
26.5572 88.693
26.7007 88.6021
26.8449 88.5024
26.9898 88.5267
27.1356 88.2842
27.2821 88.2842
27.4295 88.2034
27.5776 88.2034
27.7266 88.1356
27.8763 88.0677
28.0269 87.9851
28.1782 87.9228
28.3304 87.8637
28.4834 87.8274
28.6372 87.7911
28.7919 87.7548
28.9474 87.7186
29.1037 87.7045
29.2609 87.669
29.4189 87.6043
29.5778 87.4998
29.7376 87.3953
29.8982 87.3145
30.0596 87.2606
30.222 87.2068
30.3852 87.1529
30.5493 87.1529
30.7143 87.1529
30.8802 87.1914
31.0469 87.168
31.2146 87.1529
31.3832 87.1529
31.5527 87.1529
31.7231 87.1463
31.8944 87.1397
32.0667 87.1068
32.2398 87.0721
32.414 87.0721
32.589 87.0721
32.765 87.0709
32.942 87.0698
33.1199 87.0686
33.2987 87.0675
33.4786 87.0286
33.6594 86.9913
33.8412 86.9913
34.0239 86.9104
34.2077 86.9793
34.3924 86.9669
34.5782 86.9389
34.7649 86.9104
34.9527 86.8864
35.1414 86.8665
35.3312 86.8651
35.522 86.8637
35.7139 86.8623
35.9068 86.8609
36.1007 86.8516
36.2956 86.8382
36.4917 86.8296
36.6887 86.8275
36.8869 86.8254
37.0861 86.8233
37.2864 86.8212
37.4878 86.8011
37.6902 86.8296
37.8938 86.8339
38.0984 86.8809
38.3042 86.9017
38.5111 86.9284
38.719 86.9552
38.9282 86.9913
39.1384 87.0081
39.3498 87.0721
39.5623 87.1044
39.7759 87.1367
39.9908 87.169
40.2067 87.2014
40.4239 87.2337
40.6422 87.3145
40.8617 87.3145
41.0824 87.3684
41.3042 87.4223
41.5273 87.4761
41.7516 87.5562
41.9771 87.6037
42.2038 87.6378
42.4317 87.7186
42.6609 87.7994
42.8913 87.8802
43.1229 87.961
43.3558 88.0112
43.5899 88.0418
43.8254 88.0822
44.062 88.1226
44.3 88.2034
44.5393 88.2034
44.7798 88.2379
45.0216 88.2572
45.2648 88.2123
45.5093 88.1675
45.755 88.1226
46.0021 88.0947
46.2506 88.0312
46.5004 87.961
46.7515 87.8802
47.004 87.7994
47.2578 87.7461
47.5131 87.6416
47.7697 87.5665
48.0277 87.3953
48.287 87.3145
48.5478 87.3145
48.81 87.2337
49.0736 87.1529
49.3386 87.1244
49.6051 86.9104
49.873 86.9482
50.1424 86.9134
50.4132 86.8785
50.6854 86.8435
50.9592 86.8232
51.2344 86.803
51.5111 86.7827
51.7893 86.7624
52.069 86.7488
52.3502 86.7488
52.6329 86.7488
52.9171 86.7914
53.2029 86.834
53.4903 86.8766
53.7792 86.9191
54.0696 86.9913
54.3616 87.0491
54.6552 87.1063
54.9504 87.1636
55.2471 87.2157
55.5455 87.2664
55.8455 87.323
56.1471 87.3953
56.4503 87.5031
56.7552 87.6108
57.0617 87.7186
57.3699 87.8125
57.6797 87.8739
57.9912 87.8966
58.3044 88.0101
58.6193 88.0787
58.9359 88.1466
59.2542 88.2034
59.5742 88.3141
59.8959 88.4248
60.2194 88.5354
60.5446 88.6461
60.8716 88.7499
61.2004 88.8537
61.5309 88.9576
61.8632 89.0517
62.1973 89.1515
62.5332 89.2835
62.8709 89.4156
63.2105 89.5002
63.5519 89.5955
63.8951 89.751
64.2401 89.9066
64.5871 90.0621
64.9359 90.0621
65.2866 90.2481
65.6392 90.434
65.9937 90.573
66.3501 90.7061
66.7084 90.8103
67.0687 90.9591
67.4309 91.0735
67.7951 91.1935
68.1612 91.3376
68.5293 91.4284
68.8994 91.4856
69.2716 91.5167
69.6457 91.6272
70.0218 91.6837
70.4 91.7402
70.7802 91.7281
71.1624 91.7031
71.5468 91.6767
71.9332 91.6503
72.3216 91.6239
72.7122 91.5975
73.1049 91.604
73.4997 91.5975
73.8967 91.5167
74.2958 91.4359
74.697 91.3551
75.1004 91.2743
75.506 91.2405
75.9138 91.1592
76.3238 91.0629
76.736 90.9666
77.1504 90.8702
77.5671 90.7742
77.986 90.6769
78.4072 90.5708
78.8306 90.4647
79.2564 90.3726
79.6844 90.2921
80.1148 90.2125
80.5474 90.1328
80.9824 90.0284
81.4198 89.9241
81.8595 89.8197
82.3016 89.8197
82.7461 89.6962
83.193 89.5727
83.6423 89.4902
84.094 89.4007
84.5482 89.298
85.0048 89.1952
85.4639 89.0924
85.9254 89.0906
86.3895 88.9935
86.856 88.8918
87.3251 88.79
87.7967 88.6883
88.2709 88.609
88.7476 88.5267
89.2269 88.4661
89.7088 88.4055
90.1933 88.3449
90.6804 88.2842
91.1701 88.2034
91.6625 88.159
92.1575 88.1252
92.6553 88.0913
93.1557 88.0068
93.6588 87.9224
94.1646 87.8802
94.6731 87.7994
95.1844 87.7514
95.6985 87.7034
96.2153 87.6555
96.735 87.6075
97.2574 87.5569
97.7826 87.5086
98.3107 87.4628
98.8417 87.417
99.3755 87.3712
99.9122 87.3253
100.452 87.2795
100.994 87.2337
101.54 87.2337
102.088 87.1125
102.639 87.0519
103.194 86.9913
103.751 87.017
104.311 86.9908
104.875 86.9113
105.441 86.8766
106.011 86.8418
106.583 86.807
107.159 86.7723
107.737 86.7375
108.319 86.7028
108.904 86.668
109.492 86.6141
110.084 86.5603
110.678 86.5064
111.276 86.5064
111.877 86.4746
112.481 86.4256
113.089 86.3448
113.699 86.264
114.314 86.1831
114.931 86.1831
115.552 86.1831
116.176 86.1831
116.803 86.167
117.434 86.1508
118.068 86.1347
118.706 86.1185
119.347 86.1023
119.991 86.1048
120.639 86.1048
121.291 86.1023
121.946 86.1023
122.605 86.1023
123.267 86.1023
123.933 86.1023
124.602 86.1023
125.275 86.1023
125.951 86.1185
126.632 86.1347
127.315 86.1508
128.003 86.167
128.694 86.1831
129.389 86.1831
130.088 86.2115
130.791 86.2404
131.497 86.264
132.207 86.264
132.921 86.264
133.639 86.264
134.361 86.264
135.086 86.264
135.816 86.264
136.55 86.264
137.287 86.264
138.028 86.264
138.774 86.264
139.523 86.264
140.277 86.264
141.034 86.264
141.796 86.264
142.562 86.264
143.332 86.264
144.106 86.264
144.884 86.264
145.667 86.264
146.453 86.264
147.244 86.264
148.04 86.264
148.839 86.264
149.643 86.264
150.451 86.264
151.264 86.264
152.081 86.264
152.902 86.2577
153.728 86.2515
154.558 86.2453
155.393 86.2391
156.232 86.2329
157.076 86.2267
157.924 86.2204
158.777 86.2142
159.634 86.208
160.496 86.2018
161.363 86.1956
162.235 86.1894
163.111 86.1831
163.992 86.1317
164.877 86.1051
165.768 86.1015
166.663 86.0978
167.563 86.0941
168.468 86.0904
169.378 86.0868
170.293 86.0831
171.212 86.0794
172.137 86.0757
173.067 86.0721
174.001 86.0684
174.941 86.0647
175.886 86.061
176.836 86.0514
177.791 86.0215
178.751 85.9892
179.716 85.9569
180.687 85.9245
181.663 85.8922
182.644 85.8599
183.63 85.8974
184.622 85.9407
185.619 85.9609
186.622 85.9811
187.63 86.0013
188.643 86.0215
189.662 86.003
190.686 85.9618
191.716 85.9182
192.751 85.9257
193.792 85.9332
194.839 85.9407
195.891 85.9219
196.949 85.9251
198.013 85.9239
199.082 85.8984
200.157 85.9195
201.238 85.9407
202.325 85.9407
203.418 85.9715
204.516 85.9758
205.621 85.9407
206.731 85.9148
207.848 85.8798
208.97 85.9407
210.099 85.9003
211.234 85.8599
212.374 85.9148
213.521 85.9407
214.675 85.9849
215.834 86.0215
217 86.0215
218.172 86.0215
219.35 86.0399
220.534 86.0495
221.725 86.0481
222.923 86.0424
224.127 86.0215
225.337 85.9888
226.554 85.9562
227.778 85.9407
229.008 85.9381
230.245 85.9235
231.488 85.8993
232.738 85.9407
233.995 85.9349
235.259 85.9291
236.53 85.9233
237.807 85.9407
239.091 85.9601
240.383 85.9822
241.681 86.0019
242.986 86.0215
244.298 86.0215
245.618 86.0215
246.944 86.0215
248.278 86.0051
249.619 85.972
250.967 85.9407
252.322 85.9003
253.685 85.8599
255.055 85.8377
256.433 85.7791
257.817 85.7791
259.21 85.7412
260.61 85.7791
262.017 85.6983
263.432 85.6983
264.855 85.6983
266.285 85.674
267.723 85.6175
269.169 85.6175
270.623 85.6175
272.085 85.5366
273.554 85.5366
275.031 85.448
276.517 85.375
278.01 85.2942
279.512 85.2213
281.021 85.1574
282.539 85.1501
284.065 85.1702
285.599 85.1702
287.141 85.1645
288.692 85.142
290.251 85.1326
291.819 85.1326
293.395 85.0919
294.979 85.0803
296.572 85.0518
298.174 85.0518
299.784 85.0518
301.403 85.0518
303.031 85.0518
304.668 84.971
306.313 84.8902
307.968 84.8902
309.631 84.8902
311.303 84.9659
312.984 85.0518
314.675 85.0518
316.374 85.0518
318.083 85.0518
319.8 85.0518
321.528 85.0588
323.264 85.0755
325.01 85.0749
326.765 85.0723
328.53 85.0647
330.304 85.0518
332.088 85.0518
333.882 85.0518
335.685 85.0518
337.498 84.971
339.32 84.8902
341.153 84.8871
342.995 84.8093
344.848 84.7763
346.71 84.7285
348.583 84.6477
350.465 84.6054
352.358 84.5636
354.261 84.5055
356.174 84.5669
358.098 84.5669
360.032 84.6477
361.976 84.6477
363.931 84.7285
365.897 84.7285
367.873 84.7824
369.859 84.8093
371.857 84.8093
373.865 84.8902
375.884 84.8902
377.914 84.8902
379.955 84.8902
382.007 84.8902
384.07 84.8902
386.145 84.8902
388.23 84.8902
390.327 84.8902
392.435 84.8465
394.554 84.8093
396.685 84.7496
398.827 84.7285
400.981 84.6643
403.147 84.6
405.324 84.5669
407.513 84.4861
409.714 84.4486
411.927 84.4861
414.151 84.5669
416.388 84.6477
418.637 84.7285
420.898 84.8093
423.171 84.7285
425.456 84.7285
427.754 84.6477
430.064 84.6458
432.387 84.5669
434.722 84.5669
437.07 84.5669
439.43 84.5669
441.804 84.5035
444.19 84.4861
446.589 84.4861
449 84.4861
451.425 84.4861
453.863 84.4643
456.315 84.4293
458.779 84.3944
461.257 84.3594
463.748 84.3245
466.252 84.2871
468.77 84.2437
471.302 84.1658
473.847 84.2047
476.406 84.2437
478.979 84.3205
481.566 84.4053
484.167 84.4861
486.782 84.5669
489.411 84.5017
492.054 84.3813
494.711 84.2823
497.383 84.1809
500.069 84.082
502.77 84.082
505.485 84.082
508.215 84.1628
510.96 84.2025
513.719 84.2669
516.494 84.3245
519.283 84.3131
522.088 84.2437
524.907 84.1628
527.742 84.1141
530.592 84.1839
533.458 84.3094
536.339 84.4911
539.236 84.7703
542.148 84.9181
545.076 85.1334
548.02 85.1326
550.979 85.0518
553.955 85.0518
556.947 84.8902
559.954 84.8464
562.979 84.7823
566.019 84.7119
569.076 84.6477
572.149 84.5669
575.239 84.4979
578.346 84.4283
581.469 84.4183
584.61 84.4522
587.767 84.4861
590.941 84.5344
594.133 84.5669
597.342 84.5953
600.568 84.6496
603.811 84.7039
607.072 84.7582
610.351 84.8093
613.647 84.8824
616.961 84.8193
620.293 84.7754
623.643 84.7285
627.011 84.6477
630.397 84.606
633.802 84.5669
637.225 84.5277
640.666 84.4861
644.126 84.4861
647.605 84.4327
651.103 84.4776
654.619 84.4861
658.154 84.5669
661.709 84.5669
665.283 84.6477
668.876 84.6477
672.488 84.7285
676.12 84.7285
679.771 84.8093
683.443 84.8238
687.134 84.8863
690.845 84.8093
694.576 84.731
698.327 84.6771
702.098 84.6122
705.89 84.5473
709.702 84.5506
713.535 84.6477
717.389 84.7397
721.263 84.8411
725.158 84.8902
729.075 85.0518
733.012 84.8902
736.971 84.8444
740.951 84.7438
744.953 84.6438
748.976 84.5369
753.021 84.4776
757.088 84.4096
761.177 84.3707
765.287 84.3245
769.42 84.2546
773.576 84.2437
777.754 84.3568
781.954 84.4809
786.177 84.606
790.423 84.7643
794.692 84.8902
798.984 84.7816
803.299 84.673
807.637 84.5643
811.999 84.4353
816.384 84.3245
820.793 84.3245
825.226 84.3245
829.683 84.3326
834.164 84.3793
838.669 84.4053
843.198 84.4861
847.752 84.5536
852.33 84.6477
856.934 84.7285
861.562 84.8093
866.215 84.8902
870.893 84.9475
875.596 85.0638
880.325 85.1668
885.079 85.2563
889.859 85.3455
894.665 85.4168
899.497 85.491
904.355 85.5652
909.239 85.6175
914.149 85.6983
919.086 85.7354
924.05 85.5912
929.041 85.4048
934.058 85.2608
939.103 85.1129
944.174 84.8902
949.273 84.8902
954.4 85.087
959.555 85.1867
964.737 85.3208
969.947 85.4275
975.185 85.5366
980.452 85.6026
985.747 85.6175
991.071 85.6899
996.423 85.6983
1001.8 85.7387
1007.22 85.7791
1012.65 85.7791
1018.12 85.7877
1023.62 85.8189
1029.15 85.8346
1034.71 85.802
1040.3 85.6481
1045.92 85.4752
1051.56 85.3109
1057.24 85.1297
1062.95 85.0352
1068.69 84.8902
1074.46 84.8902
1080.27 84.8902
1086.1 84.8902
1091.97 84.8648
1097.86 84.782
1103.79 84.7109
1109.76 84.6222
1115.75 84.5415
1121.77 84.4685
1127.83 84.4428
1133.92 84.4861
1140.05 84.4861
1146.2 84.5304
1152.4 84.5669
1158.62 84.5787
1164.88 84.6477
1171.17 84.7135
1177.49 84.7356
1183.85 84.8093
1190.25 84.8794
1196.67 84.884
1203.14 84.813
1209.63 84.8093
1216.17 84.7884
1222.73 84.7285
1229.34 84.73
1235.98 84.8093
1242.65 84.8902
1249.36 84.8902
1256.11 85.0518
1262.9 85.0876
1269.72 85.161
1276.57 85.2406
1283.47 85.3205
1290.4 85.4011
1297.37 85.4796
1304.37 85.5366
1311.42 85.5072
1318.5 85.4558
1325.62 85.4558
1332.78 85.42
1339.98 85.375
1347.22 85.4362
1354.49 85.4666
1361.81 85.5366
1369.16 85.5819
1376.56 85.6175
1383.99 85.6442
1391.47 85.6983
1398.98 85.6983
1406.54 85.7313
1414.13 85.7791
1421.77 85.7537
1429.45 85.6983
1437.17 85.6983
1444.93 85.6666
1452.73 85.6175
1460.58 85.644
1468.47 85.7353
1476.4 85.8296
1484.37 85.9269
1492.39 86.0215
1500.45 86.1023
1508.55 86.0456
1516.7 85.9253
1524.89 85.8256
1533.12 85.725
1541.4 85.5971
1549.73 85.508
1558.1 85.4142
1566.51 85.3179
1574.97 85.227
1583.48 85.1326
1592.03 85.187
1600.63 85.2414
1609.27 85.471
1617.97 85.7017
1626.7 85.9475
1635.49 86.1907
1644.32 86.3047
1653.2 86.2331
1662.13 86.1544
1671.11 86.0731
1680.13 85.9931
1689.21 85.9005
1698.33 85.7249
1707.5 85.5414
1716.72 85.3577
1725.99 85.1506
1735.32 85.0518
1744.69 84.8902
1754.11 84.876
1763.58 84.8093
1773.11 84.7285
1782.68 84.6851
1792.31 84.8395
1801.99 85.0675
1811.72 85.2265
1821.51 85.4326
1831.34 85.6254
1841.23 85.7683
1851.18 85.8577
1861.18 85.8967
1871.23 85.9407
1881.33 86.0086
1891.49 86.0615
1901.71 86.1434
1911.98 86.2365
1922.31 86.335
1932.69 86.4256
1943.13 86.5168
1953.62 86.388
1964.17 86.0388
1974.78 85.7172
1985.44 85.4154
1996.17 85.1257
2006.95 84.9675
2017.79 84.8093
2028.68 84.7872
2039.64 84.7578
2050.66 84.7285
2061.73 84.7285
2072.86 84.7805
2084.06 84.8902
2095.31 85.0518
2106.63 85.1052
2118.01 85.2219
2129.45 85.3294
2140.95 85.4769
2152.51 85.6119
2164.13 85.7623
2175.82 85.9025
2187.57 85.9407
2199.39 85.8757
2211.27 85.8173
2223.21 85.7499
2235.22 85.6924
2247.29 85.6175
2259.42 85.5211
2271.63 85.4255
2283.89 85.3336
2296.23 85.2391
2308.63 85.1326
2321.1 85.1671
2333.63 85.2906
2346.24 85.4123
2358.91 85.5293
2371.65 85.6525
2384.46 85.7614
2397.33 85.8753
2410.28 85.983
2423.3 86.078
2436.39 86.2064
2449.54 86.3079
2462.77 86.3448
2476.07 86.3511
2489.45 86.3839
2502.89 86.4185
2516.41 86.4256
2530 86.4256
2543.66 86.406
2557.4 86.3448
2571.21 86.3448
2585.1 86.3139
2599.06 86.2676
2613.1 86.3411
2627.21 86.4294
2641.4 86.5272
2655.66 86.6234
2670 86.7138
2684.42 86.7653
2698.92 86.7226
2713.5 86.668
2728.15 86.5872
2742.89 86.5064
2757.7 86.4256
2772.59 86.2965
2787.57 86.1737
2802.62 86.0587
2817.76 85.942
2832.98 85.8599
2848.28 85.8599
2863.66 85.8599
2879.12 85.8599
2894.67 85.8599
2910.31 85.8599
2926.02 85.8921
2941.83 85.9697
2957.71 86.0491
2973.69 86.1289
2989.75 86.2065
3005.89 86.2352
3022.13 86.264
3038.45 86.2003
3054.86 86.1831
3071.36 86.1695
3087.94 86.1244
3104.62 86.1028
3121.39 86.1048
3138.25 86.1048
3155.19 86.1048
3172.23 86.104
3189.37 86.129
3206.59 86.1831
3223.91 86.2023
3241.32 86.264
3258.83 86.285
3276.43 86.3448
3294.12 86.3363
3311.91 86.264
3329.8 86.2423
3347.78 86.1831
3365.86 86.1536
3384.04 86.1394
3402.32 86.1831
3420.69 86.2451
3439.16 86.264
3457.74 86.3448
3476.41 86.2853
3495.19 86.1862
3514.06 86.1023
3533.04 85.9982
3552.12 85.9046
3571.31 85.825
3590.59 85.7579
3609.99 85.6983
3629.48 85.6175
3649.08 85.5366
3668.79 85.4765
3688.6 85.4624
3708.53 85.5366
3728.55 85.5366
3748.69 85.5551
3768.94 85.6175
3789.29 85.6019
3809.76 85.5366
3830.33 85.4558
3851.02 85.375
3871.82 85.3195
3892.73 85.2621
3913.75 85.2776
3934.89 85.2984
3956.14 85.375
3977.5 85.375
3998.98 85.375
4020.58 85.375
4042.29 85.375
4064.13 85.3339
4086.07 85.2942
4108.14 85.2173
4130.33 85.2027
4152.64 85.2937
4175.06 85.4165
4197.61 85.5566
4220.28 85.6864
4243.07 85.8242
4265.99 85.8599
4289.03 85.75
4312.19 85.647
4335.48 85.5544
4358.89 85.4277
4382.44 85.3443
4406.1 85.3841
4429.9 85.4663
4453.82 85.5481
4477.88 85.6251
4502.06 85.6983
4526.38 85.6942
4550.82 85.6591
4575.4 85.627
4600.11 85.6175
4624.95 85.6175
4649.93 85.6808
4675.04 85.7416
4700.29 85.808
4725.68 85.8682
4751.2 85.9407
4776.86 85.9544
4802.66 85.9123
4828.59 85.8552
4854.67 85.7959
4880.89 85.7527
4907.25 85.6983
4933.75 85.7096
4960.4 85.765
4987.19 85.7791
5014.12 85.8056
5041.2 85.8321
5068.43 85.8599
5095.8 85.8599
5123.32 85.8599
5150.99 85.8599
5178.81 85.8599
5206.78 85.8599
5234.9 85.9162
5263.17 85.9947
5291.59 86.0746
5320.17 86.1553
5348.9 86.235
5377.79 86.264
5406.84 86.2342
5436.04 86.1831
5465.39 86.1831
5494.91 86.1492
5524.59 86.1453
5554.42 86.2257
5584.42 86.3221
5614.58 86.4252
5644.9 86.5163
5675.39 86.5493
5706.04 86.5064
5736.86 86.4256
5767.84 86.3889
5798.99 86.3448
5830.31 86.264
5861.8 86.2332
5893.45 86.1831
5925.28 86.1509
5957.28 86.1173
5989.46 86.1033
6021.8 86.0893
6054.32 86.0753
6087.02 86.1023
6119.9 86.1023
6152.95 86.1023
6186.18 86.1398
6219.59 86.1531
6253.18 86.1831
6286.95 86.1831
6320.9 86.2213
6355.04 86.264
6389.36 86.3044
6423.87 86.3448
6458.56 86.4256
6493.44 86.4701
6528.51 86.5064
6563.77 86.5872
6599.22 86.5872
6634.86 86.5872
6670.69 86.5872
6706.72 86.5872
6742.94 86.5872
6779.35 86.5916
6815.97 86.668
6852.78 86.7196
6889.79 86.7549
6927 86.8296
6964.41 86.8296
7002.02 86.7774
7039.83 86.6957
7077.85 86.6139
7116.08 86.5339
7154.51 86.5064
7193.15 86.5462
7232 86.5872
7271.06 86.5872
7310.32 86.6297
7349.8 86.668
7389.5 86.668
7429.41 86.668
7469.53 86.6851
7509.87 86.7081
7550.43 86.7295
7591.21 86.7396
7632.2 86.7379
7673.42 86.7385
7714.87 86.7385
7756.53 86.7396
7798.42 86.721
7840.54 86.668
7882.88 86.6502
7925.45 86.5872
7968.26 86.5693
8011.29 86.5507
8054.56 86.5321
8098.06 86.5872
8141.79 86.6582
8185.76 86.6954
8229.97 86.7488
8274.42 86.7762
8319.11 86.7438
8364.04 86.668
8409.21 86.6266
8454.62 86.5872
8500.28 86.5064
8546.19 86.5064
8592.35 86.5064
8638.75 86.5333
8685.4 86.5599
8732.31 86.5872
8779.47 86.5781
8826.89 86.5064
8874.56 86.463
8922.49 86.4256
8970.67 86.3448
9019.12 86.3852
9067.83 86.4256
9116.8 86.4565
9166.04 86.5064
9215.54 86.5451
9265.31 86.5872
9315.35 86.5872
9365.66 86.5872
9416.24 86.5872
9467.1 86.5872
9518.22 86.5872
9569.63 86.5872
9621.31 86.5594
9673.27 86.5337
9725.52 86.5064
9778.04 86.5064
9830.85 86.5064
9883.94 86.5872
9937.32 86.6651
9990.99 86.724
10044.9 86.7829
10099.2 86.8419
10153.7 86.91
10208.6 86.929
10263.7 86.9913
10319.1 86.9993
10374.9 87.0721
10430.9 87.0721
10487.2 87.1234
10543.9 87.1529
10600.8 87.1529
10658.1 87.2131
10715.6 87.2337
10773.5 87.2337
10831.7 87.2337
10890.2 87.2337
10949 87.2337
11008.1 87.2337
11067.6 87.2337
11127.4 87.2337
11187.4 87.2112
11247.9 87.1825
11308.6 87.1529
11369.7 87.1529
11431.1 87.1529
11492.8 87.187
11554.9 87.2249
11617.3 87.2337
11680 87.2337
11743.1 87.2703
11806.5 87.3145
11870.3 87.3145
11934.4 87.3574
11998.9 87.3953
12063.7 87.3953
12128.8 87.4424
12194.3 87.4761
12260.2 87.4761
12326.4 87.5245
12393 87.5569
12459.9 87.5934
12527.2 87.6378
12594.8 87.6692
12662.9 87.7172
12731.3 87.7325
12800 87.7416
12869.1 87.7408
12938.6 87.7405
13008.5 87.741
13078.8 87.7405
13149.4 87.7203
13220.4 87.6918
13291.8 87.6506
13363.6 87.6189
13435.8 87.5671
13508.3 87.5405
13581.3 87.4761
13654.6 87.422
13728.4 87.3924
13802.5 87.3145
13877.1 87.2536
13952 87.2337
14027.4 87.1927
14103.1 87.1529
14179.3 87.1529
14255.9 87.1074
14332.9 87.0721
14410.3 87.0721
14488.1 87.0721
14566.3 87.0336
14645 87.0026
14724.1 87.022
14803.6 87.0721
14883.6 87.0721
14963.9 87.1529
15044.8 87.1904
15126 87.2337
15207.7 87.3145
15289.8 87.3953
15372.4 87.4761
15455.4 87.5569
15538.9 87.6378
15622.8 87.6933
15707.2 87.7309
15792 87.7759
15877.3 87.7994
15963.1 87.8613
16049.3 87.8802
16136 87.8802
16223.1 87.8802
16310.7 87.8638
16398.8 87.8479
16487.4 87.8085
16576.4 87.7994
16665.9 87.7994
16755.9 87.8002
16846.4 87.7994
16937.4 87.7994
17028.9 87.7994
17120.9 87.8277
17213.3 87.8484
17306.3 87.8802
17399.7 87.8802
17493.7 87.8802
17588.2 87.8802
17683.2 87.9092
17778.7 87.9338
17874.7 87.961
17971.2 87.961
18068.3 87.961
18165.9 88.0418
18264 88.0708
18362.6 88.1226
18461.8 88.1918
18561.5 88.2416
18661.7 88.3217
18762.5 88.4023
18863.9 88.4824
18965.7 88.5609
19068.2 88.6075
19171.1 88.6075
19274.7 88.6075
19378.8 88.606
19483.4 88.5783
19588.7 88.5638
19694.4 88.5847
19800.8 88.6121
19907.8 88.6697
20015.3 88.6825
