22.2326 -0.226273
22.7168 -0.226273
22.8395 -0.226273
22.9628 -0.226273
23.0868 -0.226273
23.2115 -0.226273
23.3369 -0.226273
23.4629 -0.226273
23.5896 -0.226273
23.717 -0.226273
23.8451 -0.226273
23.9739 -0.226273
24.1034 -0.226273
24.2335 -0.226273
24.3644 -0.226273
24.496 -0.226273
24.6283 -0.226273
24.7613 -0.226273
24.895 -0.226273
25.0295 -0.226273
25.1647 -0.226273
25.3006 -0.226273
25.4372 -0.226273
25.5746 -0.226273
25.7127 -0.226273
25.8516 -0.226273
25.9912 -0.226273
26.1316 -0.226273
26.2727 -0.226273
26.4146 -0.226273
26.5572 -0.226273
26.7007 -0.226273
26.8449 -0.226273
26.9898 -0.226273
27.1356 -0.226273
27.2821 -0.226273
27.4295 -0.226273
27.5776 -0.226273
27.7266 -0.226273
27.8763 -0.226273
28.0269 -0.226273
28.1782 -0.226273
28.3304 -0.226273
28.4834 -0.226273
28.6372 -0.226273
28.7919 -0.226273
28.9474 -0.226273
29.1037 -0.226273
29.2609 -0.226273
29.4189 -0.226273
29.5778 -0.226273
29.7376 -0.226273
29.8982 -0.226273
30.0596 -0.226273
30.222 -0.226273
30.3852 -0.226273
30.5493 -0.226273
30.7143 -0.226273
30.8802 -0.226273
31.0469 -0.226273
31.2146 -0.226273
31.3832 -0.226273
31.5527 -0.226273
31.7231 -0.226273
31.8944 -0.226273
32.0667 -0.226273
32.2398 -0.226273
32.414 -0.226273
32.589 -0.226273
32.765 -0.226273
32.942 -0.226273
33.1199 -0.226273
33.2987 -0.226273
33.4786 -0.226273
33.6594 -0.226273
33.8412 -0.226273
34.0239 -0.226273
34.2077 -0.226273
34.3924 -0.226273
34.5782 -0.226273
34.7649 -0.226273
34.9527 -0.226273
35.1414 -0.226273
35.3312 -0.226273
35.522 -0.226273
35.7139 -0.226273
35.9068 -0.226273
36.1007 -0.226273
36.2956 -0.226273
36.4917 -0.226273
36.6887 -0.226273
36.8869 -0.226273
37.0861 -0.226273
37.2864 -0.226273
37.4878 -0.226273
37.6902 -0.226273
37.8938 -0.226273
38.0984 -0.226273
38.3042 -0.226273
38.5111 -0.226273
38.719 -0.226273
38.9282 -0.226273
39.1384 -0.226273
39.3498 -0.226273
39.5623 -0.226273
39.7759 -0.226273
39.9908 -0.226273
40.2067 -0.226273
40.4239 -0.226273
40.6422 -0.226273
40.8617 -0.226273
41.0824 -0.226273
41.3042 -0.226273
41.5273 -0.226273
41.7516 -0.226273
41.9771 -0.226273
42.2038 -0.226273
42.4317 -0.226273
42.6609 -0.226273
42.8913 -0.226273
43.1229 -0.226273
43.3558 -0.226273
43.5899 -0.226273
43.8254 -0.226273
44.062 -0.226273
44.3 -0.226273
44.5393 -0.226273
44.7798 -0.226273
45.0216 -0.226273
45.2648 -0.226273
45.5093 -0.226273
45.755 -0.226273
46.0021 -0.226273
46.2506 -0.226273
46.5004 -0.226273
46.7515 -0.226273
47.004 -0.226273
47.2578 -0.226273
47.5131 -0.226273
47.7697 -0.226273
48.0277 -0.226273
48.287 -0.226273
48.5478 -0.226273
48.81 -0.226273
49.0736 -0.226273
49.3386 -0.226273
49.6051 -0.226273
49.873 -0.226273
50.1424 -0.226273
50.4132 -0.226273
50.6854 -0.226273
50.9592 -0.226273
51.2344 -0.226273
51.5111 -0.226273
51.7893 -0.226273
52.069 -0.226273
52.3502 -0.226273
52.6329 -0.226273
52.9171 -0.226273
53.2029 -0.226273
53.4903 -0.226273
53.7792 -0.226273
54.0696 -0.226273
54.3616 -0.226273
54.6552 -0.226273
54.9504 -0.226273
55.2471 -0.226273
55.5455 -0.226273
55.8455 -0.226273
56.1471 -0.226273
56.4503 -0.226273
56.7552 -0.226273
57.0617 -0.226273
57.3699 -0.226273
57.6797 -0.226273
57.9912 -0.226273
58.3044 -0.226273
58.6193 -0.226273
58.9359 -0.226273
59.2542 -0.226273
59.5742 -0.226273
59.8959 -0.226273
60.2194 -0.226273
60.5446 -0.226273
60.8716 -0.226273
61.2004 -0.226273
61.5309 -0.226273
61.8632 -0.226273
62.1973 -0.226273
62.5332 -0.226273
62.8709 -0.226273
63.2105 -0.226273
63.5519 -0.226273
63.8951 -0.226273
64.2401 -0.226273
64.5871 -0.226273
64.9359 -0.226273
65.2866 -0.226273
65.6392 -0.226273
65.9937 -0.226273
66.3501 -0.226273
66.7084 -0.226273
67.0687 -0.226273
67.4309 -0.226273
67.7951 -0.226273
68.1612 -0.226273
68.5293 -0.226273
68.8994 -0.226273
69.2716 -0.226273
69.6457 -0.226273
70.0218 -0.226273
70.4 -0.226273
70.7802 -0.226273
71.1624 -0.226273
71.5468 -0.226273
71.9332 -0.226273
72.3216 -0.226273
72.7122 -0.226273
73.1049 -0.226273
73.4997 -0.226273
73.8967 -0.226273
74.2958 -0.226273
74.697 -0.226273
75.1004 -0.226273
75.506 -0.226273
75.9138 -0.226273
76.3238 -0.226273
76.736 -0.221783
77.1504 -0.217294
77.5671 -0.212804
77.986 -0.208314
78.4072 -0.203825
78.8306 -0.199335
79.2564 -0.194846
79.6844 -0.190356
80.1148 -0.185867
80.5474 -0.181377
80.9824 -0.176888
81.4198 -0.172398
81.8595 -0.167909
82.3016 -0.163419
82.7461 -0.15893
83.193 -0.15444
83.6423 -0.14995
84.094 -0.145461
84.5482 -0.145461
85.0048 -0.145461
85.4639 -0.145461
85.9254 -0.145461
86.3895 -0.145461
86.856 -0.145461
87.3251 -0.145461
87.7967 -0.145461
88.2709 -0.145461
88.7476 -0.145461
89.2269 -0.145461
89.7088 -0.145461
90.1933 -0.145461
90.6804 -0.145461
91.1701 -0.145461
91.6625 -0.145461
92.1575 -0.145461
92.6553 -0.145461
93.1557 -0.145461
93.6588 -0.145461
94.1646 -0.145461
94.6731 -0.145461
95.1844 -0.145461
95.6985 -0.145461
96.2153 -0.145461
96.735 -0.145461
97.2574 -0.145461
97.7826 -0.145461
98.3107 -0.145461
98.8417 -0.145461
99.3755 -0.145461
99.9122 -0.145461
100.452 -0.145461
100.994 -0.145461
101.54 -0.145461
102.088 -0.145461
102.639 -0.145461
103.194 -0.145461
103.751 -0.145461
104.311 -0.145461
104.875 -0.145461
105.441 -0.145461
106.011 -0.145461
106.583 -0.145461
107.159 -0.145461
107.737 -0.145461
108.319 -0.145461
108.904 -0.145461
109.492 -0.145461
110.084 -0.145461
110.678 -0.145461
111.276 -0.145461
111.877 -0.145461
112.481 -0.145461
113.089 -0.145461
113.699 -0.145461
114.314 -0.145461
114.931 -0.145461
115.552 -0.145461
116.176 -0.145461
116.803 -0.145461
117.434 -0.145461
118.068 -0.145461
118.706 -0.145461
119.347 -0.145461
119.991 -0.145461
120.639 -0.145461
121.291 -0.145461
121.946 -0.145461
122.605 -0.145461
123.267 -0.145461
123.933 -0.145461
124.602 -0.145461
125.275 -0.145461
125.951 -0.145461
126.632 -0.145461
127.315 -0.141053
128.003 -0.136645
128.694 -0.132237
129.389 -0.127829
130.088 -0.123421
130.791 -0.119013
131.497 -0.114605
132.207 -0.110198
132.921 -0.10579
133.639 -0.101382
134.361 -0.0969738
135.086 -0.0925659
135.816 -0.088158
136.55 -0.0837501
137.287 -0.0793422
138.028 -0.0749342
138.774 -0.0705263
139.523 -0.0661184
140.277 -0.0617105
141.034 -0.0573026
141.796 -0.0528947
142.562 -0.0484867
143.332 -0.0440788
144.106 -0.0396709
144.884 -0.035263
145.667 -0.0308551
146.453 -0.0264472
147.244 -0.0220393
148.04 -0.0176313
148.839 -0.0132234
149.643 -0.00881552
150.451 -0.0044076
151.264 3.13016e-07
152.081 0.00440823
152.902 0.00881614
153.728 0.0132241
154.558 0.017632
155.393 0.0220399
156.232 0.0264478
157.076 0.0308557
157.924 0.0352636
158.777 0.0396715
159.634 0.0440795
160.496 0.0484874
161.363 0.0528953
162.235 0.0573032
163.111 0.0617111
163.992 0.066119
164.877 0.0705269
165.768 0.0749349
166.663 0.0793428
167.563 0.0837507
168.468 0.0881586
169.378 0.0925665
170.293 0.0969744
171.212 0.0969744
172.137 0.0969744
173.067 0.0969744
174.001 0.0969744
174.941 0.0969744
175.886 0.0969744
176.836 0.0969744
177.791 0.0969744
178.751 0.0969744
179.716 0.0969744
180.687 0.110443
181.663 0.123912
182.644 0.13738
183.63 0.150849
184.622 0.164318
185.619 0.177786
186.622 0.166242
187.63 0.154697
188.643 0.143153
189.662 0.131608
190.686 0.120064
191.716 0.108519
192.751 0.0969744
193.792 0.0969744
194.839 0.0969744
195.891 0.0969744
196.949 0.0969744
198.013 0.0969744
199.082 0.0969744
200.157 0.0969744
201.238 0.108519
202.325 0.120064
203.418 0.131608
204.516 0.143153
205.621 0.154697
206.731 0.166242
207.848 0.177786
208.97 0.189331
210.099 0.200875
211.234 0.21242
212.374 0.223964
213.521 0.235509
214.675 0.247053
215.834 0.258598
217 0.258598
218.172 0.242436
219.35 0.226273
220.534 0.210111
221.725 0.193949
222.923 0.177786
224.127 0.218192
225.337 0.258598
226.554 0.258598
227.778 0.242436
229.008 0.226273
230.245 0.210111
231.488 0.193949
232.738 0.177786
233.995 0.177786
235.259 0.33941
236.53 0.258598
237.807 0.27476
239.091 0.290923
240.383 0.307085
241.681 0.323247
242.986 0.33941
244.298 0.420222
245.618 0.33941
246.944 0.359613
248.278 0.379816
249.619 0.400019
250.967 0.420222
252.322 0.420222
253.685 0.420222
255.055 0.420222
256.433 0.415358
257.817 0.410494
259.21 0.405631
260.61 0.400767
262.017 0.33941
263.432 0.352878
264.855 0.366347
266.285 0.379816
267.723 0.393284
269.169 0.406753
270.623 0.420222
272.085 0.420222
273.554 0.420222
275.031 0.420222
276.517 0.420222
278.01 0.440424
279.512 0.460627
281.021 0.48083
282.539 0.501033
284.065 0.501033
285.599 0.501033
287.141 0.501033
288.692 0.527971
290.251 0.554908
291.819 0.581845
293.395 0.604934
294.979 0.628023
296.572 0.651112
298.174 0.674201
299.784 0.69729
301.403 0.72038
303.031 0.743469
304.668 0.743469
306.313 0.743469
307.968 0.785118
309.631 0.826767
311.303 0.868416
312.984 0.910065
314.675 0.951714
316.374 0.968079
318.083 0.984443
319.8 0.985904
321.528 0.985904
323.264 0.985904
325.01 0.985904
326.765 0.985904
328.53 1.06672
330.304 0.905092
332.088 0.905092
333.882 0.905092
335.685 0.905092
337.498 0.905092
339.32 0.905092
341.153 0.905092
342.995 0.905092
344.848 0.976009
346.71 0.985904
348.583 0.985904
350.465 0.985904
352.358 0.985904
354.261 0.985904
356.174 0.985904
358.098 0.985904
360.032 1.06672
361.976 1.08043
363.931 1.09415
365.897 1.10787
367.873 1.12159
369.859 1.06672
371.857 1.06672
373.865 1.06672
375.884 1.06672
377.914 1.06672
379.955 1.06672
382.007 1.06672
384.07 1.06672
386.145 1.04197
388.23 1.01722
390.327 1.00587
392.435 0.994521
394.554 0.983172
396.685 0.971823
398.827 0.976786
400.981 0.981749
403.147 0.986712
405.324 1.02086
407.513 1.055
409.714 1.08914
411.927 1.12328
414.151 1.14753
416.388 1.16838
418.637 1.18924
420.898 1.1484
423.171 1.10756
425.456 1.06672
427.754 1.03978
430.064 0.905092
432.387 0.985904
434.722 0.945498
437.07 0.905092
439.43 0.864686
441.804 0.82428
444.19 0.82428
446.589 0.900448
449 0.865449
451.425 0.834954
453.863 0.804459
456.315 0.773964
458.779 0.743469
461.257 0.743469
463.748 0.743469
466.252 0.743469
468.77 0.701538
471.302 0.659607
473.847 0.617677
476.406 0.581845
478.979 0.630332
481.566 0.678819
484.167 0.727306
486.782 0.775793
489.411 0.82428
492.054 0.783874
494.711 0.743469
497.383 0.777888
500.069 0.743469
502.77 0.770406
505.485 0.797343
508.215 0.82428
510.96 0.864686
513.719 0.905092
516.494 0.844483
519.283 0.783874
522.088 0.723266
524.907 0.662657
527.742 0.689594
530.592 0.716531
533.458 0.743469
536.339 0.770406
539.236 0.797343
542.148 0.82428
545.076 0.871524
548.02 0.918768
550.979 0.966012
553.955 0.961348
556.947 0.956684
559.954 0.95202
562.979 0.947356
566.019 0.905092
569.076 0.82428
572.149 0.901419
575.239 0.902154
578.346 0.902888
581.469 0.903623
584.61 0.904357
587.767 0.905092
590.941 0.893745
594.133 0.882398
597.342 0.908275
600.568 0.934151
603.811 0.960028
607.072 0.985904
610.351 1.06672
613.647 1.04736
616.961 1.02801
620.293 1.0283
623.643 1.02858
627.011 1.02887
630.397 1.02916
633.802 1.00753
637.225 0.985904
640.666 1.06672
644.126 1.08692
647.605 1.10712
651.103 1.12732
654.619 1.14753
658.154 1.06672
661.709 1.14753
665.283 1.22834
668.876 1.26598
672.488 1.30362
676.12 1.34125
679.771 1.37889
683.443 1.47077
687.134 1.38996
690.845 1.47077
694.576 1.48694
698.327 1.5031
702.098 1.51926
705.89 1.53542
709.702 1.55159
713.535 1.47077
717.389 1.55159
721.263 1.60546
725.158 1.65934
729.075 1.71321
733.012 1.6324
736.971 1.55159
740.951 1.56271
744.953 1.512
748.976 1.46129
753.021 1.41058
757.088 1.35986
761.177 1.30915
765.287 1.30915
769.42 1.30915
773.576 1.33609
777.754 1.36303
781.954 1.38996
786.177 1.47077
790.423 1.38996
794.692 1.47077
798.984 1.43037
803.299 1.38996
807.637 1.34956
811.999 1.30915
816.384 1.38996
820.793 1.37823
825.226 1.3665
829.683 1.35476
834.164 1.34303
838.669 1.3313
843.198 1.31956
847.752 1.35271
852.33 1.38586
856.934 1.419
861.562 1.45215
866.215 1.48529
870.893 1.51844
875.596 1.55159
880.325 1.6324
885.079 1.71321
889.859 1.73341
894.665 1.75362
899.497 1.77382
904.355 1.79402
909.239 1.75362
914.149 1.71321
919.086 1.71321
924.05 1.59199
929.041 1.47077
934.058 1.43037
939.103 1.38996
944.174 1.34956
949.273 1.30915
954.4 1.26875
959.555 1.22834
964.737 1.30915
969.947 1.30915
975.185 1.22834
980.452 1.22834
985.747 1.29456
991.071 1.36078
996.423 1.427
1001.8 1.41466
1007.22 1.40231
1012.65 1.38996
1018.12 1.38996
1023.62 1.38996
1029.15 1.38996
1034.71 1.38996
1040.3 1.3444
1045.92 1.29884
1051.56 1.25328
1057.24 1.26725
1062.95 1.28122
1068.69 1.29518
1074.46 1.30915
1080.27 1.22834
1086.1 1.22834
1091.97 1.22834
1097.86 1.22834
1103.79 1.22834
1109.76 1.22834
1115.75 1.22834
1121.77 1.22834
1127.83 1.22834
1133.92 1.22834
1140.05 1.22834
1146.2 1.22834
1152.4 1.22834
1158.62 1.22834
1164.88 1.22834
1171.17 1.28221
1177.49 1.33609
1183.85 1.38996
1190.25 1.4169
1196.67 1.44384
1203.14 1.47077
1209.63 1.47077
1216.17 1.47077
1222.73 1.47077
1229.34 1.47077
1235.98 1.47077
1242.65 1.47077
1249.36 1.47077
1256.11 1.47077
1262.9 1.52465
1269.72 1.57852
1276.57 1.6324
1283.47 1.79308
1290.4 1.83779
1297.37 1.88746
1304.37 1.93713
1311.42 1.98679
1318.5 2.03646
1325.62 2.09033
1332.78 2.09964
1339.98 2.10896
1347.22 2.11827
1354.49 2.12759
1361.81 2.11727
1369.16 2.18461
1376.56 2.25195
1383.99 2.3193
1391.47 2.38664
1398.98 2.45398
1406.54 2.52133
1414.13 2.51342
1421.77 2.56349
1429.45 2.61356
1437.17 2.66363
1444.93 2.71369
1452.73 2.76376
1460.58 2.76376
1468.47 2.76376
1476.4 2.68295
1484.37 2.67961
1492.39 2.67627
1500.45 2.67293
1508.55 2.66958
1516.7 2.66624
1524.89 2.6629
1533.12 2.65956
1541.4 2.61348
1549.73 2.5674
1558.1 2.52133
1566.51 2.44052
1574.97 2.44052
1583.48 2.44052
1592.03 2.50517
1600.63 2.56981
1609.27 2.63446
1617.97 2.69911
1626.7 2.76376
1635.49 2.76947
1644.32 2.77518
1653.2 2.78088
1662.13 2.84457
1671.11 2.77095
1680.13 2.69733
1689.21 2.60292
1698.33 2.50851
1707.5 2.4141
1716.72 2.31969
1725.99 2.22528
1735.32 2.13087
1744.69 2.03646
1754.11 1.95565
1763.58 1.87483
1773.11 1.92871
1782.68 1.98258
1792.31 2.03646
1801.99 2.03646
1811.72 2.3193
1821.51 2.60214
1831.34 2.62908
1841.23 2.65601
1851.18 2.68295
1861.18 2.66679
1871.23 2.65063
1881.33 2.63446
1891.49 2.6183
1901.71 2.60214
1911.98 2.56173
1922.31 2.52133
1932.69 2.46745
1943.13 2.41358
1953.62 2.3597
1964.17 2.30583
1974.78 2.19808
1985.44 2.19808
1996.17 2.15767
2006.95 2.11727
2017.79 2.0013
2028.68 2.03646
2039.64 1.97156
2050.66 1.90667
2061.73 1.92299
2072.86 1.93932
2084.06 1.95565
2095.31 1.95565
2106.63 2.03646
2118.01 2.09707
2129.45 2.15767
2140.95 2.21828
2152.51 2.27889
2164.13 2.27414
2175.82 2.26938
2187.57 2.26463
2199.39 2.25988
2211.27 2.25512
2223.21 2.25037
2235.22 2.24562
2247.29 2.24086
2259.42 2.23611
2271.63 2.23136
2283.89 2.2266
2296.23 2.22185
2308.63 2.2171
2321.1 2.08116
2333.63 2.20759
2346.24 2.20283
2358.91 2.19808
2371.65 2.22502
2384.46 2.25195
2397.33 2.27889
2410.28 2.27889
2423.3 2.27889
2436.39 2.27889
2449.54 2.27889
2462.77 2.27889
2476.07 2.27889
2489.45 2.27889
2502.89 2.27889
2516.41 2.27889
2530 2.27889
2543.66 2.27889
2557.4 2.25869
2571.21 2.23849
2585.1 2.21828
2599.06 2.19808
2613.1 2.11727
2627.21 2.11727
2641.4 2.19808
2655.66 2.19808
2670 2.19808
2684.42 2.19808
2698.92 2.11727
2713.5 2.03646
2728.15 2.03646
2742.89 1.95565
2757.7 1.87483
2772.59 1.79402
2787.57 1.71321
2802.62 1.6324
2817.76 1.6324
2832.98 1.6324
2848.28 1.6324
2863.66 1.6324
2879.12 1.56938
2894.67 1.55159
2910.31 1.6324
2926.02 1.68627
2941.83 1.74015
2957.71 1.79402
2973.69 1.71321
2989.75 1.79402
3005.89 1.81018
3022.13 1.82635
3038.45 1.84251
3054.86 1.85867
3071.36 1.87483
3087.94 1.83443
3104.62 1.79402
3121.39 1.95565
3138.25 1.97585
3155.19 1.99605
3172.23 2.01625
3189.37 2.03646
3206.59 1.95565
3223.91 1.99605
3241.32 2.03646
3258.83 2.07686
3276.43 2.11727
3294.12 2.15767
3311.91 2.19808
3329.8 2.17199
3347.78 2.19808
3365.86 2.19808
3384.04 2.21038
3402.32 2.22269
3420.69 2.23499
3439.16 2.24729
3457.74 2.19808
3476.41 2.18798
3495.19 2.17788
3514.06 2.16778
3533.04 2.15767
3552.12 2.14757
3571.31 2.13747
3590.59 2.12737
3609.99 2.11727
3629.48 2.14026
3649.08 2.1326
3668.79 2.12493
3688.6 2.11727
3708.53 2.17114
3728.55 2.22502
3748.69 2.27889
3768.94 2.33277
3789.29 2.38664
3809.76 2.44052
3830.33 2.45521
3851.02 2.4699
3871.82 2.48459
3892.73 2.49929
3913.75 2.51398
3934.89 2.52867
3956.14 2.54337
3977.5 2.55806
3998.98 2.57275
4020.58 2.58745
4042.29 2.60214
4064.13 2.60214
4086.07 2.60214
4108.14 2.60214
4130.33 2.60214
4152.64 2.52133
4175.06 2.52133
4197.61 2.60214
4220.28 2.58438
4243.07 2.56661
4265.99 2.54885
4289.03 2.60214
4312.19 2.56981
4335.48 2.53749
4358.89 2.50517
4382.44 2.47284
4406.1 2.44052
4429.9 2.40819
4453.82 2.37587
4477.88 2.34354
4502.06 2.31122
4526.38 2.27889
4550.82 2.19808
4575.4 2.25079
4600.11 2.30351
4624.95 2.33776
4649.93 2.37201
4675.04 2.40626
4700.29 2.44052
4725.68 2.40588
4751.2 2.37125
4776.86 2.33661
4802.66 2.30198
4828.59 2.26735
4854.67 2.23271
4880.89 2.19808
4907.25 2.06054
4933.75 1.923
4960.4 1.78546
4987.19 1.64792
5014.12 1.51038
5041.2 1.30915
5068.43 1.23531
5095.8 1.17756
5123.32 1.11982
5150.99 1.06207
5178.81 1.00432
5206.78 0.905092
5234.9 0.979935
5263.17 0.985904
5291.59 0.972195
5320.17 0.994562
5348.9 1.01693
5377.79 1.0393
5406.84 0.985904
5436.04 0.985904
5465.39 1.04651
5494.91 1.10712
5524.59 1.16773
5554.42 1.22834
5584.42 1.28925
5614.58 1.35015
5644.9 1.41106
5675.39 1.47196
5706.04 1.53287
5736.86 1.59377
5767.84 1.6324
5798.99 1.71321
5830.31 1.69954
5861.8 1.75797
5893.45 1.8164
5925.28 1.87483
5957.28 1.95565
5989.46 1.95685
6021.8 1.98893
6054.32 2.02102
6087.02 2.0531
6119.9 2.08519
6152.95 2.11727
6186.18 2.19808
6219.59 2.27889
6253.18 2.19808
6286.95 2.29357
6320.9 2.30091
6355.04 2.30825
6389.36 2.31559
6423.87 2.27889
6458.56 2.43321
6493.44 2.47483
6528.51 2.51646
6563.77 2.55808
6599.22 2.5997
6634.86 2.64133
6670.69 2.68295
6706.72 2.60976
6742.94 2.6611
6779.35 2.71243
6815.97 2.76376
6852.78 2.79012
6889.79 2.81647
6927 2.84283
6964.41 2.86918
7002.02 2.89554
7039.83 2.92189
7077.85 2.94825
7116.08 3.0062
7154.51 3.0062
7193.15 3.0062
7232 3.06007
7271.06 3.11395
7310.32 3.16782
7349.8 3.20823
7389.5 3.24863
7429.41 3.22987
7469.53 3.26436
7509.87 3.29884
7550.43 3.33332
7591.21 3.36781
7632.2 3.41026
7673.42 3.45066
7714.87 3.49107
7756.53 3.50972
7798.42 3.52837
7840.54 3.54702
7882.88 3.56566
7925.45 3.58431
7968.26 3.60296
8011.29 3.62161
8054.56 3.64026
8098.06 3.65891
8141.79 3.67756
8185.76 3.69621
8229.97 3.71486
8274.42 3.7335
8319.11 3.7335
8364.04 3.7335
8409.21 3.7335
8454.62 3.7335
8500.28 3.7335
8546.19 3.7335
8592.35 3.77391
8638.75 3.81432
8685.4 3.85472
8732.31 3.89513
8779.47 3.93553
8826.89 3.97594
8874.56 3.97594
8922.49 3.97594
8970.67 4.0033
9019.12 4.03066
9067.83 4.05803
9116.8 4.08539
9166.04 4.05675
9215.54 4.21837
9265.31 4.23858
9315.35 4.25878
9365.66 4.27898
9416.24 4.29919
9467.1 4.38
9518.22 4.36788
9569.63 4.35575
9621.31 4.40909
9673.27 4.46243
9725.52 4.51576
9778.04 4.5691
9830.85 4.62243
9883.94 4.62243
9937.32 4.62243
9990.99 4.67631
10044.9 4.73018
10099.2 4.78406
10153.7 4.86487
10208.6 4.94568
10263.7 4.86487
10319.1 4.91336
10374.9 4.96184
10430.9 5.01033
10487.2 5.05882
10543.9 5.1073
10600.8 5.15927
10658.1 5.21124
10715.6 5.26321
10773.5 5.31518
10831.7 5.36715
10890.2 5.43055
10949 5.51136
11008.1 5.48784
11067.6 5.53413
11127.4 5.58041
11187.4 5.6267
11247.9 5.67299
11308.6 5.66401
11369.7 5.65503
11431.1 5.67299
11492.8 5.63707
11554.9 5.62809
11617.3 5.61911
11680 5.61013
11743.1 5.60115
11806.5 5.59217
11870.3 5.56524
11934.4 5.5383
11998.9 5.51136
12063.7 5.48443
12128.8 5.45749
12194.3 5.43055
12260.2 5.34974
12326.4 5.32303
12393 5.27806
12459.9 5.23309
12527.2 5.18812
12594.8 5.13424
12662.9 5.08037
12731.3 5.02649
12800 5.00629
12869.1 4.98609
12938.6 4.96588
13008.5 4.94568
13078.8 4.90527
13149.4 4.86487
13220.4 4.89854
13291.8 4.86823
13363.6 4.83792
13435.8 4.80761
13508.3 4.77729
13581.3 4.74698
13654.6 4.71667
13728.4 4.68636
13802.5 4.63811
13877.1 4.58987
13952 4.54162
14027.4 4.54162
14103.1 4.54162
14179.3 4.47766
14255.9 4.41369
14332.9 4.34973
14410.3 4.28576
14488.1 4.2218
14566.3 4.13756
14645 4.21837
14724.1 4.18605
14803.6 4.15373
14883.6 4.1214
14963.9 4.08908
15044.8 4.05675
15126 4.02981
15207.7 4.00288
15289.8 3.97594
15372.4 3.98748
15455.4 3.99903
15538.9 4.01057
15622.8 4.02212
15707.2 4.03366
15792 4.04521
15877.3 4.05675
15963.1 4.08908
16049.3 4.1214
16136 4.15373
16223.1 4.18605
16310.7 4.21837
16398.8 4.21837
16487.4 4.21837
16576.4 4.28376
16665.9 4.34915
16755.9 4.41454
16846.4 4.39727
16937.4 4.38
17028.9 4.42458
17120.9 4.46917
17213.3 4.51376
17306.3 4.55834
17399.7 4.60293
17493.7 4.65309
17588.2 4.70325
17683.2 4.65959
17778.7 4.6856
17874.7 4.71161
17971.2 4.73761
18068.3 4.76362
18165.9 4.78963
18264 4.81564
18362.6 4.84165
18461.8 4.86766
18561.5 4.89366
18661.7 4.91967
18762.5 4.94568
18863.9 4.99956
18965.7 5.05343
19068.2 5.1073
19171.1 5.11623
19274.7 5.12516
19378.8 5.13408
19483.4 5.14301
19588.7 5.18865
19694.4 5.23429
19800.8 5.18812
