20.0 54.349892
20.290899 54.976891
20.586 55.590893
20.8855 56.190891
21.189301 56.771893
21.497499 57.335892
21.8102 57.882893
22.127399 58.41489
22.4492 58.932892
22.775801 59.437893
23.1071 59.933891
23.443199 60.420891
23.7841 60.903893
24.1301 61.385891
24.4811 61.867893
24.8372 62.350891
25.1984 62.837891
25.564899 63.326893
25.9368 63.81789
26.3141 64.309891
26.6968 64.801888
27.0851 65.291893
27.479099 65.777893
27.878799 66.259888
28.2843 66.735893
28.6957 67.205887
29.1131 67.669891
29.536501 68.126892
29.966101 68.577888
30.402 69.022888
30.8442 69.461891
31.2929 69.968887
31.748 70.480888
32.209801 70.728889
32.678299 71.124893
33.153599 71.511887
33.635899 71.87989
34.125099 72.220886
34.621498 72.53289
35.125 72.813889
35.635899 73.06089
36.154301 73.279892
36.680199 73.476891
37.213699 73.659889
37.755 73.83989
38.3041 74.028893
38.861301 74.232887
39.426498 74.456886
40.0 74.698891
40.581799 74.955887
41.1721 75.220886
41.771 75.488892
42.378502 75.75489
42.9949 76.015892
43.6203 76.277893
44.254799 76.585892
44.898499 76.784889
45.551498 76.996887
46.2141 77.232887
46.886299 77.465889
47.568298 77.694893
48.260201 77.920891
48.962101 78.142891
49.674301 78.361893
50.396801 78.57575177306485
51.129902 78.78559685998059
51.8736 78.99242626704327
52.628101 79.1972396700055
53.3936 79.39903776193405
54.1702 79.59781238070522
54.958099 79.79556921466374
55.7575 79.99031794428424
56.568501 80.22403441531313
57.391399 80.41074316026749
58.226101 80.55042832553086
59.073 80.72809529251474
59.932301 80.89674173854574
60.804 81.05737166991995
61.6884 81.20598160971035
62.585701 81.34256924311363
63.496 81.46213141745018
64.419601 81.56268265421902
65.356598 81.64020180546254
66.307297 81.69470538953172
67.271698 81.72318640642656
68.250198 81.7316482312625
69.242897 81.71908470663789
70.250099 81.69950135405168
71.271896 81.67889602869438
72.308601 81.65026323789881
73.360298 81.61661084944758
74.427399 81.5759292148459
75.509903 81.52322333566778
76.608299 81.45449244221912
77.722603 81.36674050931568
78.853104 81.25896508206668
80.0 81.13215984881684
81.163597 80.97832832791711
82.3442 80.82447003929246
83.541901 80.68658283813336
84.757 80.57966725223487
85.989899 80.48072664884232
87.240601 80.42175802323368
88.509598 80.41276460099284
89.797 80.45973420897793
91.103104 80.56268237970612
92.4282 80.71759365671255
93.772598 80.94548155205213
95.136597 81.17332959509392
96.520401 81.39714946473853
97.924301 81.6239437029472
99.348602 81.85469582964485
100.794 82.06742474931598
102.26 82.25911724109879
103.747 82.43477867853471
105.256 82.59840348760719
106.787 82.77098966831623
108.34 82.91254922066189
109.916 83.01706357062758
111.515 83.09754671821334
113.137 83.11799666341915
114.783 83.06140483222849
116.452 82.9357767986579
118.146 82.77511341467432
119.865 82.61240368027778
121.608 82.51266016948475
123.377 82.47787773426224
125.171 82.48605594862674
126.992 82.53419166454522
128.839 82.6042824560342
130.713 82.67732974907717
132.615 82.73033596965759
134.543 82.73930226580853
136.5 82.71221991548039
138.486 82.66209691867321
140.5 82.59392384940348
142.544 82.52070655963817
144.617 82.46044462339381
146.721 82.41813189263736
148.855 82.39077794138532
151.02 82.38036619562118
153.217 82.39390708132844
155.445 82.43140017252361
157.706 82.49584232117363
160.0 82.5732325272785
162.327 82.65356979083828
164.688 82.73585153783635
167.084 82.82208419425629
169.514 82.89826133411457
171.98 82.91337680937814
174.481 82.85544019406356
177.019 82.72444634013775
179.594 82.52639224760073
182.206 82.30128091645251
184.856 82.14510877267656
187.545 82.08087924225634
190.273 82.06258532519189
193.041 82.07222844746666
195.849 82.07680360908067
198.697 82.0583208100339
201.587 82.02177390229333
204.52 81.97615731184244
207.494 81.93648018671425
210.512 81.91472380485922
213.574 81.91890716627734
216.681 81.9410166969521
219.833 81.98505939688349
223.03 82.05002626607151
226.274 82.11492015648314
229.565 82.16373306811835
232.905 82.15747685294413
236.292 82.08914965899349
239.729 81.97373876421689
243.216 81.85125316861435
246.754 81.77768429816932
250.343 81.7830291528818
253.984 81.8523021587353
257.678 81.94848574171326
261.426 82.03558832779919
265.229 82.09760334297657
269.087 82.14252578724538
273.001 82.18736708658912
276.972 82.24212166699125
281.0 82.3057805284518
285.088 82.37134494892119
289.234 82.44081507643247
293.441 82.48519618893607
297.709 82.46148028643199
302.04 82.41865922088722
306.433 82.39074856631825
310.89 82.39773317469205
315.412 82.48961447199208
320.0 82.61738788420186
324.655 82.69006283730486
329.377 82.70163433130107
334.168 82.67009121815744
339.028 82.65543849787397
343.959 82.72168202241765
348.962 82.86580721777196
354.038 83.03781750992036
359.188 83.18471032484632
364.412 83.21848766254988
369.713 83.11814080098144
375.09 82.99368031415754
380.546 82.90109248002864
386.081 82.8773812985947
391.697 82.97253762182271
397.394 83.09056944971266
403.175 83.15747406021501
409.039 83.17624402734623
414.989 83.14887362905682
421.025 83.11237186534676
427.149 83.093737588183
433.362 83.11095922354903
439.665 83.15339819742833
446.06 83.20397036178787
452.548 83.2453711426111
459.131 83.26761739186502
465.809 83.28833310954961
472.584 83.30559314763182
479.458 83.30350935807864
486.432 83.28076716687355
493.507 83.248277
503.906 83.248277
509.766 83.274077
515.625 83.298377
521.484 83.321477
527.344 83.343877
533.203 83.366077
539.062 83.388577
544.922 83.411877
550.781 83.43637700000001
556.641 83.462477
562.5 83.490477
568.359 83.520577
574.219 83.552977
580.078 83.587677
585.938 83.624577
591.797 83.66337700000001
597.656 83.70397700000001
603.516 83.74587700000001
609.375 83.788877
615.234 83.832277
621.094 83.875877
626.953 83.918977
632.812 83.96127700000001
638.672 84.00237700000001
644.531 84.04177700000001
650.391 84.07937700000001
656.25 84.114777
662.109 84.147977
667.969 84.17867700000001
673.828 84.207077
679.688 84.233277
685.547 84.257277
691.406 84.279477
697.266 84.299977
703.125 84.319277
708.984 84.33757700000001
714.844 84.355277
720.703 84.372877
726.562 84.39057700000001
732.422 84.408877
738.281 84.42787700000001
744.141 84.448077
750.0 84.46937700000001
755.859 84.492177
761.719 84.516277
767.578 84.541877
773.438 84.56867700000001
779.297 84.596677
785.156 84.62567700000001
791.016 84.655277
796.875 84.68517700000001
802.734 84.715277
808.594 84.744977
814.453 84.77417700000001
820.312 84.802377
826.172 84.82937700000001
832.031 84.854977
837.891 84.889977
843.75 84.900277
849.609 84.920477
855.469 84.938677
861.328 84.95487700000001
867.188 84.969177
873.047 84.981677
878.906 84.99247700000001
884.766 85.00187700000001
890.625 85.009977
896.484 85.017077
902.344 85.02337700000001
908.203 85.029177
914.062 85.034777
919.922 85.040277
925.781 85.045877
931.641 85.051877
937.5 85.05837700000001
943.359 85.065477
949.219 85.073077
955.078 85.081377
960.938 85.090377
966.797 85.099777
972.656 85.109577
978.516 85.11967700000001
984.375 85.12997700000001
990.234 85.14017700000001
996.094 85.150177
1001.95 85.159677
1007.81 85.168777
1013.67 85.177177
1019.53 85.18477700000001
1025.39 85.191477
1031.25 85.197277
1037.11 85.202177
1042.97 85.20617700000001
1048.83 85.209477
1054.69 85.211977
1060.55 85.21387700000001
1066.41 85.215477
1072.27 85.21677700000001
1078.12 85.21807700000001
1083.98 85.219677
1089.84 85.221677
1095.7 85.224377
1101.56 85.22797700000001
1107.42 85.232577
1113.28 85.238377
1119.14 85.245577
1125.0 85.254277
1130.86 85.264477
1136.72 85.27627700000001
1142.58 85.289477
1148.44 85.304277
1154.3 85.32047700000001
1160.16 85.337877
1166.02 85.356477
1171.88 85.375977
1177.73 85.396277
1183.59 85.41717700000001
1189.45 85.43857700000001
1195.31 85.460077
1201.17 85.481677
1207.03 85.50317700000001
1212.89 85.524377
1218.75 85.545277
1224.61 85.56567700000001
1230.47 85.585677
1236.33 85.60507700000001
1242.19 85.62397700000001
1248.05 85.64237700000001
1253.91 85.66027700000001
1259.77 85.67787700000001
1265.62 85.695077
1271.48 85.71217700000001
1277.34 85.729077
1283.2 85.74597700000001
1289.06 85.76307700000001
1294.92 85.78017700000001
1300.78 85.797577
1306.64 85.81527700000001
1312.5 85.833177
1318.36 85.851477
1324.22 85.869977
1330.08 85.888677
1335.94 85.907577
1341.8 85.926477
1347.66 85.945277
1353.52 85.96387700000001
1359.38 85.982077
1365.23 85.99977700000001
1371.09 86.016777
1376.95 86.032977
1382.81 86.04817700000001
1388.67 86.062177
1394.53 86.07507700000001
1400.39 86.086577
1406.25 86.096677
1412.11 86.105377
1417.97 86.112677
1423.83 86.118477
1429.69 86.122877
1435.55 86.125877
1441.41 86.127677
1447.27 86.12827700000001
1453.12 86.12777700000001
1458.98 86.126377
1464.84 86.124077
1470.7 86.121077
1476.56 86.11747700000001
1482.42 86.113477
1488.28 86.10897700000001
1494.14 86.10427700000001
1500.0 86.099177
1505.86 86.09397700000001
1511.72 86.088477
1517.58 86.082677
1523.44 86.076677
1529.3 86.070177
1535.16 86.063377
1541.02 86.055977
1546.88 86.047877
1552.73 86.038977
1558.59 86.029177
1564.45 86.018277
1570.31 86.006277
1576.17 85.99287700000001
1582.03 85.978177
1587.89 85.961977
1593.75 85.94417700000001
1599.61 85.924777
1605.47 85.903777
1611.33 85.88117700000001
1617.19 85.856977
1623.05 85.831277
1628.91 85.804077
1634.77 85.77547700000001
1640.62 85.745677
1646.48 85.71467700000001
1652.34 85.68257700000001
1658.2 85.64967700000001
1664.06 85.615877
1669.92 85.581477
1675.78 85.546577
1681.64 85.511177
1687.5 85.47537700000001
1693.36 85.43937700000001
1699.22 85.40307700000001
1705.08 85.36667700000001
1710.94 85.329977
1716.8 85.29307700000001
1722.66 85.256077
1728.52 85.218777
1734.38 85.181177
1740.23 85.143277
1746.09 85.10507700000001
1751.95 85.066477
1757.81 85.027377
1763.67 84.98777700000001
1769.53 84.947677
1775.39 84.907177
1781.25 84.866077
1787.11 84.82467700000001
1792.97 84.78277700000001
1798.83 84.740677
1804.69 84.698277
1810.55 84.655877
1816.41 84.613477
1822.27 84.571377
1828.12 84.529577
1833.98 84.48827700000001
1839.84 84.447777
1845.7 84.40817700000001
1851.56 84.369577
1857.42 84.332277
1863.28 84.296277
1869.14 84.261877
1875.0 84.228977
1880.86 84.197877
1886.72 84.16847700000001
1892.58 84.140977
1898.44 84.115177
1904.3 84.091177
1910.16 84.068877
1916.02 84.048277
1921.88 84.02927700000001
1927.73 84.01177700000001
1933.59 83.995577
1939.45 83.980677
1945.31 83.96687700000001
1951.17 83.954077
1957.03 83.942177
1962.89 83.931077
1968.75 83.920677
1974.61 83.910877
1980.47 83.901677
1986.33 83.892977
1992.19 83.884777
1998.05 83.877177
2003.91 83.869977
2009.77 83.863477
2015.62 83.857577
2021.48 83.852377
2027.34 83.848077
2033.2 83.844577
2039.06 83.842177
2044.92 83.840777
2050.78 83.840677
2056.64 83.84187700000001
2062.5 83.84437700000001
2068.36 83.84827700000001
2074.22 83.853577
2080.08 83.860377
2085.94 83.868677
2091.8 83.878377
2097.66 83.88937700000001
2103.52 83.901677
2109.38 83.915277
2115.23 83.929877
2121.09 83.94537700000001
2126.95 83.961777
2132.81 83.97877700000001
2138.67 83.99637700000001
2144.53 84.014277
2150.39 84.03237700000001
2156.25 84.050577
2162.11 84.068777
2167.97 84.086877
2173.83 84.10467700000001
2179.69 84.12227700000001
2185.55 84.139477
2191.41 84.156377
2197.27 84.17277700000001
2203.12 84.188877
2208.98 84.204677
2214.84 84.220177
2220.7 84.235477
2226.56 84.25067700000001
2232.42 84.265777
2238.28 84.280877
2244.14 84.29607700000001
2250.0 84.31147700000001
2255.86 84.327177
2261.72 84.343277
2267.58 84.359677
2273.44 84.37647700000001
2279.3 84.39367700000001
2285.16 84.411477
2291.02 84.42957700000001
2296.88 84.448177
2302.73 84.467077
2308.59 84.486277
2314.45 84.505677
2320.31 84.525277
2326.17 84.544977
2332.03 84.564577
2337.89 84.58407700000001
2343.75 84.603477
2349.61 84.622577
2355.47 84.641277
2361.33 84.659677
2367.19 84.677577
2373.05 84.695077
2378.91 84.71207700000001
2384.77 84.728677
2390.62 84.744777
2396.48 84.760577
2402.34 84.775977
2408.2 84.791177
2414.06 84.806077
2419.92 84.82087700000001
2425.78 84.835577
2431.64 84.85037700000001
2437.5 84.865177
2443.36 84.880277
2449.22 84.895477
2455.08 84.910977
2460.94 84.926677
2466.8 84.942777
2472.66 84.95907700000001
2478.52 84.975677
2484.38 84.99247700000001
2490.23 85.009377
2496.09 85.02637700000001
2501.95 85.043277
2507.81 85.06827700000001
2513.67 85.084477
2519.53 85.09227700000001
2525.39 85.107777
2531.25 85.122577
2537.11 85.136577
2542.97 85.14967700000001
2548.83 85.161877
2554.69 85.172877
2560.55 85.182677
2566.41 85.191277
2572.27 85.198677
2578.12 85.204677
2583.98 85.209377
2589.84 85.212777
2595.7 85.214877
2601.56 85.215777
2607.42 85.21557700000001
2613.28 85.214177
2619.14 85.211877
2625.0 85.20867700000001
2630.86 85.204577
2636.72 85.199877
2642.58 85.194477
2648.44 85.188477
2654.3 85.182077
2660.16 85.17527700000001
2666.02 85.16807700000001
2671.88 85.160577
2677.73 85.152877
2683.59 85.14487700000001
2689.45 85.136577
2695.31 85.128077
2701.17 85.11927700000001
2707.03 85.110077
2712.89 85.100577
2718.75 85.090677
2724.61 85.08027700000001
2730.47 85.069377
2736.33 85.05797700000001
2742.19 85.04597700000001
2748.05 85.033377
2753.91 85.020177
2759.77 85.006277
2765.62 84.991777
2771.48 84.97667700000001
2777.34 84.960977
2783.2 84.944677
2789.06 84.92787700000001
2794.92 84.91077700000001
2800.78 84.89317700000001
2806.64 84.875377
2812.5 84.857377
2818.36 84.83927700000001
2824.22 84.821077
2830.08 84.802977
2835.94 84.784977
2841.8 84.767277
2847.66 84.74977700000001
2853.52 84.732577
2859.38 84.715677
2865.23 84.699177
2871.09 84.683077
2876.95 84.667277
2882.81 84.651877
2888.67 84.636677
2894.53 84.62177700000001
2900.39 84.607077
2906.25 84.592577
2912.11 84.57807700000001
2917.97 84.56357700000001
2923.83 84.54897700000001
2929.69 84.534277
2935.55 84.519377
2941.41 84.504177
2947.27 84.48867700000001
2953.12 84.472977
2958.98 84.456777
2964.84 84.44027700000001
2970.7 84.423477
2976.56 84.406277
2982.42 84.388777
2988.28 84.371077
2994.14 84.353077
3000.0 84.33497700000001
3005.86 84.316777
3011.72 84.29857700000001
3017.58 84.280377
3023.44 84.262277
3029.3 84.24427700000001
3035.16 84.226577
3041.02 84.20907700000001
3046.88 84.191877
3052.73 84.174977
3058.59 84.158277
3064.45 84.14187700000001
3070.31 84.12567700000001
3076.17 84.10977700000001
3082.03 84.093877
3087.89 84.07807700000001
3093.75 84.06227700000001
3099.61 84.046377
3105.47 84.030277
3111.33 84.013777
3117.19 83.996877
3123.05 83.979577
3128.91 83.96167700000001
3134.77 83.943077
3140.62 83.923677
3146.48 83.903577
3152.34 83.882677
3158.2 83.860877
3164.06 83.838277
3169.92 83.814777
3175.78 83.79047700000001
3181.64 83.765377
3187.5 83.73957700000001
3193.36 83.713077
3199.22 83.686077
3205.08 83.658477
3210.94 83.630577
3216.8 83.602277
3222.66 83.573777
3228.52 83.54517700000001
3234.38 83.516577
3240.23 83.487877
3246.09 83.459377
3251.95 83.431077
3257.81 83.402877
3263.67 83.374977
3269.53 83.347277
3275.39 83.319777
3281.25 83.29257700000001
3287.11 83.265477
3292.97 83.23867700000001
3298.83 83.211877
3304.69 83.18517700000001
3310.55 83.15857700000001
3316.41 83.131777
3322.27 83.104977
3328.12 83.07807700000001
3333.98 83.050877
3339.84 83.023577
3345.7 82.99597700000001
3351.56 82.96807700000001
3357.42 82.93987700000001
3363.28 82.911477
3369.14 82.88287700000001
3375.0 82.853977
3380.86 82.824977
3386.72 82.795877
3392.58 82.766677
3398.44 82.737477
3404.3 82.708377
3410.16 82.679477
3416.02 82.650677
3421.88 82.62227700000001
3427.73 82.594077
3433.59 82.566277
3439.45 82.538877
3445.31 82.511977
3451.17 82.485377
3457.03 82.459277
3462.89 82.43347700000001
3468.75 82.407977
3474.61 82.38287700000001
3480.47 82.357877
3486.33 82.332977
3492.19 82.308177
3498.05 82.283277
3503.91 82.258077
3509.77 82.232777
3515.62 82.20697700000001
3521.48 82.180677
3527.34 82.15387700000001
3533.2 82.126377
3539.06 82.098177
3544.92 82.06917700000001
3550.78 82.039377
3556.64 82.00877700000001
3562.5 81.977377
3568.36 81.945177
3574.22 81.912277
3580.08 81.878577
3585.94 81.844277
3591.8 81.809377
3597.66 81.773977
3603.52 81.73827700000001
3609.38 81.70227700000001
3615.23 81.666077
3621.09 81.629777
3626.95 81.59357700000001
3632.81 81.557477
3638.67 81.521477
3644.53 81.485777
3650.39 81.450377
3656.25 81.415277
3662.11 81.380477
3667.97 81.34607700000001
3673.83 81.311977
3679.69 81.278177
3685.55 81.24467700000001
3691.41 81.21127700000001
3697.27 81.178077
3703.12 81.144977
3708.98 81.111877
3714.84 81.07857700000001
3720.7 81.045277
3726.56 81.011677
3732.42 80.97797700000001
3738.28 80.943877
3744.14 80.90947700000001
3750.0 80.874877
3755.86 80.839977
3761.72 80.804777
3767.58 80.769377
3773.44 80.733877
3779.3 80.69837700000001
3785.16 80.662977
3791.02 80.62777700000001
3796.88 80.592877
3802.73 80.55837700000001
3808.59 80.52457700000001
3814.45 80.491477
3820.31 80.459377
3826.17 80.42827700000001
3832.03 80.39827700000001
3837.89 80.36967700000001
3843.75 80.342377
3849.61 80.316677
3855.47 80.292477
3861.33 80.26987700000001
3867.19 80.24887700000001
3873.05 80.229477
3878.91 80.211777
3884.77 80.195577
3890.62 80.18087700000001
3896.48 80.16757700000001
3902.34 80.155677
3908.2 80.144977
3914.06 80.13547700000001
3919.92 80.12697700000001
3925.78 80.119377
3931.64 80.112577
3937.5 80.106577
3943.36 80.101177
3949.22 80.096277
3955.08 80.091977
3960.94 80.08797700000001
3966.8 80.084377
3972.66 80.08117700000001
3978.52 80.078377
3984.38 80.07597700000001
3990.23 80.073977
3996.09 80.072377
4001.95 80.07127700000001
4007.81 80.070677
4013.67 80.070777
4019.53 80.071577
4025.39 80.073077
4031.25 80.075377
4037.11 80.07857700000001
4042.97 80.08277700000001
4048.83 80.087777
4054.69 80.093877
4060.55 80.100977
4066.41 80.10897700000001
4072.27 80.118077
4078.12 80.127977
4083.98 80.13887700000001
4089.84 80.15047700000001
4095.7 80.16287700000001
4101.56 80.175977
4107.42 80.189577
4113.28 80.203677
4119.14 80.21807700000001
4125.0 80.232777
4130.86 80.24767700000001
4136.72 80.26267700000001
4142.58 80.27767700000001
4148.44 80.292677
4154.3 80.30757700000001
4160.16 80.322377
4166.02 80.33707700000001
4171.88 80.35167700000001
4177.73 80.373277
4183.59 80.387777
4189.45 80.402277
4195.31 80.409577
4201.17 80.424377
4207.03 80.43937700000001
4212.89 80.454677
4218.75 80.470477
4224.61 80.486777
4230.47 80.503777
4236.33 80.521377
4242.19 80.539877
4248.05 80.559177
4253.91 80.579277
4259.77 80.600477
4265.62 80.622577
4271.48 80.645577
4277.34 80.669577
4283.2 80.694377
4289.06 80.720077
4294.92 80.746577
4300.78 80.77377700000001
4306.64 80.801477
4312.5 80.829677
4318.36 80.858277
4324.22 80.887077
4330.08 80.916077
4335.94 80.945077
4341.8 80.973977
4347.66 81.002677
4353.52 81.03107700000001
4359.38 81.059177
4365.23 81.086777
4371.09 81.113877
4376.95 81.14057700000001
4382.81 81.166677
4388.67 81.192277
4394.53 81.21727700000001
4400.39 81.241777
4406.25 81.265877
4412.11 81.289477
4417.97 81.31267700000001
4423.83 81.335577
4429.69 81.358177
4435.55 81.380477
4441.41 81.40257700000001
4447.27 81.424577
4453.12 81.446477
4458.98 81.468177
4464.84 81.489877
4470.7 81.51137700000001
4476.56 81.53277700000001
4482.42 81.554077
4488.28 81.57517700000001
4494.14 81.595977
4500.0 81.616477
4505.86 81.636677
4511.72 81.656377
4517.58 81.675577
4523.44 81.69407700000001
4529.3 81.711877
4535.16 81.728977
4541.02 81.745177
4546.88 81.760577
4552.73 81.774977
4558.59 81.78837700000001
4564.45 81.80077700000001
4570.31 81.812177
4576.17 81.82257700000001
4582.03 81.83197700000001
4587.89 81.840477
4593.75 81.848177
4599.61 81.85507700000001
4605.47 81.861177
4611.33 81.866777
4617.19 81.87177700000001
4623.05 81.876377
4628.91 81.880677
4634.77 81.884777
4640.62 81.888777
4646.48 81.89277700000001
4652.34 81.896777
4658.2 81.901077
4664.06 81.90557700000001
4669.92 81.91027700000001
4675.78 81.915377
4681.64 81.920877
4687.5 81.926677
4693.36 81.932777
4699.22 81.939277
4705.08 81.946077
4710.94 81.95317700000001
4716.8 81.960477
4722.66 81.967877
4728.52 81.975477
4734.38 81.983177
4740.23 81.99077700000001
4746.09 81.99847700000001
4751.95 82.005977
4757.81 82.013377
4763.67 82.020577
4769.53 82.02757700000001
4775.39 82.03447700000001
4781.25 82.041177
4787.11 82.047577
4792.97 82.053977
4798.83 82.060077
4804.69 82.06617700000001
4810.55 82.072277
4816.41 82.078277
4822.27 82.084377
4828.12 82.09057700000001
4833.98 82.096877
4839.84 82.10337700000001
4845.7 82.110077
4851.56 82.11707700000001
4857.42 82.12437700000001
4863.28 82.131877
4869.14 82.139677
4875.0 82.147677
4880.86 82.155877
4886.72 82.164277
4892.58 82.17277700000001
4898.44 82.181377
4904.3 82.189777
4910.16 82.198177
4916.02 82.206277
4921.88 82.213977
4927.73 82.221277
4933.59 82.228177
4939.45 82.234277
4945.31 82.239777
4951.17 82.244477
4957.03 82.248377
4962.89 82.251377
4968.75 82.253377
4974.61 82.254577
4980.47 82.254677
4986.33 82.253877
4992.19 82.252177
4998.05 82.249677
5003.91 82.246277
5009.77 82.24207700000001
5015.62 82.237277
5021.48 82.23177700000001
5027.34 82.22577700000001
5033.2 82.21937700000001
5039.06 82.212677
5044.92 82.20567700000001
5050.78 82.19847700000001
5056.64 82.19117700000001
5062.5 82.18387700000001
5068.36 82.17657700000001
5074.22 82.169377
5080.08 82.162177
5085.94 82.155077
5091.8 82.148077
5097.66 82.141277
5103.52 82.134477
5109.38 82.127677
5115.23 82.12087700000001
5121.09 82.114177
5126.95 82.10727700000001
5132.81 82.100277
5138.67 82.09307700000001
5144.53 82.08577700000001
5150.39 82.07807700000001
5156.25 82.070177
5162.11 82.061977
5167.97 82.053477
5173.83 82.04467700000001
5179.69 82.035577
5185.55 82.02627700000001
5191.41 82.016777
5197.27 82.00707700000001
5203.12 81.99727700000001
5208.98 81.987477
5214.84 81.977777
5220.7 81.968277
5226.56 81.958977
5232.42 81.95007700000001
5238.28 81.94157700000001
5244.14 81.933577
5250.0 81.926277
5255.86 81.91967700000001
5261.72 81.91377700000001
5267.58 81.908677
5273.44 81.904477
5279.3 81.901177
5285.16 81.898677
5291.02 81.89707700000001
5296.88 81.896277
5302.73 81.896277
5308.59 81.89707700000001
5314.45 81.898577
5320.31 81.900677
5326.17 81.903277
5332.03 81.906277
5337.89 81.909777
5343.75 81.91337700000001
5349.61 81.917277
5355.47 81.921277
5361.33 81.925177
5367.19 81.92917700000001
5373.05 81.93297700000001
5378.91 81.936577
5384.77 81.940077
5390.62 81.94327700000001
5396.48 81.94627700000001
5402.34 81.949077
5408.2 81.951577
5414.06 81.953877
5419.92 81.955977
5425.78 81.95787700000001
5431.64 81.959777
5437.5 81.961577
5443.36 81.963277
5449.22 81.964977
5455.08 81.96677700000001
5460.94 81.96857700000001
5466.8 81.970477
5472.66 81.972477
5478.52 81.97457700000001
5484.38 81.976877
5490.23 81.979177
5496.09 81.981577
5501.95 81.98397700000001
5507.81 81.986277
5513.67 81.98867700000001
5519.53 81.990877
5525.39 81.99287700000001
5531.25 81.99467700000001
5537.11 81.996177
5542.97 81.99727700000001
5548.83 81.997977
5554.69 81.998177
5560.55 81.997977
5566.41 81.99717700000001
5572.27 81.995777
5578.12 81.993877
5583.98 81.991477
5589.84 81.988477
5595.7 81.984977
5601.56 81.981077
5607.42 81.97667700000001
5613.28 81.972077
5619.14 81.967077
5625.0 81.961977
5630.86 81.956777
5636.72 81.951577
5642.58 81.946477
5648.44 81.94157700000001
5654.3 81.93687700000001
5660.16 81.932477
5666.02 81.928477
5671.88 81.92487700000001
5677.73 81.921777
5683.59 81.91927700000001
5689.45 81.917277
5695.31 81.915777
5701.17 81.914777
5707.03 81.914377
5712.89 81.914377
5718.75 81.914877
5724.61 81.915777
5730.47 81.916877
5736.33 81.918377
5742.19 81.920077
5748.05 81.92187700000001
5753.91 81.923777
5759.77 81.92567700000001
5765.62 81.927577
5771.48 81.929377
5777.34 81.931077
5783.2 81.932677
5789.06 81.934077
5794.92 81.935277
5800.78 81.93637700000001
5806.64 81.937377
5812.5 81.938277
5818.36 81.93897700000001
5824.22 81.939677
5830.08 81.940477
5835.94 81.94117700000001
5841.8 81.942077
5847.66 81.943077
5853.52 81.94497700000001
5859.38 81.946577
5865.23 81.94837700000001
5871.09 81.949577
5876.95 81.951777
5882.81 81.954277
5888.67 81.957077
5894.53 81.960077
5900.39 81.96337700000001
5906.25 81.96687700000001
5912.11 81.970577
5917.97 81.974277
5923.83 81.978177
5929.69 81.981977
5935.55 81.98567700000001
5941.41 81.989277
5947.27 81.992677
5953.12 81.99587700000001
5958.98 81.998677
5964.84 82.001177
5970.7 82.00317700000001
5976.56 82.004777
5982.42 82.005977
5988.28 82.00657700000001
5994.14 82.006777
6000.0 82.006477
6005.86 82.00577700000001
6011.72 82.004677
6017.58 82.00317700000001
6023.44 82.001277
6029.3 81.999177
6035.16 81.996877
6041.02 81.994377
6046.88 81.99167700000001
6052.73 81.98907700000001
6058.59 81.986377
6064.45 81.983777
6070.31 81.981277
6076.17 81.97887700000001
6082.03 81.976577
6087.89 81.97447700000001
6093.75 81.972577
6099.61 81.970777
6105.47 81.969077
6111.33 81.967477
6117.19 81.96597700000001
6123.05 81.964477
6128.91 81.96297700000001
6134.77 81.961377
6140.62 81.95957700000001
6146.48 81.957677
6152.34 81.955377
6158.2 81.952877
6164.06 81.949977
6169.92 81.946777
6175.78 81.943077
6181.64 81.93897700000001
6187.5 81.934477
6193.36 81.92957700000001
6199.22 81.924177
6205.08 81.91847700000001
6210.94 81.912377
6216.8 81.90607700000001
6222.66 81.899477
6228.52 81.892677
6234.38 81.88587700000001
6240.23 81.87907700000001
6246.09 81.87227700000001
6251.95 81.865677
6257.81 81.859277
6263.67 81.853177
6269.53 81.84737700000001
6275.39 81.842077
6281.25 81.83717700000001
6287.11 81.83287700000001
6292.97 81.82897700000001
6298.83 81.825777
6304.69 81.823077
6310.55 81.82087700000001
6316.41 81.819377
6322.27 81.81827700000001
6328.12 81.817677
6333.98 81.81747700000001
6339.84 81.817777
6345.7 81.818377
6351.56 81.819277
6357.42 81.82047700000001
6363.28 81.821877
6369.14 81.82347700000001
6375.0 81.82517700000001
6380.86 81.826977
6386.72 81.828877
6392.58 81.830777
6398.44 81.83277700000001
6404.3 81.834877
6410.16 81.836977
6416.02 81.839177
6421.88 81.841477
6427.73 81.84397700000001
6433.59 81.84657700000001
6439.45 81.84947700000001
6445.31 81.85257700000001
6451.17 81.85597700000001
6457.03 81.859677
6462.89 81.863777
6468.75 81.868277
6474.61 81.873277
6480.47 81.878577
6486.33 81.884377
6492.19 81.89057700000001
6498.05 81.897177
6503.91 81.904177
6509.77 81.91157700000001
6515.62 81.91927700000001
6521.48 81.927277
6527.34 81.935477
6533.2 81.943777
6539.06 81.952177
6544.92 81.960677
6550.78 81.969077
6556.64 81.977377
6562.5 81.985577
6568.36 81.993477
6574.22 82.001177
6580.08 82.008577
6585.94 82.01567700000001
6591.8 82.02247700000001
6597.66 82.028977
6603.52 82.035077
6609.38 82.040977
6615.23 82.04647700000001
6621.09 82.051777
6626.95 82.056877
6632.81 82.06187700000001
6638.67 82.066777
6644.53 82.071577
6650.39 82.07647700000001
6656.25 82.081377
6662.11 82.086477
6667.97 82.091677
6673.83 82.097177
6679.69 82.102877
6685.55 82.108877
6691.41 82.115177
6697.27 82.12177700000001
6703.12 82.12867700000001
6708.98 82.13587700000001
6714.84 82.143277
6720.7 82.15087700000001
6726.56 82.158677
6732.42 82.166477
6738.28 82.17447700000001
6744.14 82.182377
6750.0 82.19027700000001
6755.86 82.19797700000001
6761.72 82.205577
6767.58 82.21297700000001
6773.44 82.219977
6779.3 82.226777
6785.16 82.233277
6791.02 82.239377
6796.88 82.24507700000001
6802.73 82.250577
6808.59 82.255677
6814.45 82.260577
6820.31 82.26517700000001
6826.17 82.269677
6832.03 82.273977
6837.89 82.278277
6843.75 82.282677
6849.61 82.28707700000001
6855.47 82.29177700000001
6861.33 82.296677
6867.19 82.30197700000001
6873.05 82.307677
6878.91 82.313877
6884.77 82.320577
6890.62 82.327877
6896.48 82.33577700000001
6902.34 82.344277
6908.2 82.353477
6914.06 82.36327700000001
6919.92 82.373577
6925.78 82.38457700000001
6931.64 82.395977
6937.5 82.407877
6943.36 82.420277
6949.22 82.43297700000001
6955.08 82.44587700000001
6960.94 82.45907700000001
6966.8 82.47237700000001
6972.66 82.485777
6978.52 82.499077
6984.38 82.512477
6990.23 82.525577
6996.09 82.538677
7001.95 82.551477
7007.81 82.564077
7013.67 82.57637700000001
7019.53 82.588477
7025.39 82.60037700000001
7031.25 82.61197700000001
7037.11 82.623277
7042.97 82.634477
7048.83 82.64537700000001
7054.69 82.656177
7060.55 82.666877
7066.41 82.677377
7072.27 82.687877
7078.12 82.698277
7083.98 82.70867700000001
7089.84 82.719077
7095.7 82.729377
7101.56 82.739677
7107.42 82.749977
7113.28 82.760177
7119.14 82.77027700000001
7125.0 82.780277
7130.86 82.79007700000001
7136.72 82.799677
7142.58 82.808977
7148.44 82.817977
7154.3 82.82647700000001
7160.16 82.834677
7166.02 82.84227700000001
7171.88 82.849377
7177.73 82.855777
7183.59 82.861677
7189.45 82.866877
7195.31 82.871477
7201.17 82.875377
7207.03 82.878577
7212.89 82.88117700000001
7218.75 82.883177
7224.61 82.88457700000001
7230.47 82.88547700000001
7236.33 82.88587700000001
7242.19 82.88597700000001
7248.05 82.885777
7253.91 82.885277
7259.77 82.88457700000001
7265.62 82.883877
7271.48 82.883077
7277.34 82.882377
7283.2 82.881877
7289.06 82.881477
7294.92 82.881377
7300.78 82.881477
7306.64 82.881877
7312.5 82.882677
7318.36 82.88377700000001
7324.22 82.885177
7330.08 82.886877
7335.94 82.88887700000001
7341.8 82.89107700000001
7347.66 82.89357700000001
7353.52 82.896277
7359.38 82.899077
7365.23 82.901977
7371.09 82.904977
7376.95 82.907877
7382.81 82.91077700000001
7388.67 82.913677
7394.53 82.916477
7400.39 82.919177
7406.25 82.921777
7412.11 82.924277
7417.97 82.926677
7423.83 82.928977
7429.69 82.93127700000001
7435.55 82.93347700000001
7441.41 82.935777
7447.27 82.93817700000001
7453.12 82.94067700000001
7458.98 82.943377
7464.84 82.94627700000001
7470.7 82.949477
7476.56 82.952977
7482.42 82.956877
7488.28 82.961177
7494.14 82.965877
7500.0 82.97107700000001
7505.86 82.97667700000001
7511.72 82.982777
7517.58 82.989177
7523.44 82.999877
7529.3 83.007277
7535.16 83.014877
7541.02 83.022777
7546.88 83.026877
7552.73 83.03487700000001
7558.59 83.042877
7564.45 83.050877
7570.31 83.05887700000001
7576.17 83.066677
7582.03 83.07427700000001
7587.89 83.08157700000001
7593.75 83.088577
7599.61 83.09527700000001
7605.47 83.101477
7611.33 83.107377
7617.19 83.11277700000001
7623.05 83.117777
7628.91 83.122377
7634.77 83.126577
7640.62 83.13037700000001
7646.48 83.13377700000001
7652.34 83.136977
7658.2 83.139877
7664.06 83.142677
7669.92 83.145177
7675.78 83.147677
7681.64 83.15007700000001
7687.5 83.152477
7693.36 83.154877
7699.22 83.15727700000001
7705.08 83.15987700000001
7710.94 83.162577
7716.8 83.165277
7722.66 83.168177
7728.52 83.171177
7734.38 83.174277
7740.23 83.177377
7746.09 83.180577
7751.95 83.183777
7757.81 83.186977
7763.67 83.190077
7769.53 83.193177
7775.39 83.195977
7781.25 83.198677
7787.11 83.201177
7792.97 83.203477
7798.83 83.205477
7804.69 83.207177
7810.55 83.20867700000001
7816.41 83.209877
7822.27 83.21087700000001
7828.12 83.211577
7833.98 83.21217700000001
7839.84 83.212477
7845.7 83.212777
7851.56 83.21297700000001
7857.42 83.213177
7863.28 83.213477
7869.14 83.21377700000001
7875.0 83.21427700000001
7880.86 83.214977
7886.72 83.21597700000001
7892.58 83.217177
7898.44 83.218777
7904.3 83.220777
7910.16 83.223077
7916.02 83.225677
7921.88 83.22877700000001
7927.73 83.23227700000001
7933.59 83.23607700000001
7939.45 83.240177
7945.31 83.244577
7951.17 83.249277
7957.03 83.254177
7962.89 83.25917700000001
7968.75 83.26437700000001
7974.61 83.269577
7980.47 83.274877
7986.33 83.280077
7992.19 83.28527700000001
7998.05 83.290377
8003.91 83.295377
8009.77 83.30027700000001
8015.62 83.30497700000001
8021.48 83.309477
8027.34 83.31397700000001
8033.2 83.31827700000001
8039.06 83.322477
8044.92 83.326677
8050.78 83.330777
8056.64 83.33497700000001
8062.5 83.339177
8068.36 83.34347700000001
8074.22 83.347977
8080.08 83.35257700000001
8085.94 83.357477
8091.8 83.362577
8097.66 83.36797700000001
8103.52 83.373677
8109.38 83.379677
8115.23 83.38587700000001
8121.09 83.392477
8126.95 83.399277
8132.81 83.406377
8138.67 83.413677
8144.53 83.42107700000001
8150.39 83.428577
8156.25 83.436077
8162.11 83.443577
8167.97 83.45097700000001
8173.83 83.458177
8179.69 83.465277
8185.55 83.47197700000001
8191.41 83.47837700000001
8197.27 83.484477
8203.12 83.490077
8208.98 83.495277
8214.84 83.499977
8220.7 83.504277
8226.56 83.508077
8232.42 83.51137700000001
8238.28 83.514277
8244.14 83.516777
8250.0 83.518977
8255.86 83.52077700000001
8261.72 83.52247700000001
8267.58 83.523877
8273.44 83.525177
8279.3 83.52637700000001
8285.16 83.52757700000001
8291.02 83.52887700000001
8296.88 83.53017700000001
8302.73 83.531677
8308.59 83.533377
8314.45 83.535177
8320.31 83.537277
8326.17 83.53957700000001
8332.03 83.54217700000001
8337.89 83.544877
8343.75 83.54777700000001
8349.61 83.550877
8355.47 83.554077
8361.33 83.557377
8367.19 83.560677
8373.05 83.563877
8378.91 83.567077
8384.77 83.570077
8390.62 83.57297700000001
8396.48 83.57557700000001
8402.34 83.577977
8408.2 83.580077
8414.06 83.581877
8419.92 83.58327700000001
8425.78 83.584377
8431.64 83.585177
8437.5 83.585677
8443.36 83.58577700000001
8449.22 83.58577700000001
8455.08 83.585477
8460.94 83.585077
8466.8 83.584477
8472.66 83.583877
8478.52 83.583377
8484.38 83.58277700000001
8490.23 83.58237700000001
8496.09 83.582077
8501.95 83.582077
8507.81 83.582277
8513.67 83.58277700000001
8519.53 83.583477
8525.39 83.58457700000001
8531.25 83.585977
8537.11 83.587677
8542.97 83.58967700000001
8548.83 83.59187700000001
8554.69 83.59437700000001
8560.55 83.59697700000001
8566.41 83.599777
8572.27 83.60257700000001
8578.12 83.605377
8583.98 83.608177
8589.84 83.610877
8595.7 83.613377
8601.56 83.615677
8607.42 83.617777
8613.28 83.619577
8619.14 83.621077
8625.0 83.62217700000001
8630.86 83.622877
8636.72 83.623377
8642.58 83.623377
8648.44 83.62307700000001
8654.3 83.622577
8660.16 83.621677
8666.02 83.620577
8671.88 83.61917700000001
8677.73 83.617677
8683.59 83.616077
8689.45 83.614377
8695.31 83.612577
8701.17 83.610877
8707.03 83.609177
8712.89 83.607477
8718.75 83.60597700000001
8724.61 83.604477
8730.47 83.603077
8736.33 83.601777
8742.19 83.600477
8748.05 83.599377
8753.91 83.598177
8759.77 83.597077
8765.62 83.595777
8771.48 83.594577
8777.34 83.59307700000001
8783.2 83.591477
8789.06 83.58967700000001
8794.92 83.58757700000001
8800.78 83.585177
8806.64 83.582477
8812.5 83.57937700000001
8818.36 83.57597700000001
8824.22 83.57207700000001
8830.08 83.56787700000001
8835.94 83.563277
8841.8 83.55837700000001
8847.66 83.553177
8853.52 83.54767700000001
8859.38 83.541877
8865.23 83.535977
8871.09 83.529977
8876.95 83.523877
8882.81 83.51777700000001
8888.67 83.511877
8894.53 83.505977
8900.39 83.500377
8906.25 83.494977
8912.11 83.489877
8917.97 83.485077
8923.83 83.480777
8929.69 83.476777
8935.55 83.473177
8941.41 83.470077
8947.27 83.467377
8953.12 83.46507700000001
8958.98 83.463077
8964.84 83.461577
8970.7 83.460277
8976.56 83.459277
8982.42 83.458477
8988.28 83.45787700000001
8994.14 83.457477
9000.0 83.457177
9005.86 83.456877
9011.72 83.45657700000001
9017.58 83.456377
9023.44 83.45607700000001
9029.3 83.45567700000001
9035.16 83.45527700000001
9041.02 83.454777
9046.88 83.454277
9052.73 83.453677
9058.59 83.45307700000001
9064.45 83.452577
9070.31 83.451977
9076.17 83.45147700000001
9082.03 83.451077
9087.89 83.450877
9093.75 83.450777
9099.61 83.450877
9105.47 83.451177
9111.33 83.451777
9117.19 83.452577
9123.05 83.453677
9128.91 83.454977
9134.77 83.456677
9140.62 83.458477
9146.48 83.460477
9152.34 83.462777
9158.2 83.46507700000001
9164.06 83.467577
9169.92 83.469977
9175.78 83.472477
9181.64 83.474777
9187.5 83.47707700000001
9193.36 83.479777
9199.22 83.48137700000001
9205.08 83.48267700000001
9210.94 83.483677
9216.8 83.48437700000001
9222.66 83.484177
9228.52 83.484277
9234.38 83.48397700000001
9240.23 83.483377
9246.09 83.482377
9251.95 83.481177
9257.81 83.47967700000001
9263.67 83.47797700000001
9269.53 83.476077
9275.39 83.47407700000001
9281.25 83.47197700000001
9287.11 83.469977
9292.97 83.467977
9298.83 83.466177
9304.69 83.464477
9310.55 83.463077
9316.41 83.461977
9322.27 83.461077
9328.12 83.460577
9333.98 83.46037700000001
9339.84 83.460577
9345.7 83.461177
9351.56 83.461977
9357.42 83.463177
9363.28 83.464577
9369.14 83.466177
9375.0 83.46807700000001
9380.86 83.469977
9386.72 83.47197700000001
9392.58 83.473977
9398.44 83.47587700000001
9404.3 83.477677
9410.16 83.47927700000001
9416.02 83.480777
9421.88 83.481877
9427.73 83.48267700000001
9433.59 83.483177
9439.45 83.483377
9445.31 83.483177
9451.17 83.48267700000001
9457.03 83.48177700000001
9462.89 83.48057700000001
9468.75 83.479077
9474.61 83.477277
9480.47 83.475277
9486.33 83.473177
9492.19 83.470877
9498.05 83.46857700000001
9503.91 83.466177
9509.77 83.46387700000001
9515.62 83.461577
9521.48 83.459377
9527.34 83.457277
9533.2 83.455377
9539.06 83.453677
9544.92 83.452077
9550.78 83.45057700000001
9556.64 83.449377
9562.5 83.448177
9568.36 83.44717700000001
9574.22 83.446177
9580.08 83.445177
9585.94 83.444277
9591.8 83.44327700000001
9597.66 83.442077
9603.52 83.440877
9609.38 83.43937700000001
9615.23 83.43777700000001
9621.09 83.435777
9626.95 83.433577
9632.81 83.431077
9638.67 83.428377
9644.53 83.42527700000001
9650.39 83.42187700000001
9656.25 83.418177
9662.11 83.414277
9667.97 83.410077
9673.83 83.405777
9679.69 83.40127700000001
9685.55 83.396777
9691.41 83.392177
9697.27 83.38757700000001
9703.12 83.383077
9708.98 83.37867700000001
9714.84 83.37437700000001
9720.7 83.370277
9726.56 83.366477
9732.42 83.362877
9738.28 83.359477
9744.14 83.356277
9750.0 83.35337700000001
9755.86 83.35077700000001
9761.72 83.34827700000001
9767.58 83.345977
9773.44 83.343777
9779.3 83.341577
9785.16 83.339577
9791.02 83.337377
9796.88 83.335177
9802.73 83.33287700000001
9808.59 83.33027700000001
9814.45 83.327477
9820.31 83.324477
9826.17 83.321077
9832.03 83.31737700000001
9837.89 83.313277
9843.75 83.30887700000001
9849.61 83.30417700000001
9855.47 83.29897700000001
9861.33 83.293577
9867.19 83.28787700000001
9873.05 83.281977
9878.91 83.27587700000001
9884.77 83.269677
9890.62 83.263377
9896.48 83.25707700000001
9902.34 83.250977
9908.2 83.244877
9914.06 83.23907700000001
9919.92 83.23347700000001
9925.78 83.228177
9931.64 83.22327700000001
9937.5 83.218777
9943.36 83.21467700000001
9949.22 83.211077
9955.08 83.20777700000001
9960.94 83.204977
9966.8 83.202577
9972.66 83.200477
9978.52 83.198777
9984.38 83.197377
9990.23 83.196177
9996.09 83.195177
10002.0 83.194277
10007.8 83.193377
10013.7 83.192577
10019.5 83.19157700000001
10025.4 83.190577
10031.2 83.18937700000001
10037.1 83.187977
10043.0 83.18637700000001
10048.8 83.184477
10054.7 83.182377
10060.5 83.17997700000001
10066.4 83.177277
10072.3 83.17447700000001
10078.1 83.171377
10084.0 83.168177
10089.8 83.164877
10095.7 83.16157700000001
10101.6 83.15817700000001
10107.4 83.154877
10113.3 83.15177700000001
10119.1 83.14877700000001
10125.0 83.146077
10130.9 83.14367700000001
10136.7 83.141577
10142.6 83.139877
10148.4 83.138577
10154.3 83.13767700000001
10160.2 83.137277
10166.0 83.137277
10171.9 83.137777
10177.7 83.138677
10183.6 83.140077
10189.5 83.141777
10195.3 83.143777
10201.2 83.146077
10207.0 83.148677
10212.9 83.151577
10218.8 83.154577
10224.6 83.157677
10230.5 83.160877
10236.3 83.16417700000001
10242.2 83.167477
10248.0 83.170777
10253.9 83.17407700000001
10259.8 83.177377
10265.6 83.180577
10271.5 83.183777
10277.3 83.186977
10283.2 83.190177
10289.1 83.193477
10294.9 83.196777
10300.8 83.20007700000001
10306.6 83.20357700000001
10312.5 83.207177
10318.4 83.21087700000001
10324.2 83.214877
10330.1 83.21897700000001
10335.9 83.223377
10341.8 83.227877
10347.7 83.23267700000001
10353.5 83.237677
10359.4 83.242777
10365.2 83.24807700000001
10371.1 83.253477
10377.0 83.258977
10382.8 83.264477
10388.7 83.26987700000001
10394.5 83.275277
10400.4 83.280477
10406.2 83.28537700000001
10412.1 83.29007700000001
10418.0 83.294477
10423.8 83.298477
10429.7 83.30197700000001
10435.5 83.305077
10441.4 83.30757700000001
10447.3 83.30967700000001
10453.1 83.311177
10459.0 83.312077
10464.8 83.312577
10470.7 83.312477
10476.6 83.31187700000001
10482.4 83.31097700000001
10488.3 83.309577
10494.1 83.307877
10500.0 83.305977
10505.9 83.303877
10511.7 83.30157700000001
10517.6 83.299177
10523.4 83.29687700000001
10529.3 83.294577
10535.2 83.292377
10541.0 83.290377
10546.9 83.288577
10552.7 83.28697700000001
10558.6 83.285577
10564.5 83.28447700000001
10570.3 83.28357700000001
10576.2 83.282977
10582.0 83.282577
10587.9 83.28237700000001
10593.8 83.28227700000001
10599.6 83.28227700000001
10605.5 83.28237700000001
10611.3 83.282477
10617.2 83.282477
10623.0 83.28237700000001
10628.9 83.282177
10634.8 83.281777
10640.6 83.28107700000001
10646.5 83.28017700000001
10652.3 83.278977
10658.2 83.277477
10664.1 83.275677
10669.9 83.273577
10675.8 83.27117700000001
10681.6 83.268477
10687.5 83.26557700000001
10693.4 83.262477
10699.2 83.259277
10705.1 83.255977
10710.9 83.252677
10716.8 83.249277
10722.7 83.246077
10728.5 83.24297700000001
10734.4 83.240077
10740.2 83.23737700000001
10746.1 83.234877
10752.0 83.232777
10757.8 83.23097700000001
10763.7 83.229477
10769.5 83.22837700000001
10775.4 83.22757700000001
10781.2 83.22707700000001
10787.1 83.226877
10793.0 83.226977
10798.8 83.227277
10804.7 83.227777
10810.5 83.22837700000001
10816.4 83.229077
10822.3 83.229777
10828.1 83.23047700000001
10834.0 83.231077
10839.8 83.231577
10845.7 83.231977
10851.6 83.23217700000001
10857.4 83.232077
10863.3 83.23137700000001
10869.1 83.230777
10875.0 83.229977
10880.9 83.228977
10886.7 83.227877
10892.6 83.226477
10898.4 83.225077
10904.3 83.224277
10910.2 83.22287700000001
10916.0 83.221377
10921.9 83.21987700000001
10927.7 83.21857700000001
10933.6 83.21727700000001
10939.5 83.216077
10945.3 83.21507700000001
10951.2 83.21427700000001
10957.0 83.213577
10962.9 83.213177
10968.8 83.212877
10974.6 83.212677
10980.5 83.212777
10986.3 83.212877
10992.2 83.213077
10998.0 83.21337700000001
11003.9 83.213577
11009.8 83.213677
11015.6 83.21377700000001
11021.5 83.213677
11027.3 83.213277
11033.2 83.212677
11039.1 83.21167700000001
11044.9 83.210477
11050.8 83.208777
11056.6 83.206677
11062.5 83.204177
11068.4 83.201277
11074.2 83.19797700000001
11080.1 83.194277
11085.9 83.190177
11091.8 83.185777
11097.7 83.181077
11103.5 83.176077
11109.4 83.17097700000001
11115.2 83.165677
11121.1 83.16037700000001
11127.0 83.155077
11132.8 83.149777
11138.7 83.144577
11144.5 83.139577
11150.4 83.134777
11156.2 83.130277
11162.1 83.125877
11168.0 83.121877
11173.8 83.118177
11179.7 83.114777
11185.5 83.11157700000001
11191.4 83.108677
11197.3 83.106077
11203.1 83.103577
11209.0 83.10127700000001
11214.8 83.09907700000001
11220.7 83.09697700000001
11226.6 83.09477700000001
11232.4 83.092577
11238.3 83.090377
11244.1 83.087877
11250.0 83.085277
11255.9 83.082477
11261.7 83.07937700000001
11267.6 83.076077
11273.4 83.072477
11279.3 83.068577
11285.2 83.06447700000001
11291.0 83.060077
11296.9 83.05547700000001
11302.7 83.05067700000001
11308.6 83.045677
11314.5 83.040677
11320.3 83.035577
11326.2 83.030477
11332.0 83.025377
11337.9 83.020477
11343.8 83.01567700000001
11349.6 83.011077
11355.5 83.006777
11361.3 83.002677
11367.2 82.99887700000001
11373.0 82.995377
11378.9 82.992177
11384.8 82.989377
11390.6 82.986877
11396.5 82.984577
11402.3 82.98267700000001
11408.2 82.980877
11414.1 82.979377
11419.9 82.978077
11425.8 82.976877
11431.6 82.975677
11437.5 82.974677
11443.4 82.973577
11449.2 82.972477
11455.1 82.971277
11460.9 82.970077
11466.8 82.968677
11472.7 82.96727700000001
11478.5 82.965677
11484.4 82.964077
11490.2 82.962277
11496.1 82.960477
11502.0 82.95867700000001
11507.8 82.956877
11513.7 82.955077
11519.5 82.953277
11525.4 82.951777
11531.2 82.950377
11537.1 82.949177
11543.0 82.948177
11548.8 82.94757700000001
11554.7 82.947277
11560.5 82.947277
11566.4 82.947677
11572.3 82.94837700000001
11578.1 82.949577
11584.0 82.95097700000001
11589.8 82.952877
11595.7 82.954977
11601.6 82.95737700000001
11607.4 82.95997700000001
11613.3 82.962777
11619.1 82.965677
11625.0 82.968677
11630.9 82.971677
11636.7 82.974677
11642.6 82.97747700000001
11648.4 82.980277
11654.3 82.982877
11660.2 82.98517700000001
11666.0 82.987277
11671.9 82.989177
11677.7 82.99077700000001
11683.6 82.992177
11689.5 82.993277
11695.3 82.994077
11701.2 82.994877
11707.0 82.995377
11712.9 82.99587700000001
11718.8 82.996277
11724.6 82.996677
11730.5 82.99717700000001
11736.3 82.997777
11742.2 82.998577
11748.0 82.999577
11753.9 83.000977
11759.8 83.002577
11765.6 83.004677
11771.5 83.00707700000001
11777.3 83.009977
11783.2 83.013177
11789.1 83.01687700000001
11794.9 83.020977
11800.8 83.02547700000001
11806.6 83.030377
11812.5 83.035477
11818.4 83.04087700000001
11824.2 83.046577
11830.1 83.052377
11835.9 83.058277
11841.8 83.064177
11847.7 83.070177
11853.5 83.07597700000001
11859.4 83.081777
11865.2 83.087477
11871.1 83.092977
11877.0 83.09827700000001
11882.8 83.103277
11888.7 83.108177
11894.5 83.112877
11900.4 83.117377
11906.2 83.121677
11912.1 83.125877
11918.0 83.12997700000001
11923.8 83.133977
11929.7 83.13807700000001
11935.5 83.142177
11941.4 83.146377
11947.3 83.150777
11953.1 83.155377
11959.0 83.160177
11964.8 83.165277
11970.7 83.170677
11976.6 83.176477
11982.4 83.182477
11988.3 83.188877
11994.1 83.195677
12000.0 83.20267700000001
12005.9 83.20997700000001
12011.7 83.217477
12017.6 83.225277
12023.4 83.23307700000001
12029.3 83.241077
12035.2 83.24897700000001
12041.0 83.256877
12046.9 83.264677
12052.7 83.272277
12058.6 83.279677
12064.5 83.286877
12070.3 83.293677
12076.2 83.300077
12082.0 83.306177
12087.9 83.31187700000001
12093.8 83.317177
12099.6 83.32217700000001
12105.5 83.326677
12111.3 83.330877
12117.2 83.334777
12123.0 83.338477
12128.9 83.34187700000001
12134.8 83.345177
12140.6 83.348377
12146.5 83.351477
12152.3 83.354577
12158.2 83.357877
12164.1 83.361177
12169.9 83.364677
12175.8 83.368477
12181.6 83.372377
12187.5 83.376677
12193.4 83.38117700000001
12199.2 83.38597700000001
12205.1 83.39107700000001
12210.9 83.396477
12216.8 83.402077
12222.7 83.407877
12228.5 83.41377700000001
12234.4 83.419877
12240.2 83.425977
12246.1 83.432077
12252.0 83.43817700000001
12257.8 83.44417700000001
12263.7 83.45007700000001
12269.5 83.45567700000001
12275.4 83.461077
12281.2 83.466177
12287.1 83.47107700000001
12293.0 83.475577
12298.8 83.47967700000001
12304.7 83.48347700000001
12310.5 83.48697700000001
12316.4 83.490077
12322.3 83.49297700000001
12328.1 83.49547700000001
12334.0 83.49767700000001
12339.8 83.49977700000001
12345.7 83.501577
12351.6 83.50327700000001
12357.4 83.504777
12363.3 83.50617700000001
12369.1 83.507577
12375.0 83.508877
12380.9 83.510177
12386.7 83.511477
12392.6 83.51267700000001
12398.4 83.51397700000001
12404.3 83.51517700000001
12410.2 83.516377
12416.0 83.517477
12421.9 83.518477
12427.7 83.519377
12433.6 83.520077
12439.5 83.520577
12445.3 83.520877
12451.2 83.520877
12457.0 83.520577
12462.9 83.519977
12468.8 83.518877
12474.6 83.517477
12480.5 83.51567700000001
12486.3 83.51347700000001
12492.2 83.51087700000001
12498.0 83.50797700000001
12503.9 83.504577
12509.8 83.500877
12515.6 83.496977
12521.5 83.492777
12527.3 83.48827700000001
12533.2 83.48137700000001
12539.1 83.476877
12544.9 83.472277
12550.8 83.467777
12556.6 83.46337700000001
12562.5 83.45917700000001
12568.4 83.455177
12574.2 83.45147700000001
12580.1 83.45017700000001
12585.9 83.446877
12591.8 83.443777
12597.7 83.441077
12603.5 83.43857700000001
12609.4 83.43647700000001
12615.2 83.434477
12621.1 83.432777
12627.0 83.43127700000001
12632.8 83.429877
12638.7 83.42867700000001
12644.5 83.427377
12650.4 83.42617700000001
12656.2 83.424977
12662.1 83.42357700000001
12668.0 83.422077
12673.8 83.420377
12679.7 83.41847700000001
12685.5 83.41637700000001
12691.4 83.414077
12697.3 83.411377
12703.1 83.40857700000001
12709.0 83.405377
12714.8 83.401977
12720.7 83.398477
12726.6 83.394677
12732.4 83.390777
12738.3 83.38677700000001
12744.1 83.382677
12750.0 83.378577
12755.9 83.374577
12761.7 83.370677
12767.6 83.366877
12773.4 83.36317700000001
12779.3 83.35977700000001
12785.2 83.356677
12791.0 83.353677
12796.9 83.351077
12802.7 83.348777
12808.6 83.346677
12814.5 83.344977
12820.3 83.34347700000001
12826.2 83.342177
12832.0 83.341077
12837.9 83.34017700000001
12843.8 83.339477
12849.6 83.33877700000001
12855.5 83.338177
12861.3 83.33757700000001
12867.2 83.336977
12873.0 83.33627700000001
12878.9 83.335477
12884.8 83.33457700000001
12890.6 83.333477
12896.5 83.332277
12902.3 83.330977
12908.2 83.32947700000001
12914.1 83.327777
12919.9 83.326077
12925.8 83.324177
12931.6 83.32217700000001
12937.5 83.320177
12943.4 83.318177
12949.2 83.31617700000001
12955.1 83.314277
12960.9 83.312477
12966.8 83.310777
12972.7 83.309177
12978.5 83.307777
12984.4 83.30667700000001
12990.2 83.305677
12996.1 83.304877
13002.0 83.304277
13007.8 83.30377700000001
13013.7 83.303577
13019.5 83.303377
13025.4 83.303177
13031.2 83.303077
13037.1 83.302977
13043.0 83.302777
13048.8 83.302377
13054.7 83.301777
13060.5 83.300977
13066.4 83.29987700000001
13072.3 83.298377
13078.1 83.29647700000001
13084.0 83.294177
13089.8 83.29137700000001
13095.7 83.288177
13101.6 83.28447700000001
13107.4 83.280277
13113.3 83.275677
13119.1 83.270577
13125.0 83.265077
13130.9 83.259277
13136.7 83.25317700000001
13142.6 83.246877
13148.4 83.24037700000001
13154.3 83.233677
13160.2 83.226977
13166.0 83.220177
13171.9 83.213577
13177.7 83.20697700000001
13183.6 83.20057700000001
13189.5 83.194277
13195.3 83.188277
13201.2 83.182477
13207.0 83.17697700000001
13212.9 83.171677
13218.8 83.166677
13224.6 83.161877
13230.5 83.157177
13236.3 83.15267700000001
13242.2 83.14837700000001
13248.0 83.14407700000001
13253.9 83.139677
13259.8 83.135377
13265.6 83.130977
13271.5 83.12647700000001
13277.3 83.121677
13283.2 83.116777
13289.1 83.11157700000001
13294.9 83.106077
13300.8 83.100277
13306.6 83.094277
13312.5 83.08797700000001
13318.4 83.081377
13324.2 83.074577
13330.1 83.06747700000001
13335.9 83.060277
13341.8 83.053077
13347.7 83.045677
13353.5 83.03837700000001
13359.4 83.031177
13365.2 83.024077
13371.1 83.017177
13377.0 83.010577
13382.8 83.004277
13388.7 82.998377
13394.5 82.99297700000001
13400.4 82.987877
13406.2 82.983377
13412.1 82.97927700000001
13418.0 82.97577700000001
13423.8 82.972677
13429.7 82.970077
13435.5 82.967877
13441.4 82.966077
13447.3 82.964577
13453.1 82.963477
13459.0 82.96257700000001
13464.8 82.961877
13470.7 82.96127700000001
13476.6 82.96077700000001
13482.4 82.960277
13488.3 82.959677
13494.1 82.95907700000001
13500.0 82.958377
13505.9 82.957477
13511.7 82.956377
13517.6 82.955177
13523.4 82.953677
13529.3 82.952077
13535.2 82.950277
13541.0 82.94837700000001
13546.9 82.946377
13552.7 82.94417700000001
13558.6 82.942077
13564.5 82.93987700000001
13570.3 82.93777700000001
13576.2 82.935777
13582.0 82.93387700000001
13587.9 82.932077
13593.8 82.930577
13599.6 82.92917700000001
13605.5 82.928077
13611.3 82.927277
13617.2 82.926677
13623.0 82.926277
13628.9 82.926077
13634.8 82.92617700000001
13640.6 82.926377
13646.5 82.926677
13652.3 82.92707700000001
13658.2 82.927577
13664.1 82.927977
13669.9 82.928377
13675.8 82.92867700000001
13681.6 82.92877700000001
13687.5 82.92867700000001
13693.4 82.928477
13699.2 82.927977
13705.1 82.927177
13710.9 82.92617700000001
13716.8 82.924977
13722.7 82.923477
13728.5 82.921777
13734.4 82.919877
13740.2 82.917877
13746.1 82.915777
13752.0 82.913577
13757.8 82.911477
13763.7 82.909377
13769.5 82.907477
13775.4 82.905777
13781.2 82.90437700000001
13787.1 82.903177
13793.0 82.902477
13798.8 82.902077
13804.7 82.90217700000001
13810.5 82.902777
13816.4 82.903777
13822.3 82.905277
13828.1 82.90727700000001
13834.0 82.909677
13839.8 82.91247700000001
13845.7 82.915677
13851.6 82.91927700000001
13857.4 82.923077
13863.3 82.92707700000001
13869.1 82.93127700000001
13875.0 82.93557700000001
13880.9 82.939977
13886.7 82.944277
13892.6 82.94847700000001
13898.4 82.95267700000001
13904.3 82.95657700000001
13910.2 82.96037700000001
13916.0 82.963977
13921.9 82.96727700000001
13927.7 82.97027700000001
13933.6 82.973177
13939.5 82.97577700000001
13945.3 82.978177
13951.2 82.98047700000001
13957.0 82.98267700000001
13962.9 82.984677
13968.8 82.986677
13974.6 82.98867700000001
13980.5 82.99077700000001
13986.3 82.99297700000001
13992.2 82.995277
13998.0 82.99767700000001
14003.9 83.000377
14009.8 83.00327700000001
14015.6 83.006477
14021.5 83.009777
14027.3 83.01347700000001
14033.2 83.017277
14039.1 83.021377
14044.9 83.025577
14050.8 83.029877
14056.6 83.034377
14062.5 83.038877
14068.4 83.043277
14074.2 83.04777700000001
14080.1 83.05197700000001
14085.9 83.056177
14091.8 83.060077
14097.7 83.063677
14103.5 83.067077
14109.4 83.070077
14115.2 83.072777
14121.1 83.07517700000001
14127.0 83.077177
14132.8 83.078777
14138.7 83.080177
14144.5 83.08117700000001
14150.4 83.08197700000001
14156.2 83.082577
14162.1 83.083077
14168.0 83.083377
14173.8 83.083577
14179.7 83.083877
14185.5 83.08417700000001
14191.4 83.08457700000001
14197.3 83.085177
14203.1 83.08667700000001
14209.0 83.087777
14214.8 83.089077
14220.7 83.09057700000001
14226.6 83.09227700000001
14232.4 83.094177
14238.3 83.096277
14244.1 83.098577
14250.0 83.10087700000001
14255.9 83.102177
14261.7 83.104577
14267.6 83.106877
14273.4 83.109077
14279.3 83.111277
14285.2 83.11317700000001
14291.0 83.11497700000001
14296.9 83.116477
14302.7 83.117577
14308.6 83.118477
14314.5 83.118977
14320.3 83.119077
14326.2 83.11877700000001
14332.0 83.118077
14337.9 83.11707700000001
14343.8 83.11577700000001
14349.6 83.11407700000001
14355.5 83.112077
14361.3 83.109877
14367.2 83.107477
14373.0 83.104977
14378.9 83.102377
14384.8 83.099677
14390.6 83.097077
14396.5 83.094477
14402.3 83.091977
14408.2 83.08967700000001
14414.1 83.087477
14419.9 83.08537700000001
14425.8 83.083577
14431.6 83.08197700000001
14437.5 83.080477
14443.4 83.079277
14449.2 83.07807700000001
14455.1 83.077077
14460.9 83.076077
14466.8 83.07517700000001
14472.7 83.074177
14478.5 83.073177
14484.4 83.07207700000001
14490.2 83.070677
14496.1 83.06917700000001
14502.0 83.06737700000001
14507.8 83.06527700000001
14513.7 83.062977
14519.5 83.060277
14525.4 83.05717700000001
14531.2 83.05377700000001
14537.1 83.050077
14543.0 83.04607700000001
14548.8 83.041877
14554.7 83.037377
14560.5 83.032677
14566.4 83.027877
14572.3 83.023077
14578.1 83.01817700000001
14584.0 83.013377
14589.8 83.008677
14595.7 83.004177
14601.6 82.999877
14607.4 82.995777
14613.3 82.99207700000001
14619.1 82.98867700000001
14625.0 82.98567700000001
14630.9 82.98307700000001
14636.7 82.980877
14642.6 82.978977
14648.4 82.977377
14654.3 82.976177
14660.2 82.975277
14666.0 82.97457700000001
14671.9 82.97407700000001
14677.7 82.97367700000001
14683.6 82.973377
14689.5 82.973077
14695.3 82.97277700000001
14701.2 82.97237700000001
14707.0 82.971777
14712.9 82.970977
14718.8 82.970077
14724.6 82.968877
14730.5 82.967377
14736.3 82.96557700000001
14742.2 82.963577
14748.0 82.96127700000001
14753.9 82.958777
14759.8 82.95607700000001
14765.6 82.95317700000001
14771.5 82.95017700000001
14777.3 82.94717700000001
14783.2 82.94417700000001
14789.1 82.94117700000001
14794.9 82.938277
14800.8 82.93557700000001
14806.6 82.933077
14812.5 82.93087700000001
14818.4 82.928977
14824.2 82.927377
14830.1 82.92617700000001
14835.9 82.925377
14841.8 82.92487700000001
14847.7 82.924777
14853.5 82.924977
14859.4 82.925477
14865.2 82.926277
14871.1 82.927377
14877.0 82.928577
14882.8 82.92997700000001
14888.7 82.931377
14894.5 82.932777
14900.4 82.93427700000001
14906.2 82.93557700000001
14912.1 82.936777
14918.0 82.93777700000001
14923.8 82.938477
14929.7 82.939077
14935.5 82.93937700000001
14941.4 82.93937700000001
14947.3 82.939077
14953.1 82.93857700000001
14959.0 82.93777700000001
14964.8 82.936777
14970.7 82.935677
14976.6 82.934377
14982.4 82.93297700000001
14988.3 82.931477
14994.1 82.930077
15000.0 82.92877700000001
15005.9 82.92747700000001
15011.7 82.926377
15017.6 82.925377
15023.4 82.924677
15029.3 82.924177
15035.2 82.923877
15041.0 82.923877
15046.9 82.92407700000001
15052.7 82.924577
15058.6 82.925177
15064.5 82.925977
15070.3 82.92697700000001
15076.2 82.927977
15082.0 82.929077
15087.9 82.930177
15093.8 82.931177
15099.6 82.932077
15105.5 82.932677
15111.3 82.933177
15117.2 82.93337700000001
15123.0 82.933277
15128.9 82.932877
15134.8 82.93217700000001
15140.6 82.931077
15146.5 82.929677
15152.3 82.92787700000001
15158.2 82.92577700000001
15164.1 82.923477
15169.9 82.920877
15175.8 82.91807700000001
15181.6 82.915177
15187.5 82.912177
15193.4 82.909177
15199.2 82.90607700000001
15205.1 82.903177
15210.9 82.900377
15216.8 82.897677
15222.7 82.89527700000001
15228.5 82.892977
15234.4 82.89107700000001
15240.2 82.88937700000001
15246.1 82.887977
15252.0 82.88677700000001
15257.8 82.88587700000001
15263.7 82.88507700000001
15269.5 82.88457700000001
15275.4 82.884077
15281.2 82.88377700000001
15287.1 82.883477
15293.0 82.883077
15298.8 82.882677
15304.7 82.88207700000001
15310.5 82.881277
15316.4 82.880277
15322.3 82.878977
15328.1 82.87737700000001
15334.0 82.875477
15339.8 82.873277
15345.7 82.870677
15351.6 82.867777
15357.4 82.86457700000001
15363.3 82.86107700000001
15369.1 82.857377
15375.0 82.853577
15380.9 82.84957700000001
15386.7 82.845477
15392.6 82.841477
15398.4 82.83757700000001
15404.3 82.833777
15410.2 82.830177
15416.0 82.82687700000001
15421.9 82.82387700000001
15427.7 82.82127700000001
15433.6 82.81907700000001
15439.5 82.817277
15445.3 82.815877
15451.2 82.814977
15457.0 82.81447700000001
15462.9 82.81437700000001
15468.8 82.814777
15474.6 82.815377
15480.5 82.816277
15486.3 82.81747700000001
15492.2 82.818777
15498.0 82.820177
15503.9 82.821577
15509.8 82.82297700000001
15515.6 82.82427700000001
15521.5 82.825477
15527.3 82.82637700000001
15533.2 82.827077
15539.1 82.827477
15544.9 82.827577
15550.8 82.827377
15556.6 82.826777
15562.5 82.82597700000001
15568.4 82.824777
15574.2 82.82337700000001
15580.1 82.82167700000001
15585.9 82.819877
15591.8 82.81787700000001
15597.7 82.815877
15603.5 82.813777
15609.4 82.811777
15615.2 82.809877
15621.1 82.808177
15627.0 82.806577
15632.8 82.80537700000001
15638.7 82.804377
15644.5 82.80367700000001
15650.4 82.80327700000001
15656.2 82.803177
15662.1 82.803477
15668.0 82.803977
15673.8 82.804877
15679.7 82.80587700000001
15685.5 82.807077
15691.4 82.80847700000001
15697.3 82.809977
15703.1 82.81137700000001
15709.0 82.812877
15714.8 82.814177
15720.7 82.815377
15726.6 82.816377
15732.4 82.817177
15738.3 82.817777
15744.1 82.817977
15750.0 82.81787700000001
15755.9 82.81747700000001
15761.7 82.816877
15767.6 82.815877
15773.4 82.814677
15779.3 82.813277
15785.2 82.811677
15791.0 82.809977
15796.9 82.808077
15802.7 82.80627700000001
15808.6 82.804477
15814.5 82.802777
15820.3 82.80117700000001
15826.2 82.799777
15832.0 82.79857700000001
15837.9 82.79767700000001
15843.8 82.796977
15849.6 82.796677
15855.5 82.79647700000001
15861.3 82.796677
15867.2 82.797077
15873.0 82.798477
15878.9 82.799177
15884.8 82.800077
15890.6 82.800977
15896.5 82.801777
15902.3 82.802577
15908.2 82.803177
15914.1 82.803577
15919.9 82.80367700000001
15925.8 82.803477
15931.6 82.802577
15937.5 82.801777
15943.4 82.800577
15949.2 82.79907700000001
15955.1 82.797077
15960.9 82.79477700000001
15966.8 82.792077
15972.7 82.788977
15978.5 82.785577
15984.4 82.78187700000001
15990.2 82.777977
15996.1 82.773877
16002.0 82.769677
16007.8 82.765377
16013.7 82.76097700000001
16019.5 82.756777
16025.4 82.752577
16031.2 82.748577
16037.1 82.74467700000001
16043.0 82.741077
16048.8 82.737677
16054.7 82.734577
16060.5 82.731677
16066.4 82.729077
16072.3 82.72667700000001
16078.1 82.72447700000001
16084.0 82.722477
16089.8 82.720577
16095.7 82.718677
16101.6 82.71687700000001
16107.4 82.714977
16113.3 82.713077
16119.1 82.71087700000001
16125.0 82.708577
16130.9 82.705977
16136.7 82.70307700000001
16142.6 82.699777
16148.4 82.696177
16154.3 82.692177
16160.2 82.68777700000001
16166.0 82.682877
16171.9 82.677777
16177.7 82.672177
16183.6 82.66637700000001
16189.5 82.660177
16195.3 82.65387700000001
16201.2 82.647377
16207.0 82.64067700000001
16212.9 82.633977
16218.8 82.627277
16224.6 82.620677
16230.5 82.614177
16236.3 82.607877
16242.2 82.601777
16248.0 82.595877
16253.9 82.590377
16259.8 82.585077
16265.6 82.580077
16271.5 82.575277
16277.3 82.57087700000001
16283.2 82.566677
16289.1 82.56267700000001
16294.9 82.55887700000001
16300.8 82.555177
16306.6 82.55157700000001
16312.5 82.547877
16318.4 82.54427700000001
16324.2 82.540577
16330.1 82.536677
16335.9 82.532677
16341.8 82.528377
16347.7 82.523877
16353.5 82.51907700000001
16359.4 82.514077
16365.2 82.508677
16371.1 82.503077
16377.0 82.49727700000001
16382.8 82.49117700000001
16388.7 82.484977
16394.5 82.478577
16400.4 82.472177
16406.2 82.465777
16412.1 82.459377
16418.0 82.45307700000001
16423.8 82.446977
16429.7 82.441077
16435.5 82.43557700000001
16441.4 82.430277
16447.3 82.425377
16453.1 82.420777
16459.0 82.416677
16464.8 82.412977
16470.7 82.409677
16476.6 82.406677
16482.4 82.404177
16488.3 82.401877
16494.1 82.399877
16500.0 82.398077
16505.9 82.396377
16511.7 82.394777
16517.6 82.393277
16523.4 82.391577
16529.3 82.389877
16535.2 82.387977
16541.0 82.38587700000001
16546.9 82.383477
16552.7 82.38077700000001
16558.6 82.37777700000001
16564.5 82.37437700000001
16570.3 82.370677
16576.2 82.36667700000001
16582.0 82.362277
16587.9 82.35767700000001
16593.8 82.352877
16599.6 82.347977
16605.5 82.342877
16611.3 82.337877
16617.2 82.33277700000001
16623.0 82.327877
16628.9 82.323277
16634.8 82.318777
16640.6 82.314677
16646.5 82.31097700000001
16652.3 82.307777
16658.2 82.30497700000001
16664.1 82.302677
16669.9 82.300877
16675.8 82.299577
16681.6 82.298777
16687.5 82.298477
16693.4 82.29857700000001
16699.2 82.29907700000001
16705.1 82.29987700000001
16710.9 82.300877
16716.8 82.302177
16722.7 82.303477
16728.5 82.304877
16734.4 82.306177
16740.2 82.307477
16746.1 82.30847700000001
16752.0 82.309377
16757.8 82.309877
16763.7 82.310077
16769.5 82.309977
16775.4 82.309377
16781.2 82.308577
16787.1 82.307277
16793.0 82.305777
16798.8 82.303877
16804.7 82.301777
16810.5 82.29947700000001
16816.4 82.296977
16822.3 82.294377
16828.1 82.291877
16834.0 82.289277
16839.8 82.286877
16845.7 82.284677
16851.6 82.282677
16857.4 82.28097700000001
16863.3 82.279477
16869.1 82.278377
16875.0 82.27767700000001
16880.9 82.277277
16886.7 82.27717700000001
16892.6 82.277477
16898.4 82.27807700000001
16904.3 82.27887700000001
16910.2 82.279877
16916.0 82.28107700000001
16921.9 82.28237700000001
16927.7 82.283677
16933.6 82.28487700000001
16939.5 82.285977
16945.3 82.28697700000001
16951.2 82.287677
16957.0 82.288177
16962.9 82.28827700000001
16968.8 82.288077
16974.6 82.28747700000001
16980.5 82.286477
16986.3 82.285077
16992.2 82.283277
16998.0 82.281177
17003.9 82.278777
17009.8 82.275977
17015.6 82.273077
17021.5 82.26987700000001
17027.3 82.266577
17033.2 82.263177
17039.1 82.259777
17044.9 82.256377
17050.8 82.253077
17056.6 82.249877
17062.5 82.24677700000001
17068.4 82.243977
17074.2 82.24127700000001
17080.1 82.238777
17085.9 82.23647700000001
17091.8 82.23437700000001
17097.7 82.232377
17103.5 82.23057700000001
17109.4 82.22877700000001
17115.2 82.22707700000001
17121.1 82.225277
17127.0 82.223477
17132.8 82.22147700000001
17138.7 82.219277
17144.5 82.21687700000001
17150.4 82.214077
17156.2 82.211077
17162.1 82.207577
17168.0 82.203777
17173.8 82.199477
17179.7 82.194777
17185.5 82.189777
17191.4 82.18427700000001
17197.3 82.178477
17203.1 82.17227700000001
17209.0 82.16587700000001
17214.8 82.159277
17220.7 82.152477
17226.6 82.145677
17232.4 82.138777
17238.3 82.131977
17244.1 82.12527700000001
17250.0 82.11877700000001
17255.9 82.112577
17261.7 82.106577
17267.6 82.10087700000001
17273.4 82.095577
17279.3 82.090677
17285.2 82.086077
17291.0 82.081877
17296.9 82.07807700000001
17302.7 82.074477
17308.6 82.07127700000001
17314.5 82.06827700000001
17320.3 82.065377
17326.2 82.06267700000001
17332.0 82.060077
17337.9 82.057477
17343.8 82.054777
17349.6 82.05197700000001
17355.5 82.04907700000001
17361.3 82.045877
17367.2 82.04257700000001
17373.0 82.038977
17378.9 82.035077
17384.8 82.03097700000001
17390.6 82.026577
17396.5 82.02207700000001
17402.3 82.017277
17408.2 82.012277
17414.1 82.007277
17419.9 82.002177
17425.8 81.99717700000001
17431.6 81.992177
17437.5 81.987477
17443.4 81.982877
17449.2 81.978577
17455.1 81.97457700000001
17460.9 81.970977
17466.8 81.967777
17472.7 81.964977
17478.5 81.962677
17484.4 81.96087700000001
17490.2 81.959477
17496.1 81.958377
17502.0 81.95777700000001
17507.8 81.957477
17513.7 81.957477
17519.5 81.957577
17525.4 81.957977
17531.2 81.958377
17537.1 81.95867700000001
17543.0 81.958977
17548.8 81.958477
17554.7 81.958177
17560.5 81.957577
17566.4 81.95657700000001
17572.3 81.95527700000001
17578.1 81.953677
17584.0 81.951577
17589.8 81.949177
17595.7 81.946477
17601.6 81.943377
17607.4 81.941077
17613.3 81.93777700000001
17619.1 81.934377
17625.0 81.930777
17630.9 81.92707700000001
17636.7 81.923377
17642.6 81.91977700000001
17648.4 81.91637700000001
17654.3 81.913077
17660.2 81.910077
17666.0 81.90727700000001
17671.9 81.90477700000001
17677.7 81.90267700000001
17683.6 81.90087700000001
17689.5 81.899477
17695.3 81.898477
17701.2 81.897677
17707.0 81.897277
17712.9 81.89707700000001
17718.8 81.89707700000001
17724.6 81.897177
17730.5 81.897377
17736.3 81.897577
17742.2 81.897777
17748.0 81.897777
17753.9 81.897577
17759.8 81.89707700000001
17765.6 81.896377
17771.5 81.895177
17777.3 81.89367700000001
17783.2 81.891677
17789.1 81.889277
17794.9 81.886477
17800.8 81.883177
17806.6 81.87947700000001
17812.5 81.875377
17818.4 81.87097700000001
17824.2 81.86617700000001
17830.1 81.861277
17835.9 81.856077
17841.8 81.85087700000001
17847.7 81.845577
17853.5 81.840377
17859.4 81.835177
17865.2 81.830077
17871.1 81.82517700000001
17877.0 81.820577
17882.8 81.81617700000001
17888.7 81.811977
17894.5 81.808077
17900.4 81.804477
17906.2 81.801077
17912.1 81.797977
17918.0 81.794977
17923.8 81.792077
17929.7 81.789277
17935.5 81.78657700000001
17941.4 81.783777
17947.3 81.780877
17953.1 81.777777
17959.0 81.774377
17964.8 81.77077700000001
17970.7 81.76687700000001
17976.6 81.762477
17982.4 81.757677
17988.3 81.752477
17994.1 81.746877
18000.0 81.74077700000001
18005.9 81.734177
18011.7 81.727277
18017.6 81.719977
18023.4 81.712277
18029.3 81.70437700000001
18035.2 81.69627700000001
18041.0 81.687977
18046.9 81.67957700000001
18052.7 81.671177
18058.6 81.662777
18064.5 81.654477
18070.3 81.646377
18076.2 81.63847700000001
18082.0 81.63077700000001
18087.9 81.623377
18093.8 81.61617700000001
18099.6 81.609277
18105.5 81.60257700000001
18111.3 81.596177
18117.2 81.589977
18123.0 81.583977
18128.9 81.57807700000001
18134.8 81.572277
18140.6 81.566477
18146.5 81.56057700000001
18152.3 81.554677
18158.2 81.54857700000001
18164.1 81.54217700000001
18169.9 81.535577
18175.8 81.528677
18181.6 81.521377
18187.5 81.513777
18193.4 81.50577700000001
18199.2 81.497377
18205.1 81.48867700000001
18210.9 81.479577
18216.8 81.47027700000001
18222.7 81.460677
18228.5 81.45097700000001
18234.4 81.441077
18240.2 81.431177
18246.1 81.421277
18252.0 81.41157700000001
18257.8 81.401977
18263.7 81.392677
18269.5 81.383677
18275.4 81.375077
18281.2 81.366877
18287.1 81.359177
18293.0 81.351977
18298.8 81.345177
18304.7 81.338977
18310.5 81.333177
18316.4 81.327877
18322.3 81.322877
18328.1 81.318377
18334.0 81.314177
18339.8 81.31017700000001
18345.7 81.306377
18351.6 81.302677
18357.4 81.29897700000001
18363.3 81.295277
18369.1 81.291477
18375.0 81.287577
18380.9 81.283377
18386.7 81.278977
18392.6 81.274277
18398.4 81.269277
18404.3 81.26387700000001
18410.2 81.258277
18416.0 81.252477
18421.9 81.246277
18427.7 81.23997700000001
18433.6 81.23357700000001
18439.5 81.226977
18445.3 81.220477
18451.2 81.213977
18457.0 81.207577
18462.9 81.20147700000001
18468.8 81.195577
18474.6 81.189977
18480.5 81.18477700000001
18486.3 81.17997700000001
18492.2 81.17567700000001
18498.0 81.171777
18503.9 81.168377
18509.8 81.16547700000001
18515.6 81.162977
18521.5 81.160877
18527.3 81.159177
18533.2 81.157877
18539.1 81.156777
18544.9 81.155877
18550.8 81.15517700000001
18556.6 81.154477
18562.5 81.153677
18568.4 81.152977
18574.2 81.151977
18580.1 81.15087700000001
18585.9 81.149477
18591.8 81.147777
18597.7 81.14577700000001
18603.5 81.143377
18609.4 81.140777
18615.2 81.137777
18621.1 81.134477
18627.0 81.130977
18632.8 81.127277
18638.7 81.12347700000001
18644.5 81.119477
18650.4 81.115577
18656.2 81.111677
18662.1 81.107877
18668.0 81.10427700000001
18673.8 81.100977
18679.7 81.09787700000001
18685.5 81.095177
18691.4 81.092877
18697.3 81.09097700000001
18703.1 81.089477
18709.0 81.088277
18714.8 81.08757700000001
18720.7 81.08707700000001
18726.6 81.086977
18732.4 81.08707700000001
18738.3 81.087377
18744.1 81.087677
18750.0 81.088077
18755.9 81.088477
18761.7 81.088577
18767.6 81.088577
18773.4 81.088177
18779.3 81.087477
18785.2 81.08627700000001
18791.0 81.084677
18796.9 81.082477
18802.7 81.079777
18808.6 81.076577
18814.5 81.072777
18820.3 81.068477
18826.2 81.063777
18832.0 81.058577
18837.9 81.053077
18843.8 81.04727700000001
18849.6 81.04127700000001
18855.5 81.035077
18861.3 81.02887700000001
18867.2 81.022777
18873.0 81.016777
18878.9 81.01097700000001
18884.8 81.005477
18890.6 81.00017700000001
18896.5 80.995377
18902.3 80.990877
18908.2 80.986777
18914.1 80.983177
18919.9 80.979877
18925.8 80.976977
18931.6 80.974377
18937.5 80.972077
18943.4 80.96987700000001
18949.2 80.967877
18955.1 80.965877
18960.9 80.96377700000001
18966.8 80.961577
18972.7 80.95917700000001
18978.5 80.956477
18984.4 80.953477
18990.2 80.949977
18996.1 80.946077
19002.0 80.94157700000001
19007.8 80.936677
19013.7 80.931177
19019.5 80.925177
19025.4 80.918777
19031.2 80.911877
19037.1 80.904677
19043.0 80.897177
19048.8 80.889477
19054.7 80.88157700000001
19060.5 80.873777
19066.4 80.865977
19072.3 80.85847700000001
19078.1 80.851077
19084.0 80.844177
19089.8 80.83757700000001
19095.7 80.83157700000001
19101.6 80.82597700000001
19107.4 80.821077
19113.3 80.816677
19119.1 80.812877
19125.0 80.80967700000001
19130.9 80.806977
19136.7 80.804777
19142.6 80.803077
19148.4 80.801677
19154.3 80.800477
19160.2 80.79947700000001
19166.0 80.79857700000001
19171.9 80.79767700000001
19177.7 80.796677
19183.6 80.795377
19189.5 80.79387700000001
19195.3 80.791877
19201.2 80.78957700000001
19207.0 80.786777
19212.9 80.783377
19218.8 80.775977
19224.6 80.771377
19230.5 80.766377
19236.3 80.76097700000001
19242.2 80.755277
19248.0 80.749277
19253.9 80.743077
19259.8 80.736677
19265.6 80.730377
19271.5 80.72407700000001
19277.3 80.717877
19283.2 80.715777
19289.1 80.710177
19294.9 80.704977
19300.8 80.70017700000001
19306.6 80.695777
19312.5 80.691877
19318.4 80.688377
19324.2 80.685477
19330.1 80.683077
19335.9 80.681177
19341.8 80.679777
19347.7 80.67877700000001
19353.5 80.678177
19359.4 80.67787700000001
19365.2 80.67787700000001
19371.1 80.678077
19377.0 80.678377
19382.8 80.67877700000001
19388.7 80.67917700000001
19394.5 80.679477
19400.4 80.679677
19406.2 80.679677
19412.1 80.67957700000001
19418.0 80.679077
19423.8 80.678377
19429.7 80.677377
19435.5 80.67617700000001
19441.4 80.674677
19447.3 80.672977
19453.1 80.67107700000001
19459.0 80.669077
19464.8 80.667077
19470.7 80.66497700000001
19476.6 80.662977
19482.4 80.661077
19488.3 80.659277
19494.1 80.65777700000001
19500.0 80.656577
19505.9 80.655677
19511.7 80.655077
19517.6 80.654877
19523.4 80.655077
19529.3 80.655677
19535.2 80.656577
19541.0 80.657877
19546.9 80.65947700000001
19552.7 80.661477
19558.6 80.663577
19564.5 80.66587700000001
19570.3 80.668377
19576.2 80.670877
19582.0 80.673377
19587.9 80.67577700000001
19593.8 80.678177
19599.6 80.680277
19605.5 80.68217700000001
19611.3 80.68387700000001
19617.2 80.68517700000001
19623.0 80.686177
19628.9 80.68687700000001
19634.8 80.68727700000001
19640.6 80.687377
19646.5 80.687177
19652.3 80.686777
19658.2 80.686077
19664.1 80.68517700000001
19669.9 80.68427700000001
19675.8 80.683177
19681.6 80.68217700000001
19687.5 80.681177
19693.4 80.680277
19699.2 80.679477
19705.1 80.678877
19710.9 80.678377
19716.8 80.678177
19722.7 80.67827700000001
19728.5 80.678477
19734.4 80.678977
19740.2 80.679677
19746.1 80.680577
19752.0 80.68167700000001
19757.8 80.682777
19763.7 80.683977
19769.5 80.68517700000001
19775.4 80.686277
19781.2 80.68727700000001
19787.1 80.68817700000001
19793.0 80.688777
19798.8 80.689077
19804.7 80.689077
19810.5 80.688677
19816.4 80.687977
19822.3 80.686677
19828.1 80.684977
19834.0 80.682777
19839.8 80.680077
19845.7 80.67697700000001
19851.6 80.673277
19857.4 80.669177
19863.3 80.664477
19869.1 80.659377
19875.0 80.65387700000001
19880.9 80.64787700000001
19886.7 80.64147700000001
19892.6 80.63467700000001
19898.4 80.62737700000001
19904.3 80.619777
19910.2 80.61157700000001
19916.0 80.603077
19921.9 80.59397700000001
19927.7 80.584377
19933.6 80.57427700000001
19939.5 80.563677
19945.3 80.552377
19951.2 80.54047700000001
19957.0 80.527777
19962.9 80.514477
19968.8 80.500477
19974.6 80.48567700000001
19980.5 80.470077
19986.3 80.453777
19992.2 80.436777
19998.0 80.419077
