20.0 54.349892
20.290899 54.976891
20.586 55.590893
20.8855 56.190891
21.189301 56.771893
21.497499 57.335892
21.8102 57.882893
22.127399 58.41489
22.4492 58.932892
22.775801 59.437893
23.1071 59.933891
23.443199 60.420891
23.7841 60.903893
24.1301 61.385891
24.4811 61.867893
24.8372 62.350891
25.1984 62.837891
25.564899 63.326893
25.9368 63.81789
26.3141 64.309891
26.6968 64.801888
27.0851 65.291893
27.479099 65.777893
27.878799 66.259888
28.2843 66.735893
28.6957 67.205887
29.1131 67.669891
29.536501 68.126892
29.966101 68.577888
30.402 69.022888
30.8442 69.461891
31.2929 69.968887
31.748 70.480888
32.209801 70.728889
32.678299 71.124893
33.153599 71.511887
33.635899 71.87989
34.125099 72.220886
34.621498 72.53289
35.125 72.813889
35.635899 73.06089
36.154301 73.279892
36.680199 73.476891
37.213699 73.659889
37.755 73.83989
38.3041 74.028893
38.861301 74.232887
39.426498 74.456886
40.0 74.698891
40.581799 74.955887
41.1721 75.220886
41.771 75.488892
42.378502 75.75489
42.9949 76.015892
43.6203 76.277893
44.254799 76.585892
44.898499 76.784889
45.551498 76.996887
46.2141 77.232887
46.886299 77.465889
47.568298 77.694893
48.260201 77.920891
48.962101 78.142891
49.674301 78.361893
50.396801 78.56348385203906
51.129902 78.76088101484139
51.8736 78.95508256262234
52.628101 79.14708467329129
53.3936 79.33588472884985
54.1702 79.52147281825265
54.958099 79.70585126783982
55.7575 79.8870263111822
56.568501 80.10697213000368
57.391399 80.27970821381439
58.226101 80.40522028812126
59.073 80.56850706126592
59.932301 80.72256272971161
60.804 80.86839136767368
61.6884 81.0019843533392
62.585701 81.12333597594059
63.496 81.22744143575552
64.419601 81.31231009241729
65.356598 81.37391920186509
66.307297 81.4122800866245
67.271698 81.42438574669555
68.250198 81.4162328162045
69.242897 81.38681343976758
70.250099 81.350127977018
71.271896 81.31217272100271
72.308601 81.2659368643704
73.360298 81.21442684859865
74.427399 81.15562602950624
75.509903 81.084539425647
76.608299 80.9971579641941
77.722603 80.89048534828618
78.853104 80.76351421586405
80.0 80.61723489326776
81.163597 80.44364570302291
82.3442 80.26974098620889
83.541901 80.11151703587258
84.757 79.98396928586263
85.989899 79.86409427753611
87.240601 79.78388895523155
88.509598 79.75334819046064
89.797 79.77845794230116
91.103104 79.85922870026327
92.4282 79.99164008373393
93.772598 80.19670034102333
95.136597 80.40138792453395
96.520401 80.60171104928281
97.924301 80.80466731610306
99.348602 81.01123506607411
100.794 81.19942138572469
102.26 81.36622145920464
103.747 81.51663390208641
105.256 81.654636160532
106.787 81.80122623454139
108.34 81.91641612411462
109.916 81.99417027541365
111.515 82.0475026884385
113.137 82.04041136318916
114.783 81.95587074582762
116.452 81.80190339019188
118.146 81.61247618860595
119.865 81.42057814106981
121.608 81.29123880142147
123.377 81.22641906198491
125.171 81.20413547659815
126.992 81.22135093758517
128.839 81.26007999878398
130.713 81.30130710635656
132.615 81.3220177064649
134.543 81.29824690678507
136.5 81.23793504580296
138.486 81.15409012351863
140.5 81.05171969377005
142.544 80.94379564888123
144.617 80.84833454269018
146.721 80.77029626752088
148.855 80.70670737721133
151.02 80.6595343179235
153.217 80.63577053581943
155.445 80.63543258473712
157.706 80.6614833570005
160.0 80.69992185260963
162.327 80.7407470715645
164.688 80.78293946002707
167.084 80.82848846415936
169.514 80.86340463779936
171.98 80.83664787327108
174.481 80.73624472441251
177.019 80.56215608354762
179.594 80.32037895067643
182.206 80.05091632579895
184.856 79.84974765507715
187.545 79.73985938467303
190.273 79.6752445145866
193.041 79.63788749097981
195.849 79.59478331385272
198.697 79.52794198320528
201.587 79.44232339136151
204.52 79.34690498448339
207.494 79.25672987024691
210.512 79.18372838713809
213.574 79.1359195351569
216.681 79.10527276046535
219.833 79.09579506306342
223.03 79.1064774429511
226.274 79.11628879245244
229.565 79.10922111156735
232.905 79.04625229261988
236.292 78.92041444328602
239.729 78.74664390205173
243.216 78.56494966891705
246.754 78.43130619004394
250.343 78.37571046543242
253.984 78.38315994124447
257.678 78.41662006364207
261.426 78.44008227878724
265.229 78.43752303284197
269.087 78.41693732580623
273.001 78.39531960384203
276.972 78.38264731311135
281.0 78.37791145361422
285.088 78.37406236383659
289.234 78.37313415145448
293.441 78.34608115495386
297.709 78.24989537433476
302.04 78.13353470192114
306.433 78.031031691551
310.89 77.96233723554833
315.412 77.97743578007511
320.0 78.02730577129337
324.655 78.02093965536508
329.377 77.95233243229023
334.168 77.83943899439284
339.028 77.74226434167284
343.959 77.72478036645427
348.962 77.78395551489912
354.038 77.86977623316936
359.188 77.929222967427
364.412 77.87429771767202
369.713 77.68394082239041
375.09 77.46817983542017
380.546 77.2829500952473
386.081 77.16525560187176
391.697 77.16505324761755
397.394 77.18635103248468
403.175 77.15509529495914
409.039 77.07429558887888
414.989 76.94589525272994
421.025 76.80690328651228
427.149 76.6842845825499
433.362 76.5960105870048
439.665 76.53142574603895
446.06 76.47341195197633
452.548 76.40464765097896
459.131 76.31511573537081
465.809 76.22244020515187
472.584 76.12466195264614
479.458 76.00585887017758
486.432 75.86469940390822
493.507 75.71207700000001
503.906 75.71207700000001
509.766 75.986877
515.625 76.246677
521.484 76.49207700000001
527.344 76.723577
533.203 76.94157700000001
539.062 77.14657700000001
544.922 77.338577
550.781 77.517877
556.641 77.684577
562.5 77.83877700000001
568.359 77.98047700000001
574.219 78.109677
580.078 78.226577
585.938 78.33117700000001
591.797 78.42357700000001
597.656 78.50407700000001
603.516 78.572677
609.375 78.62987700000001
615.234 78.675877
621.094 78.711077
626.953 78.735877
632.812 78.750877
638.672 78.756477
644.531 78.753377
650.391 78.74207700000001
656.25 78.72327700000001
662.109 78.69757700000001
667.969 78.665677
673.828 78.62817700000001
679.688 78.58577700000001
685.547 78.538877
691.406 78.488077
697.266 78.43387700000001
703.125 78.376577
708.984 78.316477
714.844 78.253777
720.703 78.188477
726.562 78.12087700000001
732.422 78.050577
738.281 77.97757700000001
744.141 77.901677
750.0 77.82257700000001
755.859 77.739877
761.719 77.653177
767.578 77.56227700000001
773.438 77.466677
779.297 77.366077
785.156 77.260177
791.016 77.148577
796.875 77.031177
802.734 76.907677
808.594 76.77807700000001
814.453 76.642277
820.312 76.500477
826.172 76.352677
832.031 76.19927700000001
837.891 75.95867700000001
843.75 75.875577
849.609 75.707177
855.469 75.534677
861.328 75.35857700000001
867.188 75.179377
873.047 74.997577
878.906 74.813777
884.766 74.628377
890.625 74.441877
896.484 74.25447700000001
902.344 74.066677
908.203 73.878377
914.062 73.689777
919.922 73.500877
925.781 73.31147700000001
931.641 73.121277
937.5 72.930177
943.359 72.737677
949.219 72.543377
955.078 72.34697700000001
960.938 72.148177
966.797 71.946577
972.656 71.741977
978.516 71.534177
984.375 71.32337700000001
990.234 71.109477
996.094 70.892977
1001.95 70.674277
1007.81 70.454177
1013.67 70.233377
1019.53 70.012977
1025.39 69.79427700000001
1031.25 69.578477
1037.11 69.367377
1042.97 69.162377
1048.83 68.965377
1054.69 68.777977
1060.55 68.601977
1066.41 68.43897700000001
1072.27 68.29047700000001
1078.12 68.157677
1083.98 68.041877
1089.84 67.943477
1095.7 67.86317700000001
1101.56 67.800977
1107.42 67.756477
1113.28 67.729177
1119.14 67.71807700000001
1125.0 67.722077
1130.86 67.739677
1136.72 67.76947700000001
1142.58 67.809577
1148.44 67.85857700000001
1154.3 67.914477
1160.16 67.97587700000001
1166.02 68.041177
1171.88 68.108877
1177.73 68.17787700000001
1183.59 68.247077
1189.45 68.315577
1195.31 68.382677
1201.17 68.447877
1207.03 68.51097700000001
1212.89 68.571777
1218.75 68.63037700000001
1224.61 68.68687700000001
1230.47 68.741777
1236.33 68.795277
1242.19 68.848077
1248.05 68.900377
1253.91 68.952977
1259.77 69.00617700000001
1265.62 69.060477
1271.48 69.116077
1277.34 69.173377
1283.2 69.232477
1289.06 69.293177
1294.92 69.35547700000001
1300.78 69.419177
1306.64 69.483777
1312.5 69.54897700000001
1318.36 69.61407700000001
1324.22 69.67867700000001
1330.08 69.74207700000001
1335.94 69.80377700000001
1341.8 69.86317700000001
1347.66 69.91977700000001
1353.52 69.973077
1359.38 70.022677
1365.23 70.068477
1371.09 70.109977
1376.95 70.147277
1382.81 70.180277
1388.67 70.20917700000001
1394.53 70.23397700000001
1400.39 70.25497700000001
1406.25 70.272677
1412.11 70.287277
1417.97 70.299277
1423.83 70.30927700000001
1429.69 70.317677
1435.55 70.32507700000001
1441.41 70.33197700000001
1447.27 70.33877700000001
1453.12 70.345977
1458.98 70.35387700000001
1464.84 70.362877
1470.7 70.372977
1476.56 70.384277
1482.42 70.396877
1488.28 70.410577
1494.14 70.424977
1500.0 70.439977
1505.86 70.45487700000001
1511.72 70.46937700000001
1517.58 70.482877
1523.44 70.49467700000001
1529.3 70.504377
1535.16 70.511177
1541.02 70.514577
1546.88 70.514177
1552.73 70.509277
1558.59 70.499677
1564.45 70.485077
1570.31 70.46517700000001
1576.17 70.439777
1582.03 70.40907700000001
1587.89 70.37307700000001
1593.75 70.331877
1599.61 70.285977
1605.47 70.235577
1611.33 70.181077
1617.19 70.123177
1623.05 70.06227700000001
1628.91 69.99897700000001
1634.77 69.93387700000001
1640.62 69.867577
1646.48 69.800577
1652.34 69.733377
1658.2 69.66637700000001
1664.06 69.599777
1669.92 69.53397700000001
1675.78 69.46897700000001
1681.64 69.40477700000001
1687.5 69.34137700000001
1693.36 69.278577
1699.22 69.216277
1705.08 69.153977
1710.94 69.091477
1716.8 69.02847700000001
1722.66 68.96467700000001
1728.52 68.899877
1734.38 68.833877
1740.23 68.766577
1746.09 68.697877
1751.95 68.627977
1757.81 68.557077
1763.67 68.485477
1769.53 68.413577
1775.39 68.341977
1781.25 68.271277
1787.11 68.202177
1792.97 68.13547700000001
1798.83 68.071877
1804.69 68.012277
1810.55 67.957277
1816.41 67.907577
1822.27 67.863777
1828.12 67.82637700000001
1833.98 67.795677
1839.84 67.77167700000001
1845.7 67.75447700000001
1851.56 67.743877
1857.42 67.73947700000001
1863.28 67.74077700000001
1869.14 67.74717700000001
1875.0 67.758077
1880.86 67.772577
1886.72 67.78997700000001
1892.58 67.809477
1898.44 67.830477
1904.3 67.852177
1910.16 67.87397700000001
1916.02 67.89537700000001
1921.88 67.916077
1927.73 67.935877
1933.59 67.95447700000001
1939.45 67.97197700000001
1945.31 67.988377
1951.17 68.003977
1957.03 68.018977
1962.89 68.033777
1968.75 68.048677
1974.61 68.064177
1980.47 68.080577
1986.33 68.098377
1992.19 68.117677
1998.05 68.13897700000001
2003.91 68.162177
2009.77 68.187477
2015.62 68.214877
2021.48 68.243977
2027.34 68.27467700000001
2033.2 68.306477
2039.06 68.338977
2044.92 68.371577
2050.78 68.403777
2056.64 68.435077
2062.5 68.46467700000001
2068.36 68.492277
2074.22 68.517077
2080.08 68.538877
2085.94 68.55717700000001
2091.8 68.571777
2097.66 68.582477
2103.52 68.589077
2109.38 68.59177700000001
2115.23 68.590677
2121.09 68.585977
2126.95 68.577877
2132.81 68.567077
2138.67 68.55377700000001
2144.53 68.538677
2150.39 68.522377
2156.25 68.505277
2162.11 68.48827700000001
2167.97 68.471777
2173.83 68.456377
2179.69 68.44247700000001
2185.55 68.430677
2191.41 68.421177
2197.27 68.414277
2203.12 68.409977
2208.98 68.408377
2214.84 68.409277
2220.7 68.412577
2226.56 68.417877
2232.42 68.424777
2238.28 68.432877
2244.14 68.44157700000001
2250.0 68.450277
2255.86 68.458577
2261.72 68.465777
2267.58 68.47147700000001
2273.44 68.47497700000001
2279.3 68.476077
2285.16 68.474277
2291.02 68.46937700000001
2296.88 68.460977
2302.73 68.449177
2308.59 68.43387700000001
2314.45 68.41507700000001
2320.31 68.392977
2326.17 68.367777
2332.03 68.339777
2337.89 68.309477
2343.75 68.27717700000001
2349.61 68.243277
2355.47 68.208477
2361.33 68.172977
2367.19 68.137377
2373.05 68.102177
2378.91 68.06747700000001
2384.77 68.033877
2390.62 68.001377
2396.48 67.970177
2402.34 67.940377
2408.2 67.911677
2414.06 67.88417700000001
2419.92 67.857377
2425.78 67.83107700000001
2431.64 67.804877
2437.5 67.778377
2443.36 67.750977
2449.22 67.722177
2455.08 67.691677
2460.94 67.65897700000001
2466.8 67.623677
2472.66 67.585277
2478.52 67.543777
2484.38 67.498677
2490.23 67.45007700000001
2496.09 67.39787700000001
2501.95 67.342177
2507.81 67.25147700000001
2513.67 67.18777700000001
2519.53 67.153977
2525.39 67.086577
2531.25 67.01697700000001
2537.11 66.945777
2542.97 66.873377
2548.83 66.80027700000001
2554.69 66.726777
2560.55 66.65347700000001
2566.41 66.580577
2572.27 66.508277
2578.12 66.437077
2583.98 66.366777
2589.84 66.297477
2595.7 66.229077
2601.56 66.161477
2607.42 66.094177
2613.28 66.026877
2619.14 65.95917700000001
2625.0 65.89057700000001
2630.86 65.82047700000001
2636.72 65.748377
2642.58 65.673677
2648.44 65.59607700000001
2654.3 65.514977
2660.16 65.430177
2666.02 65.341177
2671.88 65.247977
2677.73 65.150377
2683.59 65.048477
2689.45 64.94247700000001
2695.31 64.832677
2701.17 64.719277
2707.03 64.60297700000001
2712.89 64.484077
2718.75 64.363377
2724.61 64.241477
2730.47 64.118977
2736.33 63.996477
2742.19 63.874677000000005
2748.05 63.753977000000006
2753.91 63.63467700000001
2759.77 63.517177000000004
2765.62 63.401477
2771.48 63.287577
2777.34 63.175177000000005
2783.2 63.064077
2789.06 62.95357700000001
2794.92 62.84307700000001
2800.78 62.732077000000004
2806.64 62.619777
2812.5 62.50537700000001
2818.36 62.388177
2824.22 62.267577
2830.08 62.14317700000001
2835.94 62.01437700000001
2841.8 61.880977
2847.66 61.74287700000001
2853.52 61.600277000000006
2859.38 61.453377
2865.23 61.302677
2871.09 61.148977
2876.95 60.993177
2882.81 60.836177000000006
2888.67 60.67917700000001
2894.53 60.523677000000006
2900.39 60.370777000000004
2906.25 60.22197700000001
2912.11 60.078677
2917.97 59.94197700000001
2923.83 59.81317700000001
2929.69 59.69327700000001
2935.55 59.58287700000001
2941.41 59.482777
2947.27 59.393277
2953.12 59.314577
2958.98 59.246677000000005
2964.84 59.189277000000004
2970.7 59.142177000000004
2976.56 59.104977000000005
2982.42 59.077177000000006
2988.28 59.05847700000001
2994.14 59.048277
3000.0 59.046277
3005.86 59.05207700000001
3011.72 59.065477
3017.58 59.08627700000001
3023.44 59.114177
3029.3 59.149277
3035.16 59.19157700000001
3041.02 59.241077000000004
3046.88 59.29777700000001
3052.73 59.36187700000001
3058.59 59.43337700000001
3064.45 59.512377
3070.31 59.598877
3076.17 59.692977
3082.03 59.794377
3087.89 59.90307700000001
3093.75 60.01867700000001
3099.61 60.14067700000001
3105.47 60.268777
3111.33 60.402077000000006
3117.19 60.54007700000001
3123.05 60.681877
3128.91 60.82637700000001
3134.77 60.97277700000001
3140.62 61.119977000000006
3146.48 61.267077
3152.34 61.41287700000001
3158.2 61.556477
3164.06 61.69707700000001
3169.92 61.83367700000001
3175.78 61.965677
3181.64 62.092377
3187.5 62.21337700000001
3193.36 62.328377
3199.22 62.437077
3205.08 62.539377
3210.94 62.635377000000005
3216.8 62.72537700000001
3222.66 62.809577000000004
3228.52 62.888277
3234.38 62.96217700000001
3240.23 63.031777000000005
3246.09 63.097677000000004
3251.95 63.160577
3257.81 63.220977000000005
3263.67 63.27967700000001
3269.53 63.33717700000001
3275.39 63.393877
3281.25 63.45047700000001
3287.11 63.50707700000001
3292.97 63.563877000000005
3298.83 63.621077
3304.69 63.67867700000001
3310.55 63.73647700000001
3316.41 63.79427700000001
3322.27 63.85167700000001
3328.12 63.908277
3333.98 63.963677000000004
3339.84 64.01737700000001
3345.7 64.068877
3351.56 64.117577
3357.42 64.163177
3363.28 64.205177
3369.14 64.243177
3375.0 64.276977
3380.86 64.306377
3386.72 64.33117700000001
3392.58 64.351477
3398.44 64.367177
3404.3 64.37867700000001
3410.16 64.386077
3416.02 64.389877
3421.88 64.390277
3427.73 64.387877
3433.59 64.383077
3439.45 64.37647700000001
3445.31 64.368677
3451.17 64.36017700000001
3457.03 64.351377
3462.89 64.342777
3468.75 64.334677
3474.61 64.327377
3480.47 64.321177
3486.33 64.315977
3492.19 64.311777
3498.05 64.30847700000001
3503.91 64.305777
3509.77 64.303477
3515.62 64.300977
3521.48 64.297877
3527.34 64.293677
3533.2 64.28787700000001
3539.06 64.279877
3544.92 64.269277
3550.78 64.255677
3556.64 64.238577
3562.5 64.217877
3568.36 64.193177
3574.22 64.164377
3580.08 64.13157700000001
3585.94 64.09487700000001
3591.8 64.054477
3597.66 64.010777
3603.52 63.963977
3609.38 63.914677
3615.23 63.863477
3621.09 63.81097700000001
3626.95 63.757777000000004
3632.81 63.70447700000001
3638.67 63.65177700000001
3644.53 63.600177
3650.39 63.550077
3656.25 63.502077
3662.11 63.456277
3667.97 63.412977
3673.83 63.372077000000004
3679.69 63.33367700000001
3685.55 63.297377
3691.41 63.26297700000001
3697.27 63.23007700000001
3703.12 63.198077
3708.98 63.166477
3714.84 63.13467700000001
3720.7 63.102177
3726.56 63.068477
3732.42 63.033077000000006
3738.28 62.99547700000001
3744.14 62.955477
3750.0 62.91287700000001
3755.86 62.86747700000001
3761.72 62.819477000000006
3767.58 62.768877
3773.44 62.716177
3779.3 62.661677
3785.16 62.60587700000001
3791.02 62.549577
3796.88 62.493277000000006
3802.73 62.437977000000004
3808.59 62.384477000000004
3814.45 62.333377
3820.31 62.28567700000001
3826.17 62.24207700000001
3832.03 62.20317700000001
3837.89 62.169477
3843.75 62.14147700000001
3849.61 62.11927700000001
3855.47 62.103077
3861.33 62.092577000000006
3867.19 62.087677
3873.05 62.087777
3878.91 62.092377
3884.77 62.10077700000001
3890.62 62.112277000000006
3896.48 62.12607700000001
3902.34 62.141277
3908.2 62.157177000000004
3914.06 62.172877
3919.92 62.18777700000001
3925.78 62.201277000000005
3931.64 62.212877000000006
3937.5 62.222277000000005
3943.36 62.229077000000004
3949.22 62.233377000000004
3955.08 62.234977
3960.94 62.234177
3966.8 62.231177
3972.66 62.226377
3978.52 62.22027700000001
3984.38 62.213277000000005
3990.23 62.20607700000001
3996.09 62.199177000000006
4001.95 62.19327700000001
4007.81 62.188777
4013.67 62.186177
4019.53 62.18597700000001
4025.39 62.188377
4031.25 62.19367700000001
4037.11 62.20187700000001
4042.97 62.212877000000006
4048.83 62.226577000000006
4054.69 62.242577
4060.55 62.26047700000001
4066.41 62.279977
4072.27 62.300477
4078.12 62.321477
4083.98 62.342477
4089.84 62.362877
4095.7 62.382377000000005
4101.56 62.40047700000001
4107.42 62.416877
4113.28 62.431477
4119.14 62.44407700000001
4125.0 62.45487700000001
4130.86 62.46377700000001
4136.72 62.47107700000001
4142.58 62.477277
4148.44 62.48267700000001
4154.3 62.48777700000001
4160.16 62.493177
4166.02 62.499677000000005
4171.88 62.507777000000004
4177.73 62.52587700000001
4183.59 62.54127700000001
4189.45 62.560477000000006
4195.31 62.574177000000006
4201.17 62.600177
4207.03 62.630977
4212.89 62.66677700000001
4218.75 62.707577
4224.61 62.753377
4230.47 62.803877
4236.33 62.858777
4242.19 62.91757700000001
4248.05 62.979777
4253.91 63.044477
4259.77 63.111177
4265.62 63.178977
4271.48 63.247077000000004
4277.34 63.31477700000001
4283.2 63.38117700000001
4289.06 63.445677
4294.92 63.50747700000001
4300.78 63.566277
4306.64 63.62137700000001
4312.5 63.672477
4318.36 63.71937700000001
4324.22 63.761977
4330.08 63.800077
4335.94 63.833877
4341.8 63.863477
4347.66 63.88927700000001
4353.52 63.911377
4359.38 63.93037700000001
4365.23 63.946577000000005
4371.09 63.960577
4376.95 63.97277700000001
4382.81 63.983677
4388.67 63.993677000000005
4394.53 64.00327700000001
4400.39 64.012777
4406.25 64.02247700000001
4412.11 64.032477
4417.97 64.04297700000001
4423.83 64.053877
4429.69 64.065177
4435.55 64.076777
4441.41 64.088277
4447.27 64.09947700000001
4453.12 64.109977
4458.98 64.119477
4464.84 64.127477
4470.7 64.133577
4476.56 64.137377
4482.42 64.138677
4488.28 64.136977
4494.14 64.132177
4500.0 64.12397700000001
4505.86 64.112277
4511.72 64.097077
4517.58 64.078277
4523.44 64.056077
4529.3 64.030477
4535.16 64.001777
4541.02 63.97027700000001
4546.88 63.936177
4552.73 63.899777
4558.59 63.861377000000005
4564.45 63.821377
4570.31 63.780077000000006
4576.17 63.737577
4582.03 63.694377
4587.89 63.650377000000006
4593.75 63.60587700000001
4599.61 63.560877000000005
4605.47 63.515377
4611.33 63.469177
4617.19 63.42227700000001
4623.05 63.374477
4628.91 63.32547700000001
4634.77 63.27497700000001
4640.62 63.22287700000001
4646.48 63.168777000000006
4652.34 63.11237700000001
4658.2 63.053477
4664.06 62.991977000000006
4669.92 62.927677
4675.78 62.860477
4681.64 62.79047700000001
4687.5 62.717577000000006
4693.36 62.642177000000004
4699.22 62.564277000000004
4705.08 62.48437700000001
4710.94 62.402877000000004
4716.8 62.320177
4722.66 62.23687700000001
4728.52 62.153577
4734.38 62.07087700000001
4740.23 61.989377000000005
4746.09 61.909777000000005
4751.95 61.832677000000004
4757.81 61.758577
4763.67 61.68817700000001
4769.53 61.621677000000005
4775.39 61.559577000000004
4781.25 61.502077
4787.11 61.449377
4792.97 61.40137700000001
4798.83 61.35807700000001
4804.69 61.319277
4810.55 61.284677
4816.41 61.253877
4822.27 61.226477
4828.12 61.20187700000001
4833.98 61.17957700000001
4839.84 61.159177
4845.7 61.139877
4851.56 61.12137700000001
4857.42 61.103077
4863.28 61.08457700000001
4869.14 61.06567700000001
4875.0 61.04597700000001
4880.86 61.025377000000006
4886.72 61.003777
4892.58 60.981277000000006
4898.44 60.957977
4904.3 60.934177000000005
4910.16 60.909977
4916.02 60.88597700000001
4921.88 60.862577
4927.73 60.840277
4933.59 60.819677
4939.45 60.801277
4945.31 60.78577700000001
4951.17 60.773477
4957.03 60.76517700000001
4962.89 60.761077
4968.75 60.76177700000001
4974.61 60.767477
4980.47 60.77847700000001
4986.33 60.79477700000001
4992.19 60.816477000000006
4998.05 60.84347700000001
5003.91 60.875777
5009.77 60.91287700000001
5015.62 60.954677000000004
5021.48 61.00067700000001
5027.34 61.050577000000004
5033.2 61.10387700000001
5039.06 61.160077
5044.92 61.218877000000006
5050.78 61.27967700000001
5056.64 61.342077
5062.5 61.405877000000004
5068.36 61.470477
5074.22 61.53577700000001
5080.08 61.601477
5085.94 61.667377
5091.8 61.733277
5097.66 61.799277000000004
5103.52 61.865277000000006
5109.38 61.931077
5115.23 61.996977
5121.09 62.062977000000004
5126.95 62.12907700000001
5132.81 62.195277000000004
5138.67 62.261677000000006
5144.53 62.328377
5150.39 62.39527700000001
5156.25 62.462377000000004
5162.11 62.529477
5167.97 62.59657700000001
5173.83 62.66337700000001
5179.69 62.729577000000006
5185.55 62.794877
5191.41 62.859077
5197.27 62.921777000000006
5203.12 62.982477
5208.98 63.04087700000001
5214.84 63.096677
5220.7 63.149477000000005
5226.56 63.19887700000001
5232.42 63.24457700000001
5238.28 63.28657700000001
5244.14 63.324477
5250.0 63.358377000000004
5255.86 63.38807700000001
5261.72 63.41367700000001
5267.58 63.435377
5273.44 63.45317700000001
5279.3 63.467377
5285.16 63.47837700000001
5291.02 63.486277
5296.88 63.49167700000001
5302.73 63.49467700000001
5308.59 63.49597700000001
5314.45 63.495677
5320.31 63.494377
5326.17 63.492277
5332.03 63.489677
5337.89 63.48697700000001
5343.75 63.484277000000006
5349.61 63.481677000000005
5355.47 63.479477
5361.33 63.47747700000001
5367.19 63.47587700000001
5373.05 63.47447700000001
5378.91 63.47327700000001
5384.77 63.472077
5390.62 63.470577000000006
5396.48 63.468777
5402.34 63.46637700000001
5408.2 63.463277000000005
5414.06 63.45907700000001
5419.92 63.453777
5425.78 63.44707700000001
5431.64 63.43897700000001
5437.5 63.42917700000001
5443.36 63.417777
5449.22 63.40467700000001
5455.08 63.38977700000001
5460.94 63.373177
5466.8 63.354777
5472.66 63.33457700000001
5478.52 63.31277700000001
5484.38 63.28917700000001
5490.23 63.26397700000001
5496.09 63.237077
5501.95 63.208577000000005
5507.81 63.17827700000001
5513.67 63.146077000000005
5519.53 63.112077
5525.39 63.076077
5531.25 63.037777000000006
5537.11 62.99717700000001
5542.97 62.95397700000001
5548.83 62.908077000000006
5554.69 62.859177
5560.55 62.80707700000001
5566.41 62.751677
5572.27 62.69277700000001
5578.12 62.63037700000001
5583.98 62.564277000000004
5589.84 62.49467700000001
5595.7 62.42147700000001
5601.56 62.34487700000001
5607.42 62.265077000000005
5613.28 62.182477000000006
5619.14 62.09737700000001
5625.0 62.010277
5630.86 61.921577
5636.72 61.832077
5642.58 61.742177
5648.44 61.65257700000001
5654.3 61.564077
5660.16 61.477177
5666.02 61.39277700000001
5671.88 61.31137700000001
5677.73 61.233677
5683.59 61.160077
5689.45 61.091177
5695.31 61.027377
5701.17 60.968877000000006
5707.03 60.91587700000001
5712.89 60.868477
5718.75 60.82677700000001
5724.61 60.79047700000001
5730.47 60.75957700000001
5736.33 60.733677
5742.19 60.71247700000001
5748.05 60.695577
5753.91 60.68257700000001
5759.77 60.673077000000006
5765.62 60.666477
5771.48 60.662577
5777.34 60.66067700000001
5783.2 60.660477
5789.06 60.661777
5794.92 60.663977
5800.78 60.667077000000006
5806.64 60.670777
5812.5 60.675077
5818.36 60.679777
5824.22 60.684977
5830.08 60.69067700000001
5835.94 60.69707700000001
5841.8 60.70437700000001
5847.66 60.712777
5853.52 60.72887700000001
5859.38 60.74117700000001
5865.23 60.75537700000001
5871.09 60.76477700000001
5876.95 60.782177000000004
5882.81 60.801877000000005
5888.67 60.82377700000001
5894.53 60.847977
5900.39 60.87437700000001
5906.25 60.902777
5912.11 60.93297700000001
5917.97 60.964577000000006
5923.83 60.99727700000001
5929.69 61.030677
5935.55 61.064277000000004
5941.41 61.097477
5947.27 61.12997700000001
5953.12 61.16117700000001
5958.98 61.190577000000005
5964.84 61.21767700000001
5970.7 61.24207700000001
5976.56 61.263577
5982.42 61.281677
5988.28 61.296177
5994.14 61.306977
6000.0 61.313877000000005
6005.86 61.31697700000001
6011.72 61.31617700000001
6017.58 61.311577
6023.44 61.303477
6029.3 61.291877
6035.16 61.27717700000001
6041.02 61.259377
6046.88 61.238777
6052.73 61.215677
6058.59 61.190177000000006
6064.45 61.16247700000001
6070.31 61.132677
6076.17 61.10077700000001
6082.03 61.066677
6087.89 61.030477000000005
6093.75 60.991877
6099.61 60.950777
6105.47 60.906677
6111.33 60.859477
6117.19 60.808577
6123.05 60.75367700000001
6128.91 60.694477000000006
6134.77 60.63037700000001
6140.62 60.56097700000001
6146.48 60.48607700000001
6152.34 60.40517700000001
6158.2 60.318177000000006
6164.06 60.224777
6169.92 60.12477700000001
6175.78 60.018277
6181.64 59.905377
6187.5 59.785977
6193.36 59.660477
6199.22 59.529177000000004
6205.08 59.39227700000001
6210.94 59.250377
6216.8 59.10387700000001
6222.66 58.95317700000001
6228.52 58.798877000000005
6234.38 58.641377000000006
6240.23 58.481177
6246.09 58.318777
6251.95 58.154477
6257.81 57.988477
6263.67 57.821177000000006
6269.53 57.652477000000005
6275.39 57.482577000000006
6281.25 57.31137700000001
6287.11 57.138777000000005
6292.97 56.964477
6298.83 56.78827700000001
6304.69 56.609877
6310.55 56.428977
6316.41 56.245277
6322.27 56.05837700000001
6328.12 55.868177
6333.98 55.674277000000004
6339.84 55.476777
6345.7 55.275377000000006
6351.56 55.07037700000001
6357.42 54.86187700000001
6363.28 54.650177
6369.14 54.435677
6375.0 54.218877000000006
6380.86 54.000477000000004
6386.72 53.781277
6392.58 53.562077
6398.44 53.343877000000006
6404.3 53.127577
6410.16 52.914277
6416.02 52.70487700000001
6421.88 52.500477000000004
6427.73 52.301977
6433.59 52.11017700000001
6439.45 51.925777000000004
6445.31 51.749377
6451.17 51.58147700000001
6457.03 51.422177000000005
6462.89 51.271877
6468.75 51.13027700000001
6474.61 50.99717700000001
6480.47 50.872477
6486.33 50.755677000000006
6492.19 50.646377
6498.05 50.543877
6503.91 50.447877000000005
6509.77 50.357577000000006
6515.62 50.272777000000005
6521.48 50.19277700000001
6527.34 50.117277
6533.2 50.045877000000004
6539.06 49.978377
6544.92 49.914477000000005
6550.78 49.854077000000004
6556.64 49.797077
6562.5 49.743577
6568.36 49.693577000000005
6574.22 49.647177000000006
6580.08 49.604677
6585.94 49.566377
6591.8 49.532577
6597.66 49.503477000000004
6603.52 49.479677
6609.38 49.461577000000005
6615.23 49.449377000000005
6621.09 49.443477
6626.95 49.44427700000001
6632.81 49.451677000000004
6638.67 49.465877000000006
6644.53 49.48667700000001
6650.39 49.513777000000005
6656.25 49.546777000000006
6662.11 49.584777
6667.97 49.62707700000001
6673.83 49.672577000000004
6679.69 49.720277
6685.55 49.768877
6691.41 49.817077000000005
6697.27 49.863677
6703.12 49.90727700000001
6708.98 49.946777000000004
6714.84 49.980977
6720.7 50.009077000000005
6726.56 50.030177
6732.42 50.043677
6738.28 50.049277000000004
6744.14 50.046777000000006
6750.0 50.036177
6755.86 50.017777
6761.72 49.992077
6767.58 49.959777
6773.44 49.921877
6779.3 49.879477
6785.16 49.833777000000005
6791.02 49.786377
6796.88 49.738877
6802.73 49.692877
6808.59 49.650177000000006
6814.45 49.612477000000005
6820.31 49.581377
6826.17 49.558677
6832.03 49.545777
6837.89 49.543777000000006
6843.75 49.553977
6849.61 49.576877
6855.47 49.61317700000001
6861.33 49.662877
6867.19 49.725877000000004
6873.05 49.801677000000005
6878.91 49.889577
6884.77 49.988677
6890.62 50.09777700000001
6896.48 50.21547700000001
6902.34 50.34047700000001
6908.2 50.471177000000004
6914.06 50.606177
6919.92 50.743977
6925.78 50.883377
6931.64 51.022977000000004
6937.5 51.161777
6943.36 51.298677000000005
6949.22 51.433077000000004
6955.08 51.564177
6960.94 51.691777
6966.8 51.815477
6972.66 51.935277000000006
6978.52 52.051277000000006
6984.38 52.163777
6990.23 52.272977000000004
6996.09 52.379577000000005
7001.95 52.484077
7007.81 52.58707700000001
7013.67 52.68937700000001
7019.53 52.791577000000004
7025.39 52.894377000000006
7031.25 52.998377000000005
7037.11 53.10417700000001
7042.97 53.21207700000001
7048.83 53.322377
7054.69 53.435277
7060.55 53.55077700000001
7066.41 53.668777000000006
7072.27 53.78877700000001
7078.12 53.91037700000001
7083.98 54.03317700000001
7089.84 54.156277
7095.7 54.278977
7101.56 54.40047700000001
7107.42 54.520077
7113.28 54.63677700000001
7119.14 54.749877
7125.0 54.858677
7130.86 54.96257700000001
7136.72 55.06097700000001
7142.58 55.153577
7148.44 55.23997700000001
7154.3 55.320077
7160.16 55.393877
7166.02 55.461377
7171.88 55.523077
7177.73 55.579177
7183.59 55.63027700000001
7189.45 55.67697700000001
7195.31 55.719977
7201.17 55.759977000000006
7207.03 55.797877
7212.89 55.83447700000001
7218.75 55.870677
7224.61 55.907177000000004
7230.47 55.944677
7236.33 55.984077
7242.19 56.025677
7248.05 56.070077
7253.91 56.117577
7259.77 56.16837700000001
7265.62 56.222477
7271.48 56.27977700000001
7277.34 56.34007700000001
7283.2 56.40307700000001
7289.06 56.468377000000004
7294.92 56.535477
7300.78 56.60387700000001
7306.64 56.672977
7312.5 56.742177
7318.36 56.81097700000001
7324.22 56.878777
7330.08 56.945177
7335.94 57.009777
7341.8 57.07217700000001
7347.66 57.132177
7353.52 57.18947700000001
7359.38 57.24417700000001
7365.23 57.296177
7371.09 57.34567700000001
7376.95 57.39277700000001
7382.81 57.43767700000001
7388.67 57.48087700000001
7394.53 57.522577
7400.39 57.563277
7406.25 57.603477
7412.11 57.643477000000004
7417.97 57.683677
7423.83 57.72457700000001
7429.69 57.76647700000001
7435.55 57.809577000000004
7441.41 57.85417700000001
7447.27 57.900177
7453.12 57.947677
7458.98 57.996677000000005
7464.84 58.04687700000001
7470.7 58.09787700000001
7476.56 58.14957700000001
7482.42 58.20147700000001
7488.28 58.252977
7494.14 58.30377700000001
7500.0 58.35337700000001
7505.86 58.40127700000001
7511.72 58.446977000000004
7517.58 58.490277000000006
7523.44 58.547077
7529.3 58.582677000000004
7535.16 58.615077
7541.02 58.644277
7546.88 58.65477700000001
7552.73 58.679377
7558.59 58.701077
7564.45 58.72017700000001
7570.31 58.737077
7576.17 58.75187700000001
7582.03 58.765277
7587.89 58.777477000000005
7593.75 58.789077000000006
7599.61 58.800477
7605.47 58.811977
7611.33 58.824077
7617.19 58.83707700000001
7623.05 58.851077000000004
7628.91 58.866377
7634.77 58.883077
7640.62 58.900977
7646.48 58.92017700000001
7652.34 58.94027700000001
7658.2 58.961177000000006
7664.06 58.982477
7669.92 59.00367700000001
7675.78 59.024477000000005
7681.64 59.04427700000001
7687.5 59.062577000000005
7693.36 59.07897700000001
7699.22 59.092977000000005
7705.08 59.10417700000001
7710.94 59.112077
7716.8 59.11657700000001
7722.66 59.117277
7728.52 59.113977000000006
7734.38 59.106877
7740.23 59.09567700000001
7746.09 59.080777
7751.95 59.062177000000005
7757.81 59.040277
7763.67 59.015377
7769.53 58.987877
7775.39 58.958177000000006
7781.25 58.926877000000005
7787.11 58.894277
7792.97 58.860977000000005
7798.83 58.827377
7804.69 58.79387700000001
7810.55 58.76087700000001
7816.41 58.728577
7822.27 58.69717700000001
7828.12 58.66677700000001
7833.98 58.63757700000001
7839.84 58.60937700000001
7845.7 58.582077
7851.56 58.555677
7857.42 58.52967700000001
7863.28 58.503977000000006
7869.14 58.47837700000001
7875.0 58.452377
7880.86 58.425877
7886.72 58.398577
7892.58 58.370177
7898.44 58.340677
7904.3 58.309877
7910.16 58.277777
7916.02 58.244377
7921.88 58.209777
7927.73 58.174277000000004
7933.59 58.13807700000001
7939.45 58.101477
7945.31 58.06477700000001
7951.17 58.028377000000006
7957.03 57.992777000000004
7962.89 57.95827700000001
7968.75 57.925377
7974.61 57.89447700000001
7980.47 57.865977
7986.33 57.839977000000005
7992.19 57.816877000000005
7998.05 57.796677
8003.91 57.779577
8009.77 57.765377
8015.62 57.753977000000006
8021.48 57.745177
8027.34 57.73857700000001
8033.2 57.733777
8039.06 57.730377000000004
8044.92 57.727777
8050.78 57.72537700000001
8056.64 57.722677000000004
8062.5 57.719077
8068.36 57.714077
8074.22 57.707177
8080.08 57.697877000000005
8085.94 57.685877000000005
8091.8 57.67097700000001
8097.66 57.652877000000004
8103.52 57.631777
8109.38 57.607577000000006
8115.23 57.580477
8121.09 57.550877
8126.95 57.51907700000001
8132.81 57.48567700000001
8138.67 57.451177
8144.53 57.41637700000001
8150.39 57.381877
8156.25 57.34827700000001
8162.11 57.31657700000001
8167.97 57.287177
8173.83 57.26097700000001
8179.69 57.238377
8185.55 57.219977
8191.41 57.20607700000001
8197.27 57.19707700000001
8203.12 57.192977
8208.98 57.193777
8214.84 57.199477
8220.7 57.209777
8226.56 57.224177
8232.42 57.24247700000001
8238.28 57.26387700000001
8244.14 57.287977
8250.0 57.31397700000001
8255.86 57.34137700000001
8261.72 57.369377
8267.58 57.39747700000001
8273.44 57.424977
8279.3 57.45147700000001
8285.16 57.476477
8291.02 57.499577
8296.88 57.520677000000006
8302.73 57.539477000000005
8308.59 57.555977
8314.45 57.570277000000004
8320.31 57.582477
8326.17 57.592877
8332.03 57.60167700000001
8337.89 57.609277000000006
8343.75 57.61617700000001
8349.61 57.62267700000001
8355.47 57.629177
8361.33 57.636077
8367.19 57.64367700000001
8373.05 57.652377
8378.91 57.662177
8384.77 57.67317700000001
8390.62 57.685377
8396.48 57.698677
8402.34 57.712677
8408.2 57.72707700000001
8414.06 57.741477
8419.92 57.755177
8425.78 57.76777700000001
8431.64 57.77847700000001
8437.5 57.786777
8443.36 57.791977
8449.22 57.793577
8455.08 57.79087700000001
8460.94 57.78357700000001
8466.8 57.77117700000001
8472.66 57.75357700000001
8478.52 57.73047700000001
8484.38 57.70187700000001
8490.23 57.66797700000001
8496.09 57.628877
8501.95 57.585077
8507.81 57.536877000000004
8513.67 57.484877
8519.53 57.429677
8525.39 57.372077000000004
8531.25 57.31267700000001
8537.11 57.25237700000001
8542.97 57.191777
8548.83 57.13157700000001
8554.69 57.072377
8560.55 57.014877
8566.41 56.959277
8572.27 56.90607700000001
8578.12 56.855277
8583.98 56.806877
8589.84 56.760777000000004
8595.7 56.716677000000004
8601.56 56.674177
8607.42 56.632577
8613.28 56.59137700000001
8619.14 56.54987700000001
8625.0 56.507177
8630.86 56.46257700000001
8636.72 56.415277
8642.58 56.36457700000001
8648.44 56.30977700000001
8654.3 56.250377
8660.16 56.185777
8666.02 56.11577700000001
8671.88 56.04007700000001
8677.73 55.95867700000001
8683.59 55.871577
8689.45 55.778977
8695.31 55.68127700000001
8701.17 55.57897700000001
8707.03 55.472577
8712.89 55.36277700000001
8718.75 55.250477000000004
8724.61 55.136177
8730.47 55.020877
8736.33 54.905277
8742.19 54.79007700000001
8748.05 54.675977
8753.91 54.563377
8759.77 54.45267700000001
8765.62 54.344177
8771.48 54.237977
8777.34 54.133877
8783.2 54.031777000000005
8789.06 53.931077
8794.92 53.83147700000001
8800.78 53.73227700000001
8806.64 53.632777000000004
8812.5 53.532177000000004
8818.36 53.429877000000005
8824.22 53.32517700000001
8830.08 53.217377
8835.94 53.10587700000001
8841.8 52.990277000000006
8847.66 52.870177
8853.52 52.745577
8859.38 52.61627700000001
8865.23 52.482477
8871.09 52.344577
8876.95 52.20307700000001
8882.81 52.05857700000001
8888.67 51.91197700000001
8894.53 51.76427700000001
8900.39 51.61657700000001
8906.25 51.469877000000004
8912.11 51.325677000000006
8917.97 51.18507700000001
8923.83 51.04937700000001
8929.69 50.91967700000001
8935.55 50.797177000000005
8941.41 50.682777
8947.27 50.577077
8953.12 50.480577000000004
8958.98 50.393677000000004
8964.84 50.316377
8970.7 50.248277
8976.56 50.188977
8982.42 50.137677000000004
8988.28 50.093577
8994.14 50.05537700000001
9000.0 50.02197700000001
9005.86 49.991977000000006
9011.72 49.964077
9017.58 49.936877
9023.44 49.909077
9029.3 49.879377000000005
9035.16 49.846777
9041.02 49.810177
9046.88 49.76877700000001
9052.73 49.721977
9058.59 49.669277
9064.45 49.61037700000001
9070.31 49.545177
9076.17 49.473877
9082.03 49.396677000000004
9087.89 49.314077000000005
9093.75 49.226777000000006
9099.61 49.135477
9105.47 49.040977000000005
9111.33 48.944377
9117.19 48.84647700000001
9123.05 48.748277
9128.91 48.650677
9134.77 48.554377
9140.62 48.459977
9146.48 48.367977
9152.34 48.278577000000006
9158.2 48.191677000000006
9164.06 48.10697700000001
9169.92 48.023977
9175.78 47.941777
9181.64 47.859477000000005
9187.5 47.775877
9193.36 47.64057700000001
9199.22 47.546277
9205.08 47.445677
9210.94 47.33747700000001
9216.8 47.220477
9222.66 47.147077
9228.52 47.013777000000005
9234.38 46.86937700000001
9240.23 46.713177
9246.09 46.545077000000006
9251.95 46.364777000000004
9257.81 46.17287700000001
9263.67 45.969677000000004
9269.53 45.756477000000004
9275.39 45.534577000000006
9281.25 45.305777000000006
9287.11 45.072177
9292.97 44.836477
9298.83 44.601577000000006
9304.69 44.370577000000004
9310.55 44.147077
9316.41 43.934777000000004
9322.27 43.737277000000006
9328.12 43.558277000000004
9333.98 43.40127700000001
9339.84 43.269577000000005
9345.7 43.165877
9351.56 43.092577000000006
9357.42 43.051277000000006
9363.28 43.043077000000004
9369.14 43.068177000000006
9375.0 43.126177000000006
9380.86 43.215977
9386.72 43.33577700000001
9392.58 43.483177000000005
9398.44 43.655277000000005
9404.3 43.848877
9410.16 44.060577
9416.02 44.286777
9421.88 44.523877000000006
9427.73 44.768477000000004
9433.59 45.01727700000001
9439.45 45.267577
9445.31 45.516677
9451.17 45.762377
9457.03 46.003177
9462.89 46.237477000000005
9468.75 46.464577000000006
9474.61 46.683977000000006
9480.47 46.895377
9486.33 47.099077
9492.19 47.295477000000005
9498.05 47.48517700000001
9503.91 47.669277
9509.77 47.848477
9515.62 48.023977
9521.48 48.196777000000004
9527.34 48.367977
9533.2 48.53847700000001
9539.06 48.708877
9544.92 48.879977000000004
9550.78 49.051977
9556.64 49.225177
9562.5 49.399277000000005
9568.36 49.574177000000006
9574.22 49.74907700000001
9580.08 49.923277000000006
9585.94 50.095877
9591.8 50.265677000000004
9597.66 50.431577000000004
9603.52 50.592377000000006
9609.38 50.746677000000005
9615.23 50.893377
9621.09 51.031277
9626.95 51.159377000000006
9632.81 51.276777
9638.67 51.382777000000004
9644.53 51.476777000000006
9650.39 51.558477
9656.25 51.627877000000005
9662.11 51.684777000000004
9667.97 51.729677
9673.83 51.763077
9679.69 51.78567700000001
9685.55 51.798277000000006
9691.41 51.801977
9697.27 51.79787700000001
9703.12 51.78717700000001
9708.98 51.771277000000005
9714.84 51.751377000000005
9720.7 51.728777
9726.56 51.70457700000001
9732.42 51.679777
9738.28 51.655177
9744.14 51.631477000000004
9750.0 51.609077000000006
9755.86 51.587977
9761.72 51.568077
9767.58 51.548977
9773.44 51.530177
9779.3 51.510677
9785.16 51.489577000000004
9791.02 51.46567700000001
9796.88 51.43787700000001
9802.73 51.404777
9808.59 51.365177
9814.45 51.317977000000006
9820.31 51.262077000000005
9826.17 51.196477
9832.03 51.120477
9837.89 51.033477000000005
9843.75 50.935177
9849.61 50.82547700000001
9855.47 50.704477000000004
9861.33 50.572577
9867.19 50.430477
9873.05 50.278977000000005
9878.91 50.119277000000004
9884.77 49.952677
9890.62 49.780677000000004
9896.48 49.604977000000005
9902.34 49.42737700000001
9908.2 49.249877000000005
9914.06 49.074577000000005
9919.92 48.903277
9925.78 48.73817700000001
9931.64 48.580977000000004
9937.5 48.433677
9943.36 48.29767700000001
9949.22 48.174577000000006
9955.08 48.065277
9960.94 47.970877
9966.8 47.891977000000004
9972.66 47.828677000000006
9978.52 47.781277
9984.38 47.749277000000006
9990.23 47.73237700000001
9996.09 47.729677
10002.0 47.740377
10007.8 47.763377000000006
10013.7 47.79747700000001
10019.5 47.841377
10025.4 47.893877
10031.2 47.953777
10037.1 48.019677
10043.0 48.09067700000001
10048.8 48.165577000000006
10054.7 48.243477000000006
10060.5 48.32377700000001
10066.4 48.405677000000004
10072.3 48.488977000000006
10078.1 48.573277000000004
10084.0 48.658477000000005
10089.8 48.74457700000001
10095.7 48.831877000000006
10101.6 48.920577
10107.4 49.01107700000001
10113.3 49.103777
10119.1 49.199077
10125.0 49.29747700000001
10130.9 49.399477000000005
10136.7 49.50527700000001
10142.6 49.615277000000006
10148.4 49.729477
10154.3 49.848077
10160.2 49.970877
10166.0 50.097677000000004
10171.9 50.228077000000006
10177.7 50.361577000000004
10183.6 50.49757700000001
10189.5 50.635377000000005
10195.3 50.774077000000005
10201.2 50.913077
10207.0 51.051277000000006
10212.9 51.187977000000004
10218.8 51.322177
10224.6 51.45327700000001
10230.5 51.580577000000005
10236.3 51.70327700000001
10242.2 51.820977000000006
10248.0 51.933277000000004
10253.9 52.039777
10259.8 52.140277000000005
10265.6 52.234777
10271.5 52.323077000000005
10277.3 52.405477000000005
10283.2 52.481877
10289.1 52.552677
10294.9 52.61797700000001
10300.8 52.678177000000005
10306.6 52.73347700000001
10312.5 52.784177
10318.4 52.830477
10324.2 52.87267700000001
10330.1 52.910877
10335.9 52.945177
10341.8 52.975577
10347.7 53.00227700000001
10353.5 53.02497700000001
10359.4 53.043777000000006
10365.2 53.05837700000001
10371.1 53.068577000000005
10377.0 53.074077
10382.8 53.074877
10388.7 53.07047700000001
10394.5 53.060877000000005
10400.4 53.045777
10406.2 53.02507700000001
10412.1 52.998777000000004
10418.0 52.966677000000004
10423.8 52.92907700000001
10429.7 52.886077
10435.5 52.83797700000001
10441.4 52.785077
10447.3 52.727777
10453.1 52.66667700000001
10459.0 52.602377000000004
10464.8 52.535477
10470.7 52.466677000000004
10476.6 52.39657700000001
10482.4 52.325977
10488.3 52.255677000000006
10494.1 52.186077000000004
10500.0 52.11787700000001
10505.9 52.051677000000005
10511.7 51.987777
10517.6 51.926577
10523.4 51.868377
10529.3 51.81307700000001
10535.2 51.760977000000004
10541.0 51.711677
10546.9 51.665277
10552.7 51.621277000000006
10558.6 51.579477000000004
10564.5 51.539577
10570.3 51.500977000000006
10576.2 51.463277000000005
10582.0 51.426277000000006
10587.9 51.38927700000001
10593.8 51.352177000000005
10599.6 51.314477000000004
10605.5 51.276077
10611.3 51.236777000000004
10617.2 51.196377000000005
10623.0 51.154977
10628.9 51.112677000000005
10634.8 51.069577
10640.6 51.025877
10646.5 50.981877000000004
10652.3 50.937977000000004
10658.2 50.894477
10664.1 50.851977000000005
10669.9 50.810777
10675.8 50.771377
10681.6 50.734377
10687.5 50.699977000000004
10693.4 50.668677
10699.2 50.64077700000001
10705.1 50.616677
10710.9 50.596377000000004
10716.8 50.580177000000006
10722.7 50.567977000000006
10728.5 50.559977
10734.4 50.555777000000006
10740.2 50.555477
10746.1 50.558677
10752.0 50.565177000000006
10757.8 50.574577000000005
10763.7 50.586677
10769.5 50.601077000000004
10775.4 50.617377000000005
10781.2 50.635377000000005
10787.1 50.654777
10793.0 50.675277
10798.8 50.696677
10804.7 50.718877000000006
10810.5 50.741877
10816.4 50.765477000000004
10822.3 50.789777
10828.1 50.81477700000001
10834.0 50.840777
10839.8 50.867777000000004
10845.7 50.895977
10851.6 50.925577000000004
10857.4 50.956677000000006
10863.3 51.008677000000006
10869.1 51.044277
10875.0 51.081677000000006
10880.9 51.12087700000001
10886.7 51.161777
10892.6 51.204177
10898.4 51.247977000000006
10904.3 51.27157700000001
10910.2 51.316477000000006
10916.0 51.361777000000004
10921.9 51.407177000000004
10927.7 51.452177000000006
10933.6 51.496477000000006
10939.5 51.539577
10945.3 51.580877
10951.2 51.620077
10957.0 51.656777000000005
10962.9 51.690477
10968.8 51.720877
10974.6 51.747777000000006
10980.5 51.770977
10986.3 51.79037700000001
10992.2 51.805977000000006
10998.0 51.817677
11003.9 51.825777
11009.8 51.830377000000006
11015.6 51.831677000000006
11021.5 51.830077
11027.3 51.825877000000006
11033.2 51.819477000000006
11039.1 51.811177
11044.9 51.801377
11050.8 51.790577000000006
11056.6 51.778877
11062.5 51.766577000000005
11068.4 51.753977000000006
11074.2 51.74117700000001
11080.1 51.728277000000006
11085.9 51.715177000000004
11091.8 51.70177700000001
11097.7 51.68807700000001
11103.5 51.673677000000005
11109.4 51.658277000000005
11115.2 51.641677
11121.1 51.623477
11127.0 51.603277000000006
11132.8 51.580777000000005
11138.7 51.555477
11144.5 51.527277000000005
11150.4 51.49567700000001
11156.2 51.460677000000004
11162.1 51.422177000000005
11168.0 51.379977000000004
11173.8 51.334177000000004
11179.7 51.285077
11185.5 51.232677
11191.4 51.17757700000001
11197.3 51.120077
11203.1 51.060677000000005
11209.0 50.999977
11214.8 50.938577
11220.7 50.87707700000001
11226.6 50.816177
11232.4 50.75657700000001
11238.3 50.698877
11244.1 50.64357700000001
11250.0 50.591377
11255.9 50.542577
11261.7 50.497677
11267.6 50.456877000000006
11273.4 50.420377
11279.3 50.388277
11285.2 50.360477
11291.0 50.336977000000005
11296.9 50.31757700000001
11302.7 50.301877000000005
11308.6 50.289777
11314.5 50.280677000000004
11320.3 50.274377
11326.2 50.270377
11332.0 50.268277000000005
11337.9 50.267877000000006
11343.8 50.268877
11349.6 50.270877000000006
11355.5 50.273777
11361.3 50.277577
11367.2 50.28227700000001
11373.0 50.287877
11378.9 50.294577000000004
11384.8 50.302677
11390.6 50.312477
11396.5 50.324277
11402.3 50.338577
11408.2 50.355777
11414.1 50.376277
11419.9 50.400577000000006
11425.8 50.42907700000001
11431.6 50.461977000000005
11437.5 50.499577
11443.4 50.541977
11449.2 50.589277
11455.1 50.641277
11460.9 50.697977
11466.8 50.758777
11472.7 50.82337700000001
11478.5 50.891177000000006
11484.4 50.961477
11490.2 51.033477000000005
11496.1 51.106277000000006
11502.0 51.179177
11507.8 51.251177000000006
11513.7 51.321377000000005
11519.5 51.388877
11525.4 51.452877
11531.2 51.51257700000001
11537.1 51.56737700000001
11543.0 51.616677
11548.8 51.660077
11554.7 51.69727700000001
11560.5 51.728077000000006
11566.4 51.752477000000006
11572.3 51.770677000000006
11578.1 51.782877000000006
11584.0 51.789477000000005
11589.8 51.790977000000005
11595.7 51.787877
11601.6 51.78097700000001
11607.4 51.770877000000006
11613.3 51.758377
11619.1 51.744077000000004
11625.0 51.728777
11630.9 51.712977
11636.7 51.697377
11642.6 51.682277000000006
11648.4 51.66817700000001
11654.3 51.655077000000006
11660.2 51.643077000000005
11666.0 51.632177000000006
11671.9 51.622277000000004
11677.7 51.612877000000005
11683.6 51.603677000000005
11689.5 51.594177
11695.3 51.583777000000005
11701.2 51.57187700000001
11707.0 51.557877000000005
11712.9 51.541277
11718.8 51.521377
11724.6 51.497777000000006
11730.5 51.470077
11736.3 51.43787700000001
11742.2 51.401077
11748.0 51.359577
11753.9 51.313477000000006
11759.8 51.26297700000001
11765.6 51.208277
11771.5 51.14977700000001
11777.3 51.088077000000006
11783.2 51.023777
11789.1 50.957477000000004
11794.9 50.889777
11800.8 50.821377000000005
11806.6 50.752877000000005
11812.5 50.68487700000001
11818.4 50.61787700000001
11824.2 50.55237700000001
11830.1 50.488477
11835.9 50.426577
11841.8 50.366477
11847.7 50.308077000000004
11853.5 50.251277
11859.4 50.19557700000001
11865.2 50.140377
11871.1 50.085077000000005
11877.0 50.029077
11882.8 49.971577
11888.7 49.911577
11894.5 49.848377000000006
11900.4 49.781277
11906.2 49.709377
11912.1 49.632077
11918.0 49.548777
11923.8 49.459177000000004
11929.7 49.362877000000005
11935.5 49.25977700000001
11941.4 49.14997700000001
11947.3 49.03377700000001
11953.1 48.911477000000005
11959.0 48.78377700000001
11964.8 48.65147700000001
11970.7 48.515477000000004
11976.6 48.37687700000001
11982.4 48.23667700000001
11988.3 48.09627700000001
11994.1 47.956777
12000.0 47.819377
12005.9 47.685177
12011.7 47.55537700000001
12017.6 47.43057700000001
12023.4 47.311777000000006
12029.3 47.199277
12035.2 47.09347700000001
12041.0 46.99437700000001
12046.9 46.901777
12052.7 46.815477
12058.6 46.734777
12064.5 46.658877000000004
12070.3 46.586977000000005
12076.2 46.518077000000005
12082.0 46.451077000000005
12087.9 46.38477700000001
12093.8 46.318077
12099.6 46.250077000000005
12105.5 46.179677000000005
12111.3 46.106077000000006
12117.2 46.028577000000006
12123.0 45.946577000000005
12128.9 45.859777
12134.8 45.768077000000005
12140.6 45.67137700000001
12146.5 45.569977
12152.3 45.464277
12158.2 45.354877
12164.1 45.242477
12169.9 45.127977
12175.8 45.012177
12181.6 44.896277000000005
12187.5 44.781377000000006
12193.4 44.66837700000001
12199.2 44.558277000000004
12205.1 44.452277
12210.9 44.35097700000001
12216.8 44.255177
12222.7 44.165477
12228.5 44.082277000000005
12234.4 44.005677000000006
12240.2 43.935677000000005
12246.1 43.872077000000004
12252.0 43.81457700000001
12257.8 43.762477000000004
12263.7 43.71527700000001
12269.5 43.671977000000005
12275.4 43.631677
12281.2 43.59347700000001
12287.1 43.556377000000005
12293.0 43.519377000000006
12298.8 43.481477000000005
12304.7 43.441777
12310.5 43.399677000000004
12316.4 43.354477
12322.3 43.305777000000006
12328.1 43.253277000000004
12334.0 43.19687700000001
12339.8 43.136677000000006
12345.7 43.073177
12351.6 43.006677
12357.4 42.938177
12363.3 42.868477000000006
12369.1 42.798677000000005
12375.0 42.729877
12380.9 42.66347700000001
12386.7 42.600777
12392.6 42.542877000000004
12398.4 42.491077000000004
12404.3 42.446377000000005
12410.2 42.409477
12416.0 42.381077000000005
12421.9 42.361377000000005
12427.7 42.350477000000005
12433.6 42.34797700000001
12439.5 42.353277000000006
12445.3 42.365477000000006
12451.2 42.38327700000001
12457.0 42.405377
12462.9 42.429977
12468.8 42.455377000000006
12474.6 42.479577000000006
12480.5 42.500677
12486.3 42.516777000000005
12492.2 42.525977000000005
12498.0 42.52667700000001
12503.9 42.51727700000001
12509.8 42.496477000000006
12515.6 42.463177
12521.5 42.416777
12527.3 42.356577
12533.2 42.221177000000004
12539.1 42.126777000000004
12544.9 42.019377000000006
12550.8 41.899577
12556.6 41.768277000000005
12562.5 41.626577000000005
12568.4 41.475677000000005
12574.2 41.317177
12580.1 41.227977
12585.9 41.063477000000006
12591.8 40.895377
12597.7 40.725477000000005
12603.5 40.555277000000004
12609.4 40.386377
12615.2 40.220477
12621.1 40.058777000000006
12627.0 39.90277700000001
12632.8 39.753477000000004
12638.7 39.61187700000001
12644.5 39.478877000000004
12650.4 39.354877
12656.2 39.240377
12662.1 39.135677
12668.0 39.040777000000006
12673.8 38.955577000000005
12679.7 38.87987700000001
12685.5 38.813377
12691.4 38.755677000000006
12697.3 38.70647700000001
12703.1 38.66517700000001
12709.0 38.631477000000004
12714.8 38.605177000000005
12720.7 38.58597700000001
12726.6 38.57377700000001
12732.4 38.568677
12738.3 38.57077700000001
12744.1 38.580377000000006
12750.0 38.59817700000001
12755.9 38.624477000000006
12761.7 38.660077
12767.6 38.705777000000005
12773.4 38.762177
12779.3 38.830077
12785.2 38.910177000000004
12791.0 39.002977
12796.9 39.108977
12802.7 39.228277000000006
12808.6 39.361177000000005
12814.5 39.507177000000006
12820.3 39.666077
12826.2 39.837177000000004
12832.0 40.019577000000005
12837.9 40.212177000000004
12843.8 40.413577000000004
12849.6 40.62237700000001
12855.5 40.836877
12861.3 41.055277000000004
12867.2 41.275777000000005
12873.0 41.496577
12878.9 41.715777
12884.8 41.93167700000001
12890.6 42.142577
12896.5 42.347277000000005
12902.3 42.544277
12908.2 42.732777000000006
12914.1 42.911877000000004
12919.9 43.08107700000001
12925.8 43.240377
12931.6 43.389577
12937.5 43.529177000000004
12943.4 43.659577000000006
12949.2 43.781677
12955.1 43.896277000000005
12960.9 44.004577000000005
12966.8 44.107677
12972.7 44.206777
12978.5 44.303177000000005
12984.4 44.397977000000004
12990.2 44.492377000000005
12996.1 44.58727700000001
13002.0 44.68357700000001
13007.8 44.781977000000005
13013.7 44.882777000000004
13019.5 44.986477
13025.4 45.092877
13031.2 45.20197700000001
13037.1 45.313477000000006
13043.0 45.426577
13048.8 45.540877
13054.7 45.655377
13060.5 45.769077
13066.4 45.881177
13072.3 45.990477000000006
13078.1 46.096177000000004
13084.0 46.19707700000001
13089.8 46.292677000000005
13095.7 46.381977000000006
13101.6 46.464477
13107.4 46.539877000000004
13113.3 46.607877
13119.1 46.668477
13125.0 46.721877000000006
13130.9 46.768477000000004
13136.7 46.80857700000001
13142.6 46.843077
13148.4 46.872677
13154.3 46.898177000000004
13160.2 46.920777
13166.0 46.94127700000001
13171.9 46.96077700000001
13177.7 46.980177000000005
13183.6 47.000477000000004
13189.5 47.022477
13195.3 47.046777000000006
13201.2 47.074077
13207.0 47.104677
13212.9 47.138677
13218.8 47.176377
13224.6 47.217377000000006
13230.5 47.261377
13236.3 47.308077000000004
13242.2 47.356577
13248.0 47.406277
13253.9 47.45627700000001
13259.8 47.505577
13265.6 47.553277
13271.5 47.598377000000006
13277.3 47.639877000000006
13283.2 47.676877000000005
13289.1 47.708677
13294.9 47.734477000000005
13300.8 47.753877
13306.6 47.766277
13312.5 47.771677000000004
13318.4 47.769877
13324.2 47.76107700000001
13330.1 47.745277
13335.9 47.723077
13341.8 47.694977
13347.7 47.661377
13353.5 47.623077
13359.4 47.580677
13365.2 47.534977000000005
13371.1 47.486577000000004
13377.0 47.43637700000001
13382.8 47.38477700000001
13388.7 47.332377
13394.5 47.279577
13400.4 47.226877
13406.2 47.174477
13412.1 47.122277000000004
13418.0 47.07057700000001
13423.8 47.019077
13429.7 46.967677
13435.5 46.915877
13441.4 46.863477
13447.3 46.809777000000004
13453.1 46.754577000000005
13459.0 46.69707700000001
13464.8 46.636777
13470.7 46.573177
13476.6 46.505777
13482.4 46.434077
13488.3 46.357677
13494.1 46.27627700000001
13500.0 46.189477000000004
13505.9 46.097077000000006
13511.7 45.998977000000004
13517.6 45.89507700000001
13523.4 45.785377000000004
13529.3 45.66987700000001
13535.2 45.548577
13541.0 45.421677
13546.9 45.289277000000006
13552.7 45.151577
13558.6 45.008477000000006
13564.5 44.86037700000001
13570.3 44.707277000000005
13576.2 44.54937700000001
13582.0 44.386677000000006
13587.9 44.219477000000005
13593.8 44.04787700000001
13599.6 43.87217700000001
13605.5 43.692477000000004
13611.3 43.50937700000001
13617.2 43.323277000000004
13623.0 43.13477700000001
13628.9 42.944577
13634.8 42.753877
13640.6 42.563777
13646.5 42.37557700000001
13652.3 42.19107700000001
13658.2 42.011877000000005
13664.1 41.840077
13669.9 41.677777000000006
13675.8 41.527077000000006
13681.6 41.390177
13687.5 41.269277
13693.4 41.166277
13699.2 41.083177000000006
13705.1 41.02157700000001
13710.9 40.982977000000005
13716.8 40.968377000000004
13722.7 40.978577
13728.5 41.013877
13734.4 41.074377000000005
13740.2 41.159777000000005
13746.1 41.269077
13752.0 41.401177000000004
13757.8 41.554577
13763.7 41.727377000000004
13769.5 41.917377
13775.4 42.12237700000001
13781.2 42.339777000000005
13787.1 42.566977
13793.0 42.801277000000006
13798.8 43.04017700000001
13804.7 43.281077
13810.5 43.52157700000001
13816.4 43.75937700000001
13822.3 43.992377000000005
13828.1 44.21867700000001
13834.0 44.43657700000001
13839.8 44.644477
13845.7 44.841277000000005
13851.6 45.025877
13857.4 45.197677000000006
13863.3 45.35587700000001
13869.1 45.500477000000004
13875.0 45.631277000000004
13880.9 45.748477
13886.7 45.852577000000004
13892.6 45.944177
13898.4 46.024077000000005
13904.3 46.09327700000001
13910.2 46.15277700000001
13916.0 46.203777
13921.9 46.247477
13927.7 46.285177000000004
13933.6 46.318177000000006
13939.5 46.347677000000004
13945.3 46.374577
13951.2 46.400077
13957.0 46.424777000000006
13962.9 46.449477
13968.8 46.47447700000001
13974.6 46.500177
13980.5 46.52647700000001
13986.3 46.553377000000005
13992.2 46.580377000000006
13998.0 46.606877000000004
14003.9 46.632377000000005
14009.8 46.655877000000004
14015.6 46.676577
14021.5 46.693377000000005
14027.3 46.705277
14033.2 46.711177000000006
14039.1 46.710177
14044.9 46.701377
14050.8 46.683977000000006
14056.6 46.65747700000001
14062.5 46.621177
14068.4 46.57507700000001
14074.2 46.51897700000001
14080.1 46.452977000000004
14085.9 46.377677000000006
14091.8 46.293477
14097.7 46.201177
14103.5 46.101777000000006
14109.4 45.996277000000006
14115.2 45.885977000000004
14121.1 45.772177000000006
14127.0 45.656077
14132.8 45.538977
14138.7 45.422277
14144.5 45.30687700000001
14150.4 45.19387700000001
14156.2 45.08427700000001
14162.1 44.978477000000005
14168.0 44.877177
14173.8 44.780577
14179.7 44.688577
14185.5 44.601277
14191.4 44.518177
14197.3 44.438877000000005
14203.1 44.328677000000006
14209.0 44.254177000000006
14214.8 44.180977000000006
14220.7 44.108177000000005
14226.6 44.03527700000001
14232.4 43.961577000000005
14238.3 43.886677000000006
14244.1 43.810277000000006
14250.0 43.732077000000004
14255.9 43.687977000000004
14261.7 43.608077
14267.6 43.527377
14273.4 43.446377000000005
14279.3 43.365677000000005
14285.2 43.286177
14291.0 43.208677
14296.9 43.134177
14302.7 43.063577
14308.6 42.997877
14314.5 42.937977000000004
14320.3 42.88457700000001
14326.2 42.838477000000005
14332.0 42.800177000000005
14337.9 42.769877
14343.8 42.747977000000006
14349.6 42.734277000000006
14355.5 42.728677000000005
14361.3 42.730577000000004
14367.2 42.73967700000001
14373.0 42.754977000000004
14378.9 42.775777000000005
14384.8 42.80087700000001
14390.6 42.829277000000005
14396.5 42.859777
14402.3 42.891077
14408.2 42.922077
14414.1 42.951677000000004
14419.9 42.978777
14425.8 43.002377
14431.6 43.02177700000001
14437.5 43.036377
14443.4 43.045577
14449.2 43.04917700000001
14455.1 43.047177000000005
14460.9 43.039477000000005
14466.8 43.02647700000001
14472.7 43.008377
14478.5 42.985977000000005
14484.4 42.959577
14490.2 42.930077000000004
14496.1 42.898177000000004
14502.0 42.864477
14507.8 42.829877
14513.7 42.795077000000006
14519.5 42.760777000000004
14525.4 42.727577000000004
14531.2 42.696077
14537.1 42.666777
14543.0 42.640077000000005
14548.8 42.61637700000001
14554.7 42.595977000000005
14560.5 42.578977
14566.4 42.565577000000005
14572.3 42.555777000000006
14578.1 42.549677
14584.0 42.547177000000005
14589.8 42.548377
14595.7 42.553277
14601.6 42.561677
14607.4 42.573677
14613.3 42.589277
14619.1 42.60867700000001
14625.0 42.631977000000006
14630.9 42.65917700000001
14636.7 42.690677
14642.6 42.726677
14648.4 42.76727700000001
14654.3 42.81287700000001
14660.2 42.863777000000006
14666.0 42.920077000000006
14671.9 42.982077000000004
14677.7 43.049877
14683.6 43.123477
14689.5 43.20307700000001
14695.3 43.288377000000004
14701.2 43.379377000000005
14707.0 43.475677000000005
14712.9 43.57697700000001
14718.8 43.682777
14724.6 43.792477000000005
14730.5 43.905477000000005
14736.3 44.021177
14742.2 44.138577000000005
14748.0 44.257077
14753.9 44.375677
14759.8 44.493677000000005
14765.6 44.610077000000004
14771.5 44.724177000000005
14777.3 44.835077000000005
14783.2 44.942077000000005
14789.1 45.04447700000001
14794.9 45.141877
14800.8 45.233577000000004
14806.6 45.319477000000006
14812.5 45.399077000000005
14818.4 45.472377
14824.2 45.539377
14830.1 45.600177
14835.9 45.654877000000006
14841.8 45.703877000000006
14847.7 45.747477
14853.5 45.786177
14859.4 45.82037700000001
14865.2 45.850677000000005
14871.1 45.877477000000006
14877.0 45.901377000000004
14882.8 45.922777
14888.7 45.942177
14894.5 45.959877000000006
14900.4 45.97617700000001
14906.2 45.991277000000004
14912.1 46.005377
14918.0 46.018477000000004
14923.8 46.030377
14929.7 46.041077
14935.5 46.050277
14941.4 46.057477000000006
14947.3 46.062577000000005
14953.1 46.06477700000001
14959.0 46.063777
14964.8 46.058977000000006
14970.7 46.049777000000006
14976.6 46.035577
14982.4 46.01597700000001
14988.3 45.990477000000006
14994.1 45.958577000000005
15000.0 45.919977
15005.9 45.874377
15011.7 45.821577000000005
15017.6 45.761577
15023.4 45.69427700000001
15029.3 45.619877
15035.2 45.538577000000004
15041.0 45.450677000000006
15046.9 45.356577
15052.7 45.256677
15058.6 45.15147700000001
15064.5 45.041577000000004
15070.3 44.927477
15076.2 44.80987700000001
15082.0 44.689177
15087.9 44.565977000000004
15093.8 44.440777000000004
15099.6 44.314077000000005
15105.5 44.186277000000004
15111.3 44.057677000000005
15117.2 43.92867700000001
15123.0 43.799277000000004
15128.9 43.66967700000001
15134.8 43.53997700000001
15140.6 43.410177000000004
15146.5 43.280277000000005
15152.3 43.14997700000001
15158.2 43.019277
15164.1 42.88797700000001
15169.9 42.755977
15175.8 42.623077
15181.6 42.489277
15187.5 42.35437700000001
15193.4 42.218577
15199.2 42.081977
15205.1 41.944977
15210.9 41.807777
15216.8 41.67097700000001
15222.7 41.535377000000004
15228.5 41.401577
15234.4 41.27047700000001
15240.2 41.143077000000005
15246.1 41.02027700000001
15252.0 40.903077
15257.8 40.792377
15263.7 40.688877000000005
15269.5 40.593377000000004
15275.4 40.50637700000001
15281.2 40.428077
15287.1 40.358777
15293.0 40.298377
15298.8 40.246477000000006
15304.7 40.202577000000005
15310.5 40.165977000000005
15316.4 40.135577000000005
15322.3 40.110277
15328.1 40.088677000000004
15334.0 40.06927700000001
15339.8 40.050377000000005
15345.7 40.030277000000005
15351.6 40.007177000000006
15357.4 39.97937700000001
15363.3 39.945177
15369.1 39.90297700000001
15375.0 39.851577000000006
15380.9 39.78997700000001
15386.7 39.717377000000006
15392.6 39.633377
15398.4 39.538277
15404.3 39.432477000000006
15410.2 39.316877000000005
15416.0 39.193177000000006
15421.9 39.062977000000004
15427.7 38.92867700000001
15433.6 38.792777
15439.5 38.657977
15445.3 38.527077000000006
15451.2 38.40297700000001
15457.0 38.288277
15462.9 38.185477000000006
15468.8 38.096577
15474.6 38.023677000000006
15480.5 37.968077
15486.3 37.930977000000006
15492.2 37.912977000000005
15498.0 37.914577
15503.9 37.935677000000005
15509.8 37.975677000000005
15515.6 38.03397700000001
15521.5 38.109277000000006
15527.3 38.199977000000004
15533.2 38.304177
15539.1 38.419777
15544.9 38.544377000000004
15550.8 38.675577000000004
15556.6 38.810877000000005
15562.5 38.948077000000005
15568.4 39.084877000000006
15574.2 39.219377
15580.1 39.349977
15585.9 39.475577
15591.8 39.59497700000001
15597.7 39.70777700000001
15603.5 39.813577
15609.4 39.91217700000001
15615.2 40.003677
15621.1 40.088477000000005
15627.0 40.16687700000001
15632.8 40.239477
15638.7 40.30667700000001
15644.5 40.36917700000001
15650.4 40.42757700000001
15656.2 40.482477
15662.1 40.534477
15668.0 40.58407700000001
15673.8 40.631877
15679.7 40.678277
15685.5 40.723777000000005
15691.4 40.76857700000001
15697.3 40.81307700000001
15703.1 40.857477
15709.0 40.901977
15714.8 40.946777000000004
15720.7 40.991877
15726.6 41.037377000000006
15732.4 41.083077
15738.3 41.129077
15744.1 41.175277
15750.0 41.221377000000004
15755.9 41.26727700000001
15761.7 41.312777000000004
15767.6 41.357477
15773.4 41.401077
15779.3 41.443277
15785.2 41.483577000000004
15791.0 41.52157700000001
15796.9 41.55667700000001
15802.7 41.588477000000005
15808.6 41.61637700000001
15814.5 41.639777
15820.3 41.658077000000006
15826.2 41.670477000000005
15832.0 41.676577
15837.9 41.675577000000004
15843.8 41.66687700000001
15849.6 41.64997700000001
15855.5 41.624177
15861.3 41.58917700000001
15867.2 41.54447700000001
15873.0 41.440677
15878.9 41.370377000000005
15884.8 41.28997700000001
15890.6 41.199577000000005
15896.5 41.09947700000001
15902.3 40.99007700000001
15908.2 40.871877000000005
15914.1 40.745577000000004
15919.9 40.611777000000004
15925.8 40.471577
15931.6 40.389777
15937.5 40.243677000000005
15943.4 40.09367700000001
15949.2 39.940677
15955.1 39.785577
15960.9 39.629277
15966.8 39.472477000000005
15972.7 39.31607700000001
15978.5 39.16047700000001
15984.4 39.006277000000004
15990.2 38.853877000000004
15996.1 38.70327700000001
16002.0 38.554777
16007.8 38.408277000000005
16013.7 38.263577000000005
16019.5 38.120577000000004
16025.4 37.978677000000005
16031.2 37.83747700000001
16037.1 37.696377000000005
16043.0 37.554877000000005
16048.8 37.41217700000001
16054.7 37.267577
16060.5 37.120477
16066.4 36.970077
16072.3 36.81587700000001
16078.1 36.657377000000004
16084.0 36.493977
16089.8 36.325377
16095.7 36.15147700000001
16101.6 35.972277000000005
16107.4 35.787777000000006
16113.3 35.598277
16119.1 35.40447700000001
16125.0 35.206977
16130.9 35.006677
16136.7 34.804777
16142.6 34.60267700000001
16148.4 34.401877000000006
16154.3 34.204177
16160.2 34.011477000000006
16166.0 33.825677000000006
16171.9 33.648977
16177.7 33.483077
16183.6 33.329877
16189.5 33.19087700000001
16195.3 33.067477000000004
16201.2 32.960877
16207.0 32.871577
16212.9 32.800177000000005
16218.8 32.746677000000005
16224.6 32.711077
16230.5 32.692677
16236.3 32.69087700000001
16242.2 32.70457700000001
16248.0 32.732277
16253.9 32.772477
16259.8 32.823177
16265.6 32.882077
16271.5 32.946777000000004
16277.3 33.014377
16283.2 33.081977
16289.1 33.146377
16294.9 33.204477000000004
16300.8 33.252877000000005
16306.6 33.28847700000001
16312.5 33.308077000000004
16318.4 33.308977000000006
16324.2 33.288277
16330.1 33.243577
16335.9 33.17267700000001
16341.8 33.073477000000004
16347.7 32.944377
16353.5 32.783877000000004
16359.4 32.590777
16365.2 32.363877
16371.1 32.10267700000001
16377.0 31.806477
16382.8 31.475077000000006
16388.7 31.108377000000004
16394.5 30.706477000000007
16400.4 30.269377000000006
16406.2 29.796977000000005
16412.1 29.288877000000006
16418.0 28.743777
16423.8 28.159577000000006
16429.7 27.533177000000002
16435.5 26.860477000000003
16441.4 26.138477
16447.3 25.370177000000005
16453.1 24.576977000000007
16459.0 23.807677000000005
16464.8 23.117577000000004
16470.7 22.537377000000006
16476.6 22.073477000000004
16482.4 21.722377
16488.3 21.477677000000007
16494.1 21.332777000000007
16500.0 21.281977000000005
16505.9 21.320177
16511.7 21.443077000000002
16517.6 21.646977000000007
16523.4 21.928677000000008
16529.3 22.285877000000006
16535.2 22.717077000000003
16541.0 23.221677000000007
16546.9 23.800477
16552.7 24.455677
16558.6 25.190577000000005
16564.5 26.007777000000004
16570.3 26.903777000000005
16576.2 27.856977000000008
16582.0 28.818177000000006
16587.9 29.732077000000004
16593.8 30.568077000000002
16599.6 31.320077000000005
16605.5 31.992277
16611.3 32.591877000000004
16617.2 33.126077
16623.0 33.601477
16628.9 34.023877000000006
16634.8 34.398577
16640.6 34.730077
16646.5 35.022877
16652.3 35.280677000000004
16658.2 35.507077
16664.1 35.705577000000005
16669.9 35.879277
16675.8 36.031077
16681.6 36.163777
16687.5 36.279977
16693.4 36.381977000000006
16699.2 36.471977
16705.1 36.551877000000005
16710.9 36.623277
16716.8 36.687777000000004
16722.7 36.746777
16728.5 36.801177
16734.4 36.851877
16740.2 36.899577
16746.1 36.944777
16752.0 36.987677000000005
16757.8 37.028377000000006
16763.7 37.066877000000005
16769.5 37.102977
16775.4 37.13627700000001
16781.2 37.166577000000004
16787.1 37.193177000000006
16793.0 37.215777
16798.8 37.233777
16804.7 37.246777
16810.5 37.254277
16816.4 37.255977
16822.3 37.251677
16828.1 37.24117700000001
16834.0 37.224377000000004
16839.8 37.201477000000004
16845.7 37.17267700000001
16851.6 37.138177000000006
16857.4 37.098377000000006
16863.3 37.05367700000001
16869.1 37.004677
16875.0 36.951677000000004
16880.9 36.895377
16886.7 36.836277
16892.6 36.774577
16898.4 36.71097700000001
16904.3 36.645677000000006
16910.2 36.578877000000006
16916.0 36.51087700000001
16921.9 36.441777
16927.7 36.371477000000006
16933.6 36.299877
16939.5 36.226877
16945.3 36.152077000000006
16951.2 36.075377
16957.0 35.99607700000001
16962.9 35.913977
16968.8 35.828377
16974.6 35.738877
16980.5 35.644877
16986.3 35.545777
16992.2 35.441177
16998.0 35.330577000000005
17003.9 35.213377
17009.8 35.089277
17015.6 34.957877
17021.5 34.818777000000004
17027.3 34.671577000000006
17033.2 34.516177000000006
17039.1 34.351977000000005
17044.9 34.178777000000004
17050.8 33.996177
17056.6 33.803477
17062.5 33.600077000000006
17068.4 33.385277
17074.2 33.157977
17080.1 32.917177
17085.9 32.661377
17091.8 32.38907700000001
17097.7 32.098277
17103.5 31.786777
17109.4 31.452477000000002
17115.2 31.092877
17121.1 30.705677
17127.0 30.289077000000006
17132.8 29.842777000000005
17138.7 29.368877000000005
17144.5 28.873577000000004
17150.4 28.368477000000006
17156.2 27.869677000000003
17162.1 27.395077000000008
17168.0 26.959277000000007
17173.8 26.571977000000004
17179.7 26.238077000000004
17185.5 25.958977000000004
17191.4 25.734077000000006
17197.3 25.562077000000002
17203.1 25.441377000000003
17209.0 25.370677000000008
17214.8 25.348577000000006
17220.7 25.374577000000002
17226.6 25.448077000000005
17232.4 25.569277000000007
17238.3 25.738377000000007
17244.1 25.955877
17250.0 26.221777000000003
17255.9 26.534977000000005
17261.7 26.891977000000004
17267.6 27.285777000000003
17273.4 27.704077000000005
17279.3 28.130177000000003
17285.2 28.546477000000003
17291.0 28.938777
17296.9 29.298577
17302.7 29.622777000000006
17308.6 29.912177000000007
17314.5 30.170077000000006
17320.3 30.401177000000004
17326.2 30.610577000000006
17332.0 30.803577000000004
17337.9 30.985377000000007
17343.8 31.160677000000007
17349.6 31.333877
17355.5 31.508777000000002
17361.3 31.688577000000002
17367.2 31.876077000000002
17373.0 32.073477000000004
17378.9 32.282577
17384.8 32.504677
17390.6 32.740677000000005
17396.5 32.990977
17402.3 33.255677000000006
17408.2 33.534377000000006
17414.1 33.826177
17419.9 34.129977000000004
17425.8 34.44387700000001
17431.6 34.766077
17437.5 35.093977
17443.4 35.425177000000005
17449.2 35.756977000000006
17455.1 36.086777000000005
17460.9 36.412077000000004
17466.8 36.73067700000001
17472.7 37.040877
17478.5 37.341277000000005
17484.4 37.630877000000005
17490.2 37.908877000000004
17496.1 38.175177000000005
17502.0 38.429777
17507.8 38.672977
17513.7 38.905077000000006
17519.5 39.12687700000001
17525.4 39.339077
17531.2 39.542277000000006
17537.1 39.737477000000005
17543.0 39.925377000000005
17548.8 40.18657700000001
17554.7 40.360277
17560.5 40.528677
17566.4 40.692077000000005
17572.3 40.850677000000005
17578.1 41.004777000000004
17584.0 41.15447700000001
17589.8 41.299577000000006
17595.7 41.440177000000006
17601.6 41.575777
17607.4 41.63287700000001
17613.3 41.759477000000004
17619.1 41.88027700000001
17625.0 41.994877
17630.9 42.102977
17636.7 42.203977
17642.6 42.297777
17648.4 42.383777
17654.3 42.461877
17660.2 42.531877
17666.0 42.59367700000001
17671.9 42.647377000000006
17677.7 42.693177000000006
17683.6 42.731377
17689.5 42.762377
17695.3 42.786777
17701.2 42.805277000000004
17707.0 42.818677
17712.9 42.827677
17718.8 42.833077
17724.6 42.835877
17730.5 42.836777000000005
17736.3 42.836677
17742.2 42.836077
17748.0 42.83577700000001
17753.9 42.836177000000006
17759.8 42.837677000000006
17765.6 42.840577
17771.5 42.845077
17777.3 42.85117700000001
17783.2 42.858777
17789.1 42.867577000000004
17794.9 42.877377
17800.8 42.88757700000001
17806.6 42.897677
17812.5 42.906977000000005
17818.4 42.914877000000004
17824.2 42.920477000000005
17830.1 42.923077000000006
17835.9 42.921877
17841.8 42.916077
17847.7 42.905177
17853.5 42.888477
17859.4 42.865777
17865.2 42.836577000000005
17871.1 42.801177
17877.0 42.759477000000004
17882.8 42.712077
17888.7 42.659277
17894.5 42.601977000000005
17900.4 42.540977000000005
17906.2 42.477177000000005
17912.1 42.411577
17918.0 42.345077
17923.8 42.278777000000005
17929.7 42.213477000000005
17935.5 42.14997700000001
17941.4 42.08897700000001
17947.3 42.03097700000001
17953.1 41.976477
17959.0 41.925477
17964.8 41.878277000000004
17970.7 41.834677000000006
17976.6 41.794377000000004
17982.4 41.756977000000006
17988.3 41.721877000000006
17994.1 41.688177
18000.0 41.655077000000006
18005.9 41.621377
18011.7 41.585677000000004
18017.6 41.546777000000006
18023.4 41.502977
18029.3 41.452877
18035.2 41.394677
18041.0 41.32697700000001
18046.9 41.248177000000005
18052.7 41.156877
18058.6 41.051677000000005
18064.5 40.931777000000004
18070.3 40.796077000000004
18076.2 40.644177000000006
18082.0 40.475777
18087.9 40.290877
18093.8 40.089877
18099.6 39.873577000000004
18105.5 39.642977
18111.3 39.399477000000005
18117.2 39.144777000000005
18123.0 38.880677000000006
18128.9 38.609277000000006
18134.8 38.33257700000001
18140.6 38.052877
18146.5 37.772177000000006
18152.3 37.492277
18158.2 37.214977000000005
18164.1 36.941577
18169.9 36.673477000000005
18175.8 36.411577
18181.6 36.156377000000006
18187.5 35.908477000000005
18193.4 35.668077000000004
18199.2 35.434977
18205.1 35.20907700000001
18210.9 34.98987700000001
18216.8 34.776777
18222.7 34.568777000000004
18228.5 34.36487700000001
18234.4 34.163977
18240.2 33.964677
18246.1 33.76577700000001
18252.0 33.565777000000004
18257.8 33.36357700000001
18263.7 33.157877000000006
18269.5 32.947977
18275.4 32.733377000000004
18281.2 32.513677
18287.1 32.289177
18293.0 32.060177
18298.8 31.827177000000006
18304.7 31.590777000000003
18310.5 31.351377000000006
18316.4 31.109377000000002
18322.3 30.864877000000007
18328.1 30.617477
18334.0 30.366777000000006
18339.8 30.111777000000004
18345.7 29.851077000000004
18351.6 29.583177000000006
18357.4 29.305977000000006
18363.3 29.017377000000003
18369.1 28.715177000000004
18375.0 28.397777000000005
18380.9 28.064777000000007
18386.7 27.718077
18392.6 27.364377000000005
18398.4 27.015277000000005
18404.3 26.686777000000006
18410.2 26.394677
18416.0 26.150177000000006
18421.9 25.958877
18427.7 25.821477
18433.6 25.736077
18439.5 25.699077000000003
18445.3 25.706777000000002
18451.2 25.755677000000006
18457.0 25.842377000000006
18462.9 25.964477000000002
18468.8 26.120077000000002
18474.6 26.307977
18480.5 26.527477000000005
18486.3 26.778477000000002
18492.2 27.061377000000007
18498.0 27.377077000000007
18503.9 27.726177000000007
18509.8 28.108977000000003
18515.6 28.524777000000007
18521.5 28.969877000000004
18527.3 29.436177
18533.2 29.910477000000007
18539.1 30.375077000000005
18544.9 30.812477
18550.8 31.209777000000003
18556.6 31.560177000000003
18562.5 31.861677000000007
18568.4 32.116077000000004
18574.2 32.32697700000001
18580.1 32.498777000000004
18585.9 32.636877000000005
18591.8 32.746377
18597.7 32.832677000000004
18603.5 32.900677
18609.4 32.95497700000001
18615.2 32.999777
18621.1 33.038577000000004
18627.0 33.074677
18632.8 33.110577000000006
18638.7 33.148377
18644.5 33.189877
18650.4 33.236477
18656.2 33.289177
18662.1 33.348777000000005
18668.0 33.415477
18673.8 33.48967700000001
18679.7 33.571077
18685.5 33.65917700000001
18691.4 33.753177
18697.3 33.851877
18703.1 33.953777
18709.0 34.05687700000001
18714.8 34.159277
18720.7 34.258477000000006
18726.6 34.352177000000005
18732.4 34.438177
18738.3 34.514577
18744.1 34.579677000000004
18750.0 34.632577000000005
18755.9 34.672777
18761.7 34.700377
18767.6 34.716077000000006
18773.4 34.720977000000005
18779.3 34.716477000000005
18785.2 34.704177
18791.0 34.686177
18796.9 34.664077000000006
18802.7 34.639777
18808.6 34.614977
18814.5 34.591077000000006
18820.3 34.56927700000001
18826.2 34.55067700000001
18832.0 34.535977
18837.9 34.525877
18843.8 34.52047700000001
18849.6 34.519977000000004
18855.5 34.524177
18861.3 34.532877000000006
18867.2 34.545477000000005
18873.0 34.561177
18878.9 34.579177
18884.8 34.598477
18890.6 34.617777000000004
18896.5 34.636177
18902.3 34.652377
18908.2 34.66537700000001
18914.1 34.674277000000004
18919.9 34.678777000000004
18925.8 34.678377000000005
18931.6 34.673577
18937.5 34.664877000000004
18943.4 34.65317700000001
18949.2 34.639677000000006
18955.1 34.625677
18960.9 34.612477000000005
18966.8 34.601477
18972.7 34.593777
18978.5 34.590377000000004
18984.4 34.59197700000001
18990.2 34.598977000000005
18996.1 34.61187700000001
19002.0 34.630677000000006
19007.8 34.655177
19013.7 34.68507700000001
19019.5 34.71977700000001
19025.4 34.758477000000006
19031.2 34.800077
19037.1 34.843077
19043.0 34.885977000000004
19048.8 34.926577
19054.7 34.962577
19060.5 34.991277000000004
19066.4 35.009677
19072.3 35.01447700000001
19078.1 35.002577
19084.0 34.970577000000006
19089.8 34.915577000000006
19095.7 34.834977
19101.6 34.726777000000006
19107.4 34.589577000000006
19113.3 34.422977
19119.1 34.22747700000001
19125.0 34.00487700000001
19130.9 33.757777000000004
19136.7 33.489977
19142.6 33.205977000000004
19148.4 32.910877000000006
19154.3 32.609677000000005
19160.2 32.307177
19166.0 32.007777000000004
19171.9 31.715077
19177.7 31.432077000000007
19183.6 31.161077000000006
19189.5 30.904277000000008
19195.3 30.663277
19201.2 30.439577000000007
19207.0 30.234777
19212.9 30.050177000000005
19218.8 29.884377000000008
19224.6 29.754477
19230.5 29.648477000000007
19236.3 29.567877000000003
19242.2 29.513777000000005
19248.0 29.487077000000006
19253.9 29.487677000000005
19259.8 29.515177
19265.6 29.567977000000006
19271.5 29.643677000000004
19277.3 29.739177000000005
19283.2 29.810177000000003
19289.1 29.925877000000007
19294.9 30.053777000000004
19300.8 30.190877000000008
19306.6 30.334377000000003
19312.5 30.482477000000003
19318.4 30.633977
19324.2 30.788377000000004
19330.1 30.945777000000007
19335.9 31.106477000000005
19341.8 31.271377
19347.7 31.441377000000003
19353.5 31.617577000000004
19359.4 31.800877000000007
19365.2 31.992277
19371.1 32.192477000000004
19377.0 32.40167700000001
19382.8 32.620077
19388.7 32.847577
19394.5 33.083677
19400.4 33.327677
19406.2 33.578877000000006
19412.1 33.836377000000006
19418.0 34.099177000000005
19423.8 34.36637700000001
19429.7 34.636977
19435.5 34.910077
19441.4 35.184777000000004
19447.3 35.460177
19453.1 35.735277
19459.0 36.009177
19464.8 36.280577
19470.7 36.548577
19476.6 36.81157700000001
19482.4 37.068377000000005
19488.3 37.31737700000001
19494.1 37.55687700000001
19500.0 37.785177000000004
19505.9 38.00077700000001
19511.7 38.20177700000001
19517.6 38.386977
19523.4 38.554977
19529.3 38.704877
19535.2 38.83597700000001
19541.0 38.948077000000005
19546.9 39.041077
19552.7 39.115477000000006
19558.6 39.172177000000005
19564.5 39.212177000000004
19570.3 39.236777000000004
19576.2 39.247677
19582.0 39.246577
19587.9 39.235077000000004
19593.8 39.215077
19599.6 39.188377
19605.5 39.156577000000006
19611.3 39.12107700000001
19617.2 39.083277
19623.0 39.044377000000004
19628.9 39.005377
19634.8 38.967077
19640.6 38.930077000000004
19646.5 38.894977000000004
19652.3 38.862077000000006
19658.2 38.831577
19664.1 38.803577000000004
19669.9 38.77817700000001
19675.8 38.755177
19681.6 38.734577
19687.5 38.716277000000005
19693.4 38.700177000000004
19699.2 38.68637700000001
19705.1 38.675077
19710.9 38.666577000000004
19716.8 38.661577
19722.7 38.660777
19728.5 38.66517700000001
19734.4 38.67607700000001
19740.2 38.694477000000006
19746.1 38.72167700000001
19752.0 38.758577
19757.8 38.806177000000005
19763.7 38.864977
19769.5 38.935477000000006
19775.4 39.017977
19781.2 39.112477000000005
19787.1 39.218777
19793.0 39.336877
19798.8 39.466377
19804.7 39.606777
19810.5 39.757477
19816.4 39.917877000000004
19822.3 40.08727700000001
19828.1 40.26447700000001
19834.0 40.448477000000004
19839.8 40.637677000000004
19845.7 40.830277
19851.6 41.024377
19857.4 41.217477
19863.3 41.406577000000006
19869.1 41.58877700000001
19875.0 41.760377000000005
19880.9 41.918077000000004
19886.7 42.057977
19892.6 42.176877000000005
19898.4 42.271177
19904.3 42.338077000000006
19910.2 42.374777
19916.0 42.378877
19921.9 42.348277
19927.7 42.28117700000001
19933.6 42.17587700000001
19939.5 42.030877000000004
19945.3 41.844677000000004
19951.2 41.615777
19957.0 41.342777000000005
19962.9 41.023977
19968.8 40.657777
19974.6 40.242077
19980.5 39.774877000000004
19986.3 39.253477000000004
19992.2 38.675277
19998.0 38.036877000000004
