20.0 54.349892
20.290899 54.976891
20.586 55.590893
20.8855 56.190891
21.189301 56.771893
21.497499 57.335892
21.8102 57.882893
22.127399 58.41489
22.4492 58.932892
22.775801 59.437893
23.1071 59.933891
23.443199 60.420891
23.7841 60.903893
24.1301 61.385891
24.4811 61.867893
24.8372 62.350891
25.1984 62.837891
25.564899 63.326893
25.9368 63.81789
26.3141 64.309891
26.6968 64.801888
27.0851 65.291893
27.479099 65.777893
27.878799 66.259888
28.2843 66.735893
28.6957 67.205887
29.1131 67.669891
29.536501 68.126892
29.966101 68.577888
30.402 69.022888
30.8442 69.461891
31.2929 69.968887
31.748 70.480888
32.209801 70.728889
32.678299 71.124893
33.153599 71.511887
33.635899 71.87989
34.125099 72.220886
34.621498 72.53289
35.125 72.813889
35.635899 73.06089
36.154301 73.279892
36.680199 73.476891
37.213699 73.659889
37.755 73.83989
38.3041 74.028893
38.861301 74.232887
39.426498 74.456886
40.0 74.698891
40.581799 74.955887
41.1721 75.220886
41.771 75.488892
42.378502 75.75489
42.9949 76.015892
43.6203 76.277893
44.254799 76.585892
44.898499 76.784889
45.551498 76.996887
46.2141 77.232887
46.886299 77.465889
47.568298 77.694893
48.260201 77.920891
48.962101 78.142891
49.674301 78.361893
50.396801 78.56085712804456
51.129902 78.75558902581288
51.8736 78.9470867820627
52.628101 79.13634582576893
53.3936 79.32236282999038
54.1702 79.50512750921449
54.958099 79.6866414699317
55.7575 79.86491020768528
56.568501 80.08190754790988
57.391399 80.25165190034119
58.226101 80.37412932859733
59.073 80.53433711222753
59.932301 80.68526870239614
60.804 80.82792818786096
61.6884 80.95830584522099
62.585701 81.0763952365878
63.496 81.17719120958552
64.419601 81.25870201862371
65.356598 81.31690457789482
66.307297 81.35180909742955
67.271698 81.36040857722791
68.250198 81.34869820808136
69.242897 81.31566977104568
70.250099 81.27532252053045
71.271896 81.233652415107
72.308601 81.18364750947994
73.360298 81.12831393973612
74.427399 81.06563356382539
75.509903 80.99061140393717
76.608299 80.89923660943425
77.722603 80.78851282528557
78.853104 80.65743163874235
80.0 80.50698265629502
81.163597 80.32916308797431
82.3442 80.15096616600033
83.541901 79.98838784894443
84.757 79.85642247997396
85.989899 79.73206513893315
87.240601 79.64731275925371
88.509598 79.6121584237301
89.797 79.63258769152363
91.103104 79.70860997237004
92.4282 79.83620383133108
93.772598 80.03637638967967
95.136597 80.23610501277265
96.520401 80.43139717396376
97.924301 80.62924941612539
99.348602 80.83063897147767
100.794 81.01357039616883
102.26 81.17504067397276
103.747 81.3200469734915
105.256 81.45256310528285
106.787 81.59358706934685
108.34 81.70313086568349
109.916 81.77515530485061
111.515 81.82267438684822
113.137 81.80968611167631
114.783 81.71916128989274
116.452 81.55912611093964
118.146 81.36354019593273
119.865 81.16539254487199
121.608 81.02971634719958
123.377 80.95846522403122
125.171 80.92965936480901
126.992 80.94025439064869
128.839 80.97226849099239
130.713 81.00668247639797
132.615 81.02047815742326
134.543 80.9896979129526
136.5 80.92227117465947
138.486 80.83120594254393
140.5 80.7215134060481
142.544 80.6061581862877
144.617 80.50316047270486
146.721 80.41747288641528
148.855 80.34612561686113
151.02 80.29108147460022
153.217 80.25933027019042
155.445 80.2508921930739
157.706 80.26872286436632
160.0 80.2988212840677
162.327 80.33118645217804
164.688 80.36479517925517
167.084 80.40163327585697
169.514 80.42771493142556
171.98 80.39199276707666
174.481 80.2824969722524
177.019 80.09918116806848
179.594 79.84804235452492
182.206 79.5690835316217
184.856 79.35828050991668
187.545 79.23861609996767
190.273 79.16408330177472
193.041 79.11666292589567
195.849 79.06334997233049
198.697 78.9861544410792
201.587 78.89002895325748
204.52 78.78394731942319
207.494 78.68295991846064
210.512 78.59898618204338
213.574 78.54004511017138
216.681 78.4981025134025
219.833 78.47716539173673
223.03 78.47622474517411
226.274 78.4742421948303
229.565 78.45520974070529
232.905 78.3800980039148
236.292 78.24194636334312
239.729 78.0556802506638
243.216 77.86130866587685
246.754 77.71480241954009
250.343 77.64615851165354
253.984 77.64037075277506
257.678 77.66040095346244
261.426 77.6702369242736
265.229 77.65385147576634
269.087 77.61923960794068
273.001 77.58339213135447
276.972 77.55628285656553
281.0 77.5369027835739
285.088 77.51819134405306
289.234 77.50218991688739
293.441 77.45984193375038
297.709 77.34813939464205
302.04 77.2160329206781
306.433 77.09755870130067
310.89 77.01266035762545
315.412 77.0113187002103
320.0 77.04450853961306
324.655 77.02121868639159
329.377 76.93544414054587
334.168 76.80513252319162
339.028 76.6902888343288
343.959 76.65487769507313
348.962 76.69586391598247
354.038 76.76323030761465
359.188 76.80395368052751
364.412 76.73003603472108
369.713 76.52040680186886
375.09 76.28509717141303
380.546 76.08003157502714
386.081 75.94221401271115
391.697 75.9215941055808
397.394 75.92217985363605
403.175 75.86990668855049
409.039 75.76778779976621
414.989 75.6177556189568
421.025 75.45681914612226
427.149 75.31193600237825
433.362 75.20107399828265
439.665 75.1135739443933
446.06 75.03231046182587
452.548 74.93995836113824
459.131 74.82649326344608
465.809 74.7095391687494
472.584 74.5871296981639
479.458 74.44333547280527
486.432 74.27682130323136
493.507 74.098477
503.906 74.098477
509.766 74.34347700000001
515.625 74.586477
521.484 74.82597700000001
527.344 75.060477
533.203 75.28877700000001
539.062 75.509677
544.922 75.722077
550.781 75.925177
556.641 76.118077
562.5 76.299977
568.359 76.47027700000001
574.219 76.628377
580.078 76.773977
585.938 76.906577
591.797 77.026177
597.656 77.132577
603.516 77.225877
609.375 77.306377
615.234 77.374177
621.094 77.429777
626.953 77.473777
632.812 77.506777
638.672 77.529477
644.531 77.542677
650.391 77.54727700000001
656.25 77.54427700000001
662.109 77.534577
667.969 77.519377
673.828 77.499477
679.688 77.475977
685.547 77.449777
691.406 77.421777
697.266 77.39277700000001
703.125 77.363277
708.984 77.333877
714.844 77.304877
720.703 77.276477
726.562 77.248777
732.422 77.22147700000001
738.281 77.194477
744.141 77.167277
750.0 77.13937700000001
755.859 77.110077
761.719 77.07897700000001
767.578 77.04517700000001
773.438 77.008077
779.297 76.966977
785.156 76.921377
791.016 76.870577
796.875 76.814177
802.734 76.751977
808.594 76.683577
814.453 76.608877
820.312 76.527877
826.172 76.440877
832.031 76.347977
837.891 76.19837700000001
843.75 76.145877
849.609 76.038977
855.469 75.928777
861.328 75.81617700000001
867.188 75.702077
873.047 75.58757700000001
878.906 75.473577
884.766 75.360977
890.625 75.250877
896.484 75.143977
902.344 75.040977
908.203 74.942477
914.062 74.848777
919.922 74.76007700000001
925.781 74.676277
931.641 74.597277
937.5 74.522577
943.359 74.451677
949.219 74.383877
955.078 74.318377
960.938 74.254577
966.797 74.191477
972.656 74.128577
978.516 74.064977
984.375 74.000077
990.234 73.933677
996.094 73.865277
1001.95 73.79477700000001
1007.81 73.722277
1013.67 73.64787700000001
1019.53 73.572177
1025.39 73.49547700000001
1031.25 73.418677
1037.11 73.342577
1042.97 73.268077
1048.83 73.19627700000001
1054.69 73.128277
1060.55 73.065177
1066.41 73.00787700000001
1072.27 72.957477
1078.12 72.914677
1083.98 72.880177
1089.84 72.85427700000001
1095.7 72.837177
1101.56 72.82897700000001
1107.42 72.829177
1113.28 72.837377
1119.14 72.852877
1125.0 72.87477700000001
1130.86 72.902077
1136.72 72.933777
1142.58 72.968677
1148.44 73.00577700000001
1154.3 73.043977
1160.16 73.082277
1166.02 73.119977
1171.88 73.156177
1177.73 73.190477
1183.59 73.222277
1189.45 73.251277
1195.31 73.277377
1201.17 73.30067700000001
1207.03 73.32127700000001
1212.89 73.339377
1218.75 73.35547700000001
1224.61 73.369877
1230.47 73.383277
1236.33 73.39617700000001
1242.19 73.409177
1248.05 73.422777
1253.91 73.437577
1259.77 73.45397700000001
1265.62 73.472277
1271.48 73.492777
1277.34 73.515477
1283.2 73.540377
1289.06 73.56737700000001
1294.92 73.595877
1300.78 73.625577
1306.64 73.655877
1312.5 73.686177
1318.36 73.71557700000001
1324.22 73.74337700000001
1330.08 73.768877
1335.94 73.791177
1341.8 73.80967700000001
1347.66 73.823677
1353.52 73.832577
1359.38 73.835877
1365.23 73.83327700000001
1371.09 73.824477
1376.95 73.809377
1382.81 73.787977
1388.67 73.760277
1394.53 73.72667700000001
1400.39 73.687377
1406.25 73.64277700000001
1412.11 73.59357700000001
1417.97 73.540177
1423.83 73.483377
1429.69 73.423677
1435.55 73.361877
1441.41 73.298477
1447.27 73.234077
1453.12 73.16927700000001
1458.98 73.104377
1464.84 73.039677
1470.7 72.975277
1476.56 72.911277
1482.42 72.847477
1488.28 72.78357700000001
1494.14 72.719277
1500.0 72.654077
1505.86 72.587277
1511.72 72.518277
1517.58 72.446477
1523.44 72.371177
1529.3 72.291677
1535.16 72.207477
1541.02 72.11787700000001
1546.88 72.022577
1552.73 71.921277
1558.59 71.813777
1564.45 71.699977
1570.31 71.579977
1576.17 71.454077
1582.03 71.322777
1587.89 71.186477
1593.75 71.045877
1599.61 70.901877
1605.47 70.75537700000001
1611.33 70.607377
1617.19 70.458877
1623.05 70.310877
1628.91 70.164377
1634.77 70.02027700000001
1640.62 69.879377
1646.48 69.742177
1652.34 69.609177
1658.2 69.48047700000001
1664.06 69.35597700000001
1669.92 69.235477
1675.78 69.11837700000001
1681.64 69.00407700000001
1687.5 68.891777
1693.36 68.780277
1699.22 68.66887700000001
1705.08 68.556377
1710.94 68.441877
1716.8 68.324477
1722.66 68.203377
1728.52 68.077977
1734.38 67.94797700000001
1740.23 67.81317700000001
1746.09 67.673477
1751.95 67.529177
1757.81 67.380877
1763.67 67.229177
1769.53 67.07507700000001
1775.39 66.91977700000001
1781.25 66.764477
1787.11 66.610577
1792.97 66.45957700000001
1798.83 66.312777
1804.69 66.17147700000001
1810.55 66.03697700000001
1816.41 65.910077
1822.27 65.791477
1828.12 65.681477
1833.98 65.579977
1839.84 65.486577
1845.7 65.400577
1851.56 65.320977
1857.42 65.246577
1863.28 65.175877
1869.14 65.10727700000001
1875.0 65.039477
1880.86 64.970777
1886.72 64.899777
1892.58 64.825377
1898.44 64.746277
1904.3 64.661777
1910.16 64.571077
1916.02 64.473777
1921.88 64.36967700000001
1927.73 64.258977
1933.59 64.141777
1939.45 64.018777
1945.31 63.89057700000001
1951.17 63.75827700000001
1957.03 63.622877
1962.89 63.485577000000006
1968.75 63.347977
1974.61 63.211377
1980.47 63.077177000000006
1986.33 62.94707700000001
1992.19 62.822176999999996
1998.05 62.703777
2003.91 62.592877
2009.77 62.49037700000001
2015.62 62.396777
2021.48 62.31227700000001
2027.34 62.236777000000004
2033.2 62.17017700000001
2039.06 62.111677
2044.92 62.060877000000005
2050.78 62.016577
2056.64 61.97787700000001
2062.5 61.943777
2068.36 61.913177000000005
2074.22 61.88507700000001
2080.08 61.85847700000001
2085.94 61.832677000000004
2091.8 61.806977
2097.66 61.780677
2103.52 61.75357700000001
2109.38 61.725277000000006
2115.23 61.695977
2121.09 61.665677
2126.95 61.634676999999996
2132.81 61.60337700000001
2138.67 61.572477000000006
2144.53 61.54257700000001
2150.39 61.514577
2156.25 61.48947700000001
2162.11 61.468277
2167.97 61.452077
2173.83 61.441877000000005
2179.69 61.438777
2185.55 61.443777
2191.41 61.457977
2197.27 61.481977
2203.12 61.516577
2208.98 61.562077
2214.84 61.61877700000001
2220.7 61.686677
2226.56 61.765377
2232.42 61.854377
2238.28 61.952977000000004
2244.14 62.059977
2250.0 62.17437700000001
2255.86 62.29477700000001
2261.72 62.419877
2267.58 62.547977
2273.44 62.677777000000006
2279.3 62.807677
2285.16 62.936477
2291.02 63.062777
2296.88 63.185277
2302.73 63.303177000000005
2308.59 63.41537700000001
2314.45 63.521377
2320.31 63.62047700000001
2326.17 63.712277
2332.03 63.796777000000006
2337.89 63.87387700000001
2343.75 63.94367700000001
2349.61 64.00657700000001
2355.47 64.063077
2361.33 64.11367700000001
2367.19 64.159177
2373.05 64.200377
2378.91 64.238077
2384.77 64.27327700000001
2390.62 64.306777
2396.48 64.339377
2402.34 64.371977
2408.2 64.404977
2414.06 64.439077
2419.92 64.47447700000001
2425.78 64.511177
2431.64 64.549277
2437.5 64.588277
2443.36 64.627677
2449.22 64.666877
2455.08 64.704977
2460.94 64.74117700000001
2466.8 64.774277
2472.66 64.803377
2478.52 64.827477
2484.38 64.845377
2490.23 64.856277
2496.09 64.85937700000001
2501.95 64.853877
2507.81 64.825377
2513.67 64.796177
2519.53 64.77417700000001
2525.39 64.73007700000001
2531.25 64.67617700000001
2537.11 64.61277700000001
2542.97 64.540177
2548.83 64.45907700000001
2554.69 64.370177
2560.55 64.274277
2566.41 64.172377
2572.27 64.065477
2578.12 63.95487700000001
2583.98 63.841677000000004
2589.84 63.726777
2595.7 63.61147700000001
2601.56 63.496577
2607.42 63.382677
2613.28 63.270477
2619.14 63.16027700000001
2625.0 63.051877000000005
2630.86 62.945277000000004
2636.72 62.839777
2642.58 62.734677000000005
2648.44 62.628977000000006
2654.3 62.521477000000004
2660.16 62.410877
2666.02 62.295777
2671.88 62.174677
2677.73 62.046077
2683.59 61.908677
2689.45 61.761177
2695.31 61.602277
2701.17 61.430977
2707.03 61.24637700000001
2712.89 61.047877
2718.75 60.83497700000001
2724.61 60.607377
2730.47 60.365177
2736.33 60.108677
2742.19 59.838577
2748.05 59.55547700000001
2753.91 59.260677
2759.77 58.955577000000005
2765.62 58.641777000000005
2771.48 58.32127700000001
2777.34 57.99587700000001
2783.2 57.667777
2789.06 57.338977
2794.92 57.01127700000001
2800.78 56.686177
2806.64 56.364777000000004
2812.5 56.047477
2818.36 55.73437700000001
2824.22 55.42437700000001
2830.08 55.116077000000004
2835.94 54.80707700000001
2841.8 54.49457700000001
2847.66 54.175477
2853.52 53.845877
2859.38 53.50227700000001
2865.23 53.140877
2871.09 52.758377
2876.95 52.351777000000006
2882.81 51.919177000000005
2888.67 51.459777
2894.53 50.97467700000001
2900.39 50.467377000000006
2906.25 49.945177
2912.11 49.419577000000004
2917.97 48.907077
2923.83 48.429877000000005
2929.69 48.013677
2935.55 47.684977
2941.41 47.466677000000004
2947.27 47.372677
2953.12 47.405377
2958.98 47.554477000000006
2964.84 47.799477
2970.7 48.114077
2976.56 48.471277
2982.42 48.84667700000001
2988.28 49.220777000000005
2994.14 49.579677000000004
3000.0 49.913977
3005.86 50.218477
3011.72 50.490777
3017.58 50.730777
3023.44 50.939977000000006
3029.3 51.12107700000001
3035.16 51.277777
3041.02 51.414477000000005
3046.88 51.535877000000006
3052.73 51.647077
3058.59 51.753077000000005
3064.45 51.858777
3070.31 51.968377000000004
3076.17 52.085477000000004
3082.03 52.212577
3087.89 52.350877000000004
3093.75 52.50077700000001
3099.61 52.660977
3105.47 52.829477000000004
3111.33 53.003377
3117.19 53.179277000000006
3123.05 53.353177
3128.91 53.521277000000005
3134.77 53.679777
3140.62 53.82527700000001
3146.48 53.954577
3152.34 54.065077
3158.2 54.15467700000001
3164.06 54.221577
3169.92 54.264577
3175.78 54.282977
3181.64 54.27667700000001
3187.5 54.245777000000004
3193.36 54.191177
3199.22 54.114077
3205.08 54.016377000000006
3210.94 53.900577000000006
3216.8 53.769477
3222.66 53.626877
3228.52 53.476777000000006
3234.38 53.323877
3240.23 53.172977
3246.09 53.028977000000005
3251.95 52.896677000000004
3257.81 52.780177
3263.67 52.682877000000005
3269.53 52.606777
3275.39 52.55257700000001
3281.25 52.519877
3287.11 52.506377
3292.97 52.508877000000005
3298.83 52.52347700000001
3304.69 52.545477000000005
3310.55 52.569977
3316.41 52.592377000000006
3322.27 52.608377000000004
3328.12 52.614277
3333.98 52.606877000000004
3339.84 52.584077
3345.7 52.544377000000004
3351.56 52.487277000000006
3357.42 52.412977000000005
3363.28 52.322977
3369.14 52.219277000000005
3375.0 52.105377000000004
3380.86 51.98537700000001
3386.72 51.864377000000005
3392.58 51.748177000000005
3398.44 51.642977
3404.3 51.555077000000004
3410.16 51.490577
3416.02 51.454477000000004
3421.88 51.450177000000004
3427.73 51.479777000000006
3433.59 51.542977
3439.45 51.637877
3445.31 51.760477
3451.17 51.905977
3457.03 52.068477
3462.89 52.241877
3468.75 52.420477000000005
3474.61 52.598777000000005
3480.47 52.772077
3486.33 52.936677
3492.19 53.089577000000006
3498.05 53.228577
3503.91 53.352377000000004
3509.77 53.460277000000005
3515.62 53.552477
3521.48 53.629577000000005
3527.34 53.692477000000004
3533.2 53.742977
3539.06 53.782977
3544.92 53.814677
3550.78 53.840577
3556.64 53.863277000000004
3562.5 53.885477
3568.36 53.909477
3574.22 53.937777000000004
3580.08 53.972177
3585.94 54.014177000000004
3591.8 54.064877
3597.66 54.124477000000006
3603.52 54.19277700000001
3609.38 54.269077
3615.23 54.352177000000005
3621.09 54.44027700000001
3626.95 54.531677
3632.81 54.624077
3638.67 54.715377000000004
3644.53 54.803377
3650.39 54.886177
3656.25 54.961977000000005
3662.11 55.029077
3667.97 55.08627700000001
3673.83 55.132377000000005
3679.69 55.16677700000001
3685.55 55.18897700000001
3691.41 55.19887700000001
3697.27 55.196477
3703.12 55.182277
3708.98 55.156977
3714.84 55.12137700000001
3720.7 55.07677700000001
3726.56 55.024277
3732.42 54.96557700000001
3738.28 54.902277
3744.14 54.836077
3750.0 54.76857700000001
3755.86 54.701577
3761.72 54.636577
3767.58 54.574977000000004
3773.44 54.51777700000001
3779.3 54.465777
3785.16 54.419477
3791.02 54.37877700000001
3796.88 54.343377000000004
3802.73 54.312577000000005
3808.59 54.285277
3814.45 54.260077
3820.31 54.235477
3826.17 54.209677000000006
3832.03 54.181077
3837.89 54.147677
3843.75 54.107977000000005
3849.61 54.06007700000001
3855.47 54.002577
3861.33 53.934277
3867.19 53.853877000000004
3873.05 53.760477
3878.91 53.653577000000006
3884.77 53.532477
3890.62 53.397177000000006
3896.48 53.247677
3902.34 53.084177000000004
3908.2 52.907177000000004
3914.06 52.717677
3919.92 52.516577000000005
3925.78 52.304977
3931.64 52.08447700000001
3937.5 51.856577
3943.36 51.622977000000006
3949.22 51.385177000000006
3955.08 51.145077
3960.94 50.904177000000004
3966.8 50.66367700000001
3972.66 50.424577000000006
3978.52 50.187677
3984.38 49.953077
3990.23 49.720577000000006
3996.09 49.489277
4001.95 49.257977000000004
4007.81 49.02497700000001
4013.67 48.788277
4019.53 48.545477000000005
4025.39 48.293977000000005
4031.25 48.031077
4037.11 47.753977000000006
4042.97 47.459977
4048.83 47.146477000000004
4054.69 46.810777
4060.55 46.450677000000006
4066.41 46.063877000000005
4072.27 45.64847700000001
4078.12 45.202777000000005
4083.98 44.725377
4089.84 44.215277
4095.7 43.671577000000006
4101.56 43.094277000000005
4107.42 42.483677
4113.28 41.840777
4119.14 41.167577
4125.0 40.46717700000001
4130.86 39.743977
4136.72 39.004077
4142.58 38.255777
4148.44 37.509377
4154.3 36.777777
4160.16 36.076277000000005
4166.02 35.422377000000004
4171.88 34.834977
4177.73 34.170977
4183.59 33.833077
4189.45 33.613077000000004
4195.31 33.617477
4201.17 33.578077
4207.03 33.65317700000001
4212.89 33.833277
4218.75 34.104677
4224.61 34.450877000000006
4230.47 34.854577000000006
4236.33 35.298477000000005
4242.19 35.766577000000005
4248.05 36.244977000000006
4253.91 36.722177
4259.77 37.188977
4265.62 37.638277
4271.48 38.06477700000001
4277.34 38.464777000000005
4283.2 38.83597700000001
4289.06 39.177077000000004
4294.92 39.487477000000005
4300.78 39.76747700000001
4306.64 40.01747700000001
4312.5 40.238677
4318.36 40.432477000000006
4324.22 40.600377
4330.08 40.744177
4335.94 40.865877000000005
4341.8 40.967577000000006
4347.66 41.051477000000006
4353.52 41.119777000000006
4359.38 41.174977000000005
4365.23 41.219377
4371.09 41.255677000000006
4376.95 41.286577
4382.81 41.314877
4388.67 41.343477
4394.53 41.37557700000001
4400.39 41.414477000000005
4406.25 41.463277000000005
4412.11 41.525377000000006
4417.97 41.603977
4423.83 41.701677000000004
4429.69 41.821077
4435.55 41.963677000000004
4441.41 42.130677000000006
4447.27 42.321877
4453.12 42.536577
4458.98 42.772877
4464.84 43.02817700000001
4470.7 43.299277000000004
4476.56 43.582377
4482.42 43.873477
4488.28 44.16837700000001
4494.14 44.463077000000006
4500.0 44.753877
4505.86 45.037377000000006
4511.72 45.310477000000006
4517.58 45.57077700000001
4523.44 45.81627700000001
4529.3 46.045377
4535.16 46.257077
4541.02 46.450877000000006
4546.88 46.626477
4552.73 46.78417700000001
4558.59 46.924777000000006
4564.45 47.04937700000001
4570.31 47.159277
4576.17 47.256477000000004
4582.03 47.342977000000005
4587.89 47.421177
4593.75 47.493877000000005
4599.61 47.563677000000006
4605.47 47.633477000000006
4611.33 47.706077
4617.19 47.783777
4623.05 47.868977
4628.91 47.963277000000005
4634.77 48.067977000000006
4640.62 48.183677
4646.48 48.310377
4652.34 48.447177
4658.2 48.592877
4664.06 48.745777000000004
4669.92 48.903577000000006
4675.78 49.063977
4681.64 49.224177000000005
4687.5 49.38177700000001
4693.36 49.533977
4699.22 49.678577000000004
4705.08 49.813177
4710.94 49.936077000000004
4716.8 50.045477000000005
4722.66 50.139977
4728.52 50.21867700000001
4734.38 50.280677000000004
4740.23 50.325677000000006
4746.09 50.353577
4751.95 50.364477
4757.81 50.359177
4763.67 50.338477000000005
4769.53 50.303577000000004
4775.39 50.256277000000004
4781.25 50.198677
4787.11 50.133077
4792.97 50.062177000000005
4798.83 49.989277
4804.69 49.917477000000005
4810.55 49.850177
4816.41 49.790777000000006
4822.27 49.742477
4828.12 49.70797700000001
4833.98 49.689577
4839.84 49.688777
4845.7 49.706377
4851.56 49.742277
4857.42 49.795377
4863.28 49.864077
4869.14 49.94577700000001
4875.0 50.037577000000006
4880.86 50.136377
4886.72 50.23857700000001
4892.58 50.340977
4898.44 50.440277
4904.3 50.533477000000005
4910.16 50.617977
4916.02 50.691577
4921.88 50.75227700000001
4927.73 50.798677000000005
4933.59 50.829877
4939.45 50.845077
4945.31 50.844077000000006
4951.17 50.82697700000001
4957.03 50.794377000000004
4962.89 50.747177
4968.75 50.686777000000006
4974.61 50.614677
4980.47 50.532977
4986.33 50.444177
4992.19 50.350777
4998.05 50.255877000000005
5003.91 50.162477
5009.77 50.07377700000001
5015.62 49.992877
5021.48 49.922477
5027.34 49.86507700000001
5033.2 49.822677000000006
5039.06 49.796477
5044.92 49.787077000000004
5050.78 49.794277
5056.64 49.817177
5062.5 49.854177
5068.36 49.90317700000001
5074.22 49.961577000000005
5080.08 50.02667700000001
5085.94 50.095577000000006
5091.8 50.165477
5097.66 50.233577000000004
5103.52 50.297677
5109.38 50.355477
5115.23 50.405377
5121.09 50.445977000000006
5126.95 50.47637700000001
5132.81 50.495977
5138.67 50.504777000000004
5144.53 50.503077000000005
5150.39 50.49157700000001
5156.25 50.471377000000004
5162.11 50.444077
5167.97 50.411377
5173.83 50.37557700000001
5179.69 50.339077
5185.55 50.304677000000005
5191.41 50.27497700000001
5197.27 50.252877000000005
5203.12 50.240977
5208.98 50.241777000000006
5214.84 50.257177000000006
5220.7 50.288777
5226.56 50.33747700000001
5232.42 50.403477
5238.28 50.486377000000005
5244.14 50.585277000000005
5250.0 50.698477000000004
5255.86 50.823877
5261.72 50.959277
5267.58 51.102077
5273.44 51.249477000000006
5279.3 51.399077000000005
5285.16 51.548477000000005
5291.02 51.695277000000004
5296.88 51.837777
5302.73 51.974177000000005
5308.59 52.103277000000006
5314.45 52.224177000000005
5320.31 52.336177000000006
5326.17 52.439077000000005
5332.03 52.532977
5337.89 52.61807700000001
5343.75 52.695177
5349.61 52.765277000000005
5355.47 52.829377
5361.33 52.889177000000004
5367.19 52.945977000000006
5373.05 53.001777000000004
5378.91 53.058177
5384.77 53.117077
5390.62 53.180277000000004
5396.48 53.249377
5402.34 53.325577
5408.2 53.410177000000004
5414.06 53.503877
5419.92 53.606877000000004
5425.78 53.719177
5431.64 53.840277
5437.5 53.969477000000005
5443.36 54.105477
5449.22 54.246877000000005
5455.08 54.392177000000004
5460.94 54.539477000000005
5466.8 54.68727700000001
5472.66 54.833777
5478.52 54.977377000000004
5484.38 55.11667700000001
5490.23 55.250477000000004
5496.09 55.37777700000001
5501.95 55.497777
5507.81 55.609877
5513.67 55.71377700000001
5519.53 55.809477
5525.39 55.89707700000001
5531.25 55.976977000000005
5537.11 56.049677
5542.97 56.115877
5548.83 56.176377
5554.69 56.232077000000004
5560.55 56.284076999999996
5566.41 56.33327700000001
5572.27 56.380577
5578.12 56.427077
5583.98 56.473477
5589.84 56.520477
5595.7 56.56867700000001
5601.56 56.61837700000001
5607.42 56.669877
5613.28 56.723077
5619.14 56.777877000000004
5625.0 56.833877
5630.86 56.89057700000001
5636.72 56.947477000000006
5642.58 57.003977000000006
5648.44 57.059377
5654.3 57.112877
5660.16 57.163977
5666.02 57.21207700000001
5671.88 57.25657700000001
5677.73 57.297377
5683.59 57.333977000000004
5689.45 57.366377
5695.31 57.394677
5701.17 57.419077
5707.03 57.439977
5712.89 57.45777700000001
5718.75 57.47317700000001
5724.61 57.48687700000001
5730.47 57.49977700000001
5736.33 57.512777
5742.19 57.52677700000001
5748.05 57.542777
5753.91 57.561677
5759.77 57.584377
5765.62 57.611577
5771.48 57.64407700000001
5777.34 57.682377
5783.2 57.72667700000001
5789.06 57.777277
5794.92 57.83407700000001
5800.78 57.89697700000001
5806.64 57.96547700000001
5812.5 58.039077000000006
5818.36 58.117177
5824.22 58.198977
5830.08 58.283477000000005
5835.94 58.369977000000006
5841.8 58.457477
5847.66 58.54517700000001
5853.52 58.67357700000001
5859.38 58.757377000000005
5865.23 58.838677000000004
5871.09 58.87567700000001
5876.95 58.951977
5882.81 59.02457700000001
5888.67 59.093377000000004
5894.53 59.158077000000006
5900.39 59.218777
5906.25 59.27547700000001
5912.11 59.32847700000001
5917.97 59.378077000000005
5923.83 59.424577
5929.69 59.46847700000001
5935.55 59.510377000000005
5941.41 59.550577000000004
5947.27 59.589877
5953.12 59.62867700000001
5958.98 59.66757700000001
5964.84 59.706877000000006
5970.7 59.747077000000004
5976.56 59.788477
5982.42 59.83107700000001
5988.28 59.875077000000005
5994.14 59.920377
6000.0 59.96677700000001
6005.86 60.014077
6011.72 60.06187700000001
6017.58 60.10977700000001
6023.44 60.157077
6029.3 60.20347700000001
6035.16 60.248177
6041.02 60.290777000000006
6046.88 60.33067700000001
6052.73 60.36747700000001
6058.59 60.400577
6064.45 60.429677
6070.31 60.454577
6076.17 60.47497700000001
6082.03 60.49077700000001
6087.89 60.502177
6093.75 60.509077000000005
6099.61 60.511677000000006
6105.47 60.51047700000001
6111.33 60.505577
6117.19 60.497477
6123.05 60.486677
6128.91 60.473577000000006
6134.77 60.458777
6140.62 60.442677
6146.48 60.425777
6152.34 60.40857700000001
6158.2 60.391377000000006
6164.06 60.374477
6169.92 60.358177
6175.78 60.342577000000006
6181.64 60.327877
6187.5 60.313877000000005
6193.36 60.30067700000001
6199.22 60.287977
6205.08 60.275777000000005
6210.94 60.263577
6216.8 60.251177
6222.66 60.238377
6228.52 60.224677
6234.38 60.20997700000001
6240.23 60.193977000000004
6246.09 60.176377
6251.95 60.157177000000004
6257.81 60.136177
6263.67 60.113377
6269.53 60.088877
6275.39 60.062777
6281.25 60.035177000000004
6287.11 60.00657700000001
6292.97 59.97707700000001
6298.83 59.947277
6304.69 59.917377
6310.55 59.887877
6316.41 59.85937700000001
6322.27 59.832077
6328.12 59.806477
6333.98 59.782877
6339.84 59.761677000000006
6345.7 59.74297700000001
6351.56 59.72707700000001
6357.42 59.71377700000001
6363.28 59.703177
6369.14 59.69497700000001
6375.0 59.689177
6380.86 59.685277
6386.72 59.68297700000001
6392.58 59.68167700000001
6398.44 59.681077
6404.3 59.680677
6410.16 59.679877000000005
6416.02 59.678377
6421.88 59.675477
6427.73 59.671077
6433.59 59.66457700000001
6439.45 59.65597700000001
6445.31 59.644977
6451.17 59.631477000000004
6457.03 59.615577
6462.89 59.59737700000001
6468.75 59.57687700000001
6474.61 59.554477000000006
6480.47 59.530377
6486.33 59.504977
6492.19 59.478677000000005
6498.05 59.451977
6503.91 59.425077
6509.77 59.398477
6515.62 59.37267700000001
6521.48 59.34777700000001
6527.34 59.324177000000006
6533.2 59.302177
6539.06 59.281677
6544.92 59.262877
6550.78 59.245677
6556.64 59.23007700000001
6562.5 59.215877000000006
6568.36 59.202877
6574.22 59.190777
6580.08 59.179377
6585.94 59.168277
6591.8 59.15727700000001
6597.66 59.14617700000001
6603.52 59.13457700000001
6609.38 59.122377
6615.23 59.109577
6621.09 59.095977000000005
6626.95 59.081677
6632.81 59.066777
6638.67 59.051477000000006
6644.53 59.035977
6650.39 59.02077700000001
6656.25 59.006277
6662.11 58.992777000000004
6667.97 58.98087700000001
6673.83 58.97107700000001
6679.69 58.963977
6685.55 58.95997700000001
6691.41 58.959677
6697.27 58.963277000000005
6703.12 58.971277
6708.98 58.98397700000001
6714.84 59.001277
6720.7 59.023477
6726.56 59.05027700000001
6732.42 59.08147700000001
6738.28 59.116977000000006
6744.14 59.15607700000001
6750.0 59.19837700000001
6755.86 59.24337700000001
6761.72 59.290277
6767.58 59.33837700000001
6773.44 59.387077000000005
6779.3 59.435677
6785.16 59.48347700000001
6791.02 59.52977700000001
6796.88 59.574177000000006
6802.73 59.616077000000004
6808.59 59.655077000000006
6814.45 59.690977000000004
6820.31 59.723377
6826.17 59.75237700000001
6832.03 59.777877000000004
6837.89 59.799977
6843.75 59.818877
6849.61 59.83497700000001
6855.47 59.848477
6861.33 59.859877
6867.19 59.86967700000001
6873.05 59.878277
6878.91 59.88627700000001
6884.77 59.894177
6890.62 59.902377
6896.48 59.911277
6902.34 59.921177
6908.2 59.932377
6914.06 59.945077
6919.92 59.959277
6925.78 59.974877000000006
6931.64 59.99167700000001
6937.5 60.009477000000004
6943.36 60.027877000000004
6949.22 60.04637700000001
6955.08 60.064577
6960.94 60.08197700000001
6966.8 60.09777700000001
6972.66 60.111577
6978.52 60.122877
6984.38 60.130977
6990.23 60.135577
6996.09 60.136177
7001.95 60.13247700000001
7007.81 60.124277000000006
7013.67 60.111377000000005
7019.53 60.093777
7025.39 60.071377
7031.25 60.044477
7037.11 60.013277
7042.97 59.97797700000001
7048.83 59.938877000000005
7054.69 59.896677
7060.55 59.851577000000006
7066.41 59.80417700000001
7072.27 59.755077
7078.12 59.704577
7083.98 59.653377000000006
7089.84 59.601777
7095.7 59.55027700000001
7101.56 59.499277000000006
7107.42 59.44887700000001
7113.28 59.399377
7119.14 59.350877
7125.0 59.303477
7130.86 59.25707700000001
7136.72 59.211577000000005
7142.58 59.166877
7148.44 59.12257700000001
7154.3 59.07857700000001
7160.16 59.03447700000001
7166.02 58.990177
7171.88 58.945177
7177.73 58.899377
7183.59 58.85247700000001
7189.45 58.804477000000006
7195.31 58.755077
7201.17 58.704277000000005
7207.03 58.65217700000001
7212.89 58.598877
7218.75 58.544477
7224.61 58.489277
7230.47 58.433577
7236.33 58.37777700000001
7242.19 58.322176999999996
7248.05 58.26727700000001
7253.91 58.213677000000004
7259.77 58.16157700000001
7265.62 58.11147700000001
7271.48 58.063777
7277.34 58.01897700000001
7283.2 57.977177
7289.06 57.93857700000001
7294.92 57.903377000000006
7300.78 57.871577
7306.64 57.84307700000001
7312.5 57.817677
7318.36 57.79517700000001
7324.22 57.775177
7330.08 57.757377000000005
7335.94 57.741077000000004
7341.8 57.725977
7347.66 57.711477
7353.52 57.697176999999996
7359.38 57.682377
7365.23 57.66667700000001
7371.09 57.649677
7376.95 57.630977
7382.81 57.610377
7388.67 57.58757700000001
7394.53 57.562577000000005
7400.39 57.53527700000001
7406.25 57.50577700000001
7412.11 57.474277
7417.97 57.440977000000004
7423.83 57.406277
7429.69 57.37047700000001
7435.55 57.33407700000001
7441.41 57.297477
7447.27 57.261177
7453.12 57.225677000000005
7458.98 57.191477000000006
7464.84 57.158877000000004
7470.7 57.128277
7476.56 57.099877000000006
7482.42 57.07387700000001
7488.28 57.050377
7494.14 57.02927700000001
7500.0 57.010377000000005
7505.86 56.993577
7511.72 56.978477
7517.58 56.964577000000006
7523.44 56.945277000000004
7529.3 56.931977
7535.16 56.918277
7541.02 56.903677
7546.88 56.894277
7552.73 56.876977
7558.59 56.85767700000001
7564.45 56.836077
7570.31 56.81187700000001
7576.17 56.785177000000004
7582.03 56.75577700000001
7587.89 56.723777
7593.75 56.68937700000001
7599.61 56.652877000000004
7605.47 56.614577
7611.33 56.57507700000001
7617.19 56.53487700000001
7623.05 56.494477
7628.91 56.454577
7634.77 56.41587700000001
7640.62 56.378977000000006
7646.48 56.34437700000001
7652.34 56.312877
7658.2 56.28487700000001
7664.06 56.260677
7669.92 56.240577
7675.78 56.224877000000006
7681.64 56.213477
7687.5 56.206277
7693.36 56.203177
7699.22 56.203777
7705.08 56.207477
7710.94 56.213977
7716.8 56.22237700000001
7722.66 56.23227700000001
7728.52 56.24287700000001
7734.38 56.25357700000001
7740.23 56.263577
7746.09 56.27247700000001
7751.95 56.279477
7757.81 56.284377000000006
7763.67 56.286677
7769.53 56.28617700000001
7775.39 56.28277700000001
7781.25 56.276477
7787.11 56.26727700000001
7792.97 56.255477
7798.83 56.241377
7804.69 56.225477
7810.55 56.208177000000006
7816.41 56.190077
7822.27 56.171677
7828.12 56.153777000000005
7833.98 56.136877
7839.84 56.121577
7845.7 56.108277
7851.56 56.097577
7857.42 56.089777
7863.28 56.085077
7869.14 56.083577000000005
7875.0 56.085277000000005
7880.86 56.089877
7886.72 56.097277000000005
7892.58 56.106977
7898.44 56.118477
7904.3 56.13117700000001
7910.16 56.14447700000001
7916.02 56.15777700000001
7921.88 56.17017700000001
7927.73 56.18127700000001
7933.59 56.19027700000001
7939.45 56.196777
7945.31 56.20007700000001
7951.17 56.199877
7957.03 56.195977
7962.89 56.18807700000001
7968.75 56.176277
7974.61 56.160577
7980.47 56.14107700000001
7986.33 56.118177
7992.19 56.092377
7998.05 56.064077
8003.91 56.033877000000004
8009.77 56.00237700000001
8015.62 55.970377
8021.48 55.938477000000006
8027.34 55.907377
8033.2 55.87777700000001
8039.06 55.850177
8044.92 55.82507700000001
8050.78 55.802977
8056.64 55.784177
8062.5 55.768677
8068.36 55.75657700000001
8074.22 55.74767700000001
8080.08 55.741877
8085.94 55.738777
8091.8 55.73777700000001
8097.66 55.738377
8103.52 55.740077
8109.38 55.74207700000001
8115.23 55.743677000000005
8121.09 55.744377
8126.95 55.74337700000001
8132.81 55.740277000000006
8138.67 55.73437700000001
8144.53 55.725577
8150.39 55.713277000000005
8156.25 55.69757700000001
8162.11 55.678377
8167.97 55.655777
8173.83 55.629977
8179.69 55.601377
8185.55 55.570477
8191.41 55.53787700000001
8197.27 55.504177
8203.12 55.470077
8208.98 55.43637700000001
8214.84 55.403977
8220.7 55.373377000000005
8226.56 55.345477
8232.42 55.32077700000001
8238.28 55.299777000000006
8244.14 55.282877
8250.0 55.270177000000004
8255.86 55.261877
8261.72 55.257677
8267.58 55.25747700000001
8273.44 55.260677
8279.3 55.266677
8285.16 55.274777
8291.02 55.284177
8296.88 55.294077
8302.73 55.30327700000001
8308.59 55.311077
8314.45 55.31657700000001
8320.31 55.31867700000001
8326.17 55.316877000000005
8332.03 55.310277
8337.89 55.298277
8343.75 55.28057700000001
8349.61 55.25667700000001
8355.47 55.226477
8361.33 55.189977
8367.19 55.14707700000001
8373.05 55.09817700000001
8378.91 55.043677
8384.77 54.98387700000001
8390.62 54.919477
8396.48 54.85117700000001
8402.34 54.77967700000001
8408.2 54.705777
8414.06 54.63037700000001
8419.92 54.554277
8425.78 54.478277000000006
8431.64 54.403277
8437.5 54.329777
8443.36 54.258577
8449.22 54.190077
8455.08 54.124777
8460.94 54.062777000000004
8466.8 54.004377000000005
8472.66 53.949477
8478.52 53.898077
8484.38 53.849777
8490.23 53.804377
8496.09 53.761477000000006
8501.95 53.720677
8507.81 53.681477
8513.67 53.643477000000004
8519.53 53.606277000000006
8525.39 53.569477000000006
8531.25 53.532777
8537.11 53.495977
8542.97 53.458977000000004
8548.83 53.421677
8554.69 53.384177
8560.55 53.34667700000001
8566.41 53.309277
8572.27 53.272577000000005
8578.12 53.236677
8583.98 53.202077
8589.84 53.169377000000004
8595.7 53.138777000000005
8601.56 53.110877
8607.42 53.08597700000001
8613.28 53.064377
8619.14 53.04637700000001
8625.0 53.031977000000005
8630.86 53.021277000000005
8636.72 53.014177000000004
8642.58 53.010377000000005
8648.44 53.009677
8654.3 53.011577
8660.16 53.015477000000004
8666.02 53.020977
8671.88 53.027177
8677.73 53.033577
8683.59 53.039477000000005
8689.45 53.044177000000005
8695.31 53.047077
8701.17 53.047477
8707.03 53.045077000000006
8712.89 53.039377
8718.75 53.030177
8724.61 53.017277
8730.47 53.00057700000001
8736.33 52.980277
8742.19 52.95647700000001
8748.05 52.929677000000005
8753.91 52.900277
8759.77 52.868877000000005
8765.62 52.836177000000006
8771.48 52.802777000000006
8777.34 52.769577000000005
8783.2 52.737277000000006
8789.06 52.706677000000006
8794.92 52.678577000000004
8800.78 52.653477
8806.64 52.632077
8812.5 52.614677
8818.36 52.601677
8824.22 52.593177000000004
8830.08 52.589077
8835.94 52.589377000000006
8841.8 52.593477
8847.66 52.60117700000001
8853.52 52.611677
8859.38 52.624477000000006
8865.23 52.638677
8871.09 52.653577000000006
8876.95 52.66837700000001
8882.81 52.682377
8888.67 52.694877000000005
8894.53 52.705177000000006
8900.39 52.712777
8906.25 52.717377000000006
8912.11 52.718477
8917.97 52.716077000000006
8923.83 52.710077000000005
8929.69 52.700677000000006
8935.55 52.687877
8941.41 52.672177000000005
8947.27 52.653977000000005
8953.12 52.633777
8958.98 52.612177
8964.84 52.589777000000005
8970.7 52.567177
8976.56 52.544977
8982.42 52.523877000000006
8988.28 52.504277
8994.14 52.486777000000004
9000.0 52.471577
9005.86 52.458977000000004
9011.72 52.449177000000006
9017.58 52.442177
9023.44 52.437777000000004
9029.3 52.435877000000005
9035.16 52.435977
9041.02 52.437777000000004
9046.88 52.440677
9052.73 52.444377
9058.59 52.448077000000005
9064.45 52.451277000000005
9070.31 52.45347700000001
9076.17 52.454177
9082.03 52.453077
9087.89 52.449677
9093.75 52.443777000000004
9099.61 52.435377
9105.47 52.42437700000001
9111.33 52.410877000000006
9117.19 52.395277
9123.05 52.377677000000006
9128.91 52.358777
9134.77 52.338877000000004
9140.62 52.318777000000004
9146.48 52.299077000000004
9152.34 52.280377
9158.2 52.263477
9164.06 52.248777000000004
9169.92 52.236977
9175.78 52.228477000000005
9181.64 52.223577000000006
9187.5 52.222477000000005
9193.36 52.231577
9199.22 52.239277
9205.08 52.249877000000005
9210.94 52.26297700000001
9216.8 52.277877000000004
9222.66 52.286477000000005
9228.52 52.301577
9234.38 52.316377
9240.23 52.32997700000001
9246.09 52.341477000000005
9251.95 52.350077000000006
9257.81 52.354977000000005
9263.67 52.355377000000004
9269.53 52.350577
9275.39 52.340177000000004
9281.25 52.323877
9287.11 52.301277000000006
9292.97 52.272377000000006
9298.83 52.237377
9304.69 52.196677
9310.55 52.150577000000006
9316.41 52.099777
9322.27 52.045077000000006
9328.12 51.987477000000005
9333.98 51.927977000000006
9339.84 51.867577000000004
9345.7 51.807477000000006
9351.56 51.748877
9357.42 51.692677
9363.28 51.640077000000005
9369.14 51.591777
9375.0 51.548577
9380.86 51.510877
9386.72 51.479177
9392.58 51.453377
9398.44 51.433377
9404.3 51.418877
9410.16 51.409277
9416.02 51.403777000000005
9421.88 51.40167700000001
9427.73 51.401777
9433.59 51.403077
9439.45 51.404477
9445.31 51.404877000000006
9451.17 51.403277
9457.03 51.398677000000006
9462.89 51.390277000000005
9468.75 51.377377
9474.61 51.359477000000005
9480.47 51.336277
9486.33 51.307577
9492.19 51.27347700000001
9498.05 51.234177
9503.91 51.190277
9509.77 51.142277
9515.62 51.090977
9521.48 51.037277
9527.34 50.98237700000001
9533.2 50.927277000000004
9539.06 50.873177000000005
9544.92 50.821277
9550.78 50.772677
9556.64 50.728577
9562.5 50.689677
9568.36 50.656877
9574.22 50.630777
9580.08 50.611677
9585.94 50.599777
9591.8 50.594877000000004
9597.66 50.596577
9603.52 50.604477
9609.38 50.617677
9615.23 50.635177000000006
9621.09 50.655877000000004
9626.95 50.678577000000004
9632.81 50.702177000000006
9638.67 50.725177
9644.53 50.746477000000006
9650.39 50.764877000000006
9656.25 50.779377000000004
9662.11 50.788977
9667.97 50.792877000000004
9673.83 50.790777000000006
9679.69 50.782177000000004
9685.55 50.767077
9691.41 50.745477
9697.27 50.717877
9703.12 50.684777000000004
9708.98 50.64697700000001
9714.84 50.605477
9720.7 50.561477000000004
9726.56 50.516177000000006
9732.42 50.470977000000005
9738.28 50.427277000000004
9744.14 50.386477000000006
9750.0 50.349777
9755.86 50.318377000000005
9761.72 50.29337700000001
9767.58 50.275377000000006
9773.44 50.264977
9779.3 50.262377
9785.16 50.26747700000001
9791.02 50.280077000000006
9796.88 50.299277000000004
9802.73 50.324477
9808.59 50.354277
9814.45 50.387577
9820.31 50.422977
9826.17 50.458977000000004
9832.03 50.494077000000004
9837.89 50.526777
9843.75 50.555877
9849.61 50.57997700000001
9855.47 50.598077
9861.33 50.609277000000006
9867.19 50.612977
9873.05 50.608677
9878.91 50.596177000000004
9884.77 50.57547700000001
9890.62 50.546777000000006
9896.48 50.510677
9902.34 50.467577000000006
9908.2 50.418477
9914.06 50.364377000000005
9919.92 50.306377000000005
9925.78 50.245577000000004
9931.64 50.183277000000004
9937.5 50.120877
9943.36 50.059577000000004
9949.22 50.00057700000001
9955.08 49.944977
9960.94 49.893677000000004
9966.8 49.847577
9972.66 49.807177
9978.52 49.772877
9984.38 49.744977000000006
9990.23 49.723277
9996.09 49.707577
10002.0 49.697577
10007.8 49.692477000000004
10013.7 49.691777
10019.5 49.694477000000006
10025.4 49.699977000000004
10031.2 49.707277000000005
10037.1 49.715577
10043.0 49.724277
10048.8 49.732577000000006
10054.7 49.739977
10060.5 49.746177
10066.4 49.750877
10072.3 49.753877
10078.1 49.755377
10084.0 49.755477000000006
10089.8 49.754377000000005
10095.7 49.752577
10101.6 49.750477000000004
10107.4 49.748577000000004
10113.3 49.747377
10119.1 49.747277000000004
10125.0 49.748777000000004
10130.9 49.75227700000001
10136.7 49.757977000000004
10142.6 49.76597700000001
10148.4 49.776377000000004
10154.3 49.788977
10160.2 49.803577000000004
10166.0 49.819677000000006
10171.9 49.836877
10177.7 49.85437700000001
10183.6 49.871677000000005
10189.5 49.887877
10195.3 49.902277000000005
10201.2 49.91387700000001
10207.0 49.922077
10212.9 49.926177
10218.8 49.925377000000005
10224.6 49.919277
10230.5 49.907577
10236.3 49.889877000000006
10242.2 49.866177
10248.0 49.836777000000005
10253.9 49.801877000000005
10259.8 49.761977
10265.6 49.717777000000005
10271.5 49.670277000000006
10277.3 49.620377000000005
10283.2 49.569377
10289.1 49.518277000000005
10294.9 49.468477
10300.8 49.421277
10306.6 49.377777
10312.5 49.339277
10318.4 49.306477
10324.2 49.280377
10330.1 49.261377
10335.9 49.249777
10341.8 49.245677
10347.7 49.248677
10353.5 49.258377
10359.4 49.273877000000006
10365.2 49.294377000000004
10371.1 49.318577000000005
10377.0 49.345277
10382.8 49.372977000000006
10388.7 49.400477
10394.5 49.426277000000006
10400.4 49.449077
10406.2 49.467677
10412.1 49.481077000000006
10418.0 49.48837700000001
10423.8 49.488877
10429.7 49.482277
10435.5 49.468177000000004
10441.4 49.446777000000004
10447.3 49.418277
10453.1 49.38327700000001
10459.0 49.342377000000006
10464.8 49.296677
10470.7 49.247377
10476.6 49.195577
10482.4 49.142877000000006
10488.3 49.09067700000001
10494.1 49.040577000000006
10500.0 48.994077000000004
10505.9 48.952677
10511.7 48.917577
10517.6 48.889877000000006
10523.4 48.870577000000004
10529.3 48.860177
10535.2 48.859077000000006
10541.0 48.867277
10546.9 48.884577
10552.7 48.910377000000004
10558.6 48.943777000000004
10564.5 48.98387700000001
10570.3 49.029377000000004
10576.2 49.078877000000006
10582.0 49.130977
10587.9 49.184177000000005
10593.8 49.236977
10599.6 49.288077
10605.5 49.336177000000006
10611.3 49.380077
10617.2 49.418977000000005
10623.0 49.452077
10628.9 49.478877000000004
10634.8 49.499177
10640.6 49.512877
10646.5 49.520277
10652.3 49.521677000000004
10658.2 49.517777
10664.1 49.509377
10669.9 49.497377
10675.8 49.482977000000005
10681.6 49.467277
10687.5 49.451577
10693.4 49.436977000000006
10699.2 49.424777000000006
10705.1 49.415977000000005
10710.9 49.411477000000005
10716.8 49.412077000000004
10722.7 49.418177
10728.5 49.430077000000004
10734.4 49.447977
10740.2 49.471477
10746.1 49.500077000000005
10752.0 49.533277000000005
10757.8 49.569877000000005
10763.7 49.609077000000006
10769.5 49.649577
10775.4 49.689977000000006
10781.2 49.729277
10787.1 49.765877
10793.0 49.798777
10798.8 49.826877
10804.7 49.849077
10810.5 49.864677
10816.4 49.872977000000006
10822.3 49.873677
10828.1 49.866377
10834.0 49.85137700000001
10839.8 49.828677000000006
10845.7 49.798677000000005
10851.6 49.762177
10857.4 49.719777
10863.3 49.643577
10869.1 49.592377000000006
10875.0 49.539077000000006
10880.9 49.484877000000004
10886.7 49.430777000000006
10892.6 49.377877000000005
10898.4 49.327177000000006
10904.3 49.307777
10910.2 49.26277700000001
10916.0 49.221477
10921.9 49.184477
10927.7 49.151877000000006
10933.6 49.123877
10939.5 49.100277000000006
10945.3 49.080877
10951.2 49.065377000000005
10957.0 49.053077
10962.9 49.043577000000006
10968.8 49.036277000000005
10974.6 49.030277000000005
10980.5 49.025077
10986.3 49.019977000000004
10992.2 49.01447700000001
10998.0 49.008177
11003.9 49.00077700000001
11009.8 48.991977000000006
11015.6 48.981777
11021.5 48.970277
11027.3 48.957777
11033.2 48.944377
11039.1 48.930777000000006
11044.9 48.917377
11050.8 48.90467700000001
11056.6 48.893477000000004
11062.5 48.884277000000004
11068.4 48.877677000000006
11074.2 48.874177
11080.1 48.874277000000006
11085.9 48.878177
11091.8 48.886177
11097.7 48.898377
11103.5 48.914777
11109.4 48.934977
11115.2 48.958877
11121.1 48.985877
11127.0 49.015477000000004
11132.8 49.047177000000005
11138.7 49.080077
11144.5 49.11357700000001
11150.4 49.146877
11156.2 49.179377
11162.1 49.210377
11168.0 49.239377000000005
11173.8 49.26597700000001
11179.7 49.289677000000005
11185.5 49.310477000000006
11191.4 49.328277
11197.3 49.343177000000004
11203.1 49.355477
11209.0 49.365677000000005
11214.8 49.374277000000006
11220.7 49.381977000000006
11226.6 49.389377
11232.4 49.397477
11238.3 49.406877
11244.1 49.418577000000006
11250.0 49.433177
11255.9 49.451477000000004
11261.7 49.473877
11267.6 49.500877
11273.4 49.532777
11279.3 49.569577
11285.2 49.611177000000005
11291.0 49.657377000000004
11296.9 49.707577
11302.7 49.761377
11308.6 49.817877
11314.5 49.876377000000005
11320.3 49.935777
11326.2 49.995177000000005
11332.0 50.053677
11337.9 50.110177
11343.8 50.16387700000001
11349.6 50.213977
11355.5 50.25977700000001
11361.3 50.300777000000004
11367.2 50.336577000000005
11373.0 50.366977000000006
11378.9 50.391877
11384.8 50.411577
11390.6 50.426277000000006
11396.5 50.43657700000001
11402.3 50.443077
11408.2 50.446377000000005
11414.1 50.447577
11419.9 50.447377
11425.8 50.446877
11431.6 50.446877
11437.5 50.448377
11443.4 50.452077
11449.2 50.458877
11455.1 50.469177
11460.9 50.483477
11466.8 50.502177
11472.7 50.525177000000006
11478.5 50.552477
11484.4 50.583877
11490.2 50.618877000000005
11496.1 50.656977000000005
11502.0 50.697477000000006
11507.8 50.739577000000004
11513.7 50.782477
11519.5 50.825377
11525.4 50.867277
11531.2 50.907477
11537.1 50.945177
11543.0 50.979577000000006
11548.8 51.010377000000005
11554.7 51.036977
11560.5 51.059277
11566.4 51.07697700000001
11572.3 51.090277
11578.1 51.099277
11584.0 51.10437700000001
11589.8 51.106177
11595.7 51.105077
11601.6 51.101777000000006
11607.4 51.097177
11613.3 51.091977
11619.1 51.086977000000005
11625.0 51.08297700000001
11630.9 51.080677
11636.7 51.080677
11642.6 51.083677
11648.4 51.089977000000005
11654.3 51.099877000000006
11660.2 51.11357700000001
11666.0 51.130977
11671.9 51.152077000000006
11677.7 51.176377
11683.6 51.203677000000006
11689.5 51.233277
11695.3 51.264677000000006
11701.2 51.297177000000005
11707.0 51.32997700000001
11712.9 51.362477000000005
11718.8 51.393877
11724.6 51.423577
11730.5 51.450977
11736.3 51.475577
11742.2 51.496977
11748.0 51.514777
11753.9 51.528977000000005
11759.8 51.539477000000005
11765.6 51.546277
11771.5 51.549577000000006
11777.3 51.549677
11783.2 51.546877
11789.1 51.541677
11794.9 51.534377000000006
11800.8 51.525577000000006
11806.6 51.515777
11812.5 51.505377
11818.4 51.494777000000006
11824.2 51.484577
11830.1 51.474877000000006
11835.9 51.466077000000006
11841.8 51.458277
11847.7 51.451577
11853.5 51.446077
11859.4 51.441477000000006
11865.2 51.437777000000004
11871.1 51.434777000000004
11877.0 51.432277000000006
11882.8 51.429877000000005
11888.7 51.427277000000004
11894.5 51.42437700000001
11900.4 51.420777
11906.2 51.416277
11912.1 51.410777
11918.0 51.404277
11923.8 51.396577
11929.7 51.38797700000001
11935.5 51.378377
11941.4 51.368277000000006
11947.3 51.357977000000005
11953.1 51.347677000000004
11959.0 51.337877000000006
11964.8 51.329177
11970.7 51.321777000000004
11976.6 51.316377
11982.4 51.313177
11988.3 51.312577000000005
11994.1 51.314977000000006
12000.0 51.320377
12005.9 51.329077000000005
12011.7 51.340977
12017.6 51.35587700000001
12023.4 51.373677
12029.3 51.393877
12035.2 51.416277
12041.0 51.440177000000006
12046.9 51.465077
12052.7 51.490277000000006
12058.6 51.515377
12064.5 51.539577
12070.3 51.562277
12076.2 51.58297700000001
12082.0 51.601277
12087.9 51.616777000000006
12093.8 51.629177000000006
12099.6 51.638377000000006
12105.5 51.644377000000006
12111.3 51.647377000000006
12117.2 51.647577000000005
12123.0 51.645577
12128.9 51.641877
12134.8 51.637077000000005
12140.6 51.631977000000006
12146.5 51.627477000000006
12152.3 51.624277000000006
12158.2 51.623177000000005
12164.1 51.625177
12169.9 51.630977
12175.8 51.641077
12181.6 51.656077
12187.5 51.676277000000006
12193.4 51.701877
12199.2 51.732977000000005
12205.1 51.769177000000006
12210.9 51.810377
12216.8 51.855777
12222.7 51.904877000000006
12228.5 51.956877000000006
12234.4 52.010677
12240.2 52.065377000000005
12246.1 52.119877
12252.0 52.173177
12257.8 52.224377000000004
12263.7 52.272377000000006
12269.5 52.316377
12275.4 52.355677
12281.2 52.389677000000006
12287.1 52.418077000000004
12293.0 52.440577000000005
12298.8 52.457277000000005
12304.7 52.468177000000004
12310.5 52.473777000000005
12316.4 52.474577000000004
12322.3 52.471277
12328.1 52.464677
12334.0 52.455677
12339.8 52.445477000000004
12345.7 52.434877
12351.6 52.425077
12357.4 52.417077000000006
12363.3 52.411877000000004
12369.1 52.410177000000004
12375.0 52.412777000000006
12380.9 52.420177
12386.7 52.432777
12392.6 52.450677000000006
12398.4 52.473677
12404.3 52.501777000000004
12410.2 52.534377000000006
12416.0 52.570877
12421.9 52.610577000000006
12427.7 52.652577
12433.6 52.695877
12439.5 52.739477
12445.3 52.782477
12451.2 52.823677
12457.0 52.862277000000006
12462.9 52.897477
12468.8 52.928577000000004
12474.6 52.95497700000001
12480.5 52.976277
12486.3 52.992277
12492.2 53.002977
12498.0 53.008477000000006
12503.9 53.009177
12509.8 53.005477000000006
12515.6 52.997977000000006
12521.5 52.987477000000005
12527.3 52.974877000000006
12533.2 52.954177
12539.1 52.941677000000006
12544.9 52.930177
12550.8 52.920577
12556.6 52.91367700000001
12562.5 52.910177000000004
12568.4 52.910577
12574.2 52.915277
12580.1 52.926877000000005
12585.9 52.938377
12591.8 52.954277000000005
12597.7 52.974377000000004
12603.5 52.998377000000005
12609.4 53.025877
12615.2 53.056477
12621.1 53.089377000000006
12627.0 53.123977000000004
12632.8 53.159577000000006
12638.7 53.195377
12644.5 53.230577000000004
12650.4 53.264577
12656.2 53.296777000000006
12662.1 53.326477000000004
12668.0 53.353277000000006
12673.8 53.376877
12679.7 53.39697700000001
12685.5 53.41367700000001
12691.4 53.426777
12697.3 53.43657700000001
12703.1 53.443277
12709.0 53.44727700000001
12714.8 53.448977000000006
12720.7 53.448977000000006
12726.6 53.447677000000006
12732.4 53.445677
12738.3 53.443477
12744.1 53.441577
12750.0 53.440477
12755.9 53.440477
12761.7 53.441977
12767.6 53.445077000000005
12773.4 53.449877
12779.3 53.456377
12785.2 53.464477
12791.0 53.473977000000005
12796.9 53.484677000000005
12802.7 53.49607700000001
12808.6 53.507777000000004
12814.5 53.519277
12820.3 53.530177
12826.2 53.539977
12832.0 53.548177
12837.9 53.554277000000006
12843.8 53.558077000000004
12849.6 53.559177000000005
12855.5 53.557477000000006
12861.3 53.552877
12867.2 53.545477000000005
12873.0 53.535377000000004
12878.9 53.522777000000005
12884.8 53.50827700000001
12890.6 53.492077
12896.5 53.474977
12902.3 53.457377
12908.2 53.439977000000006
12914.1 53.423477000000005
12919.9 53.408477000000005
12925.8 53.395377
12931.6 53.384977000000006
12937.5 53.377377
12943.4 53.373177000000005
12949.2 53.372477
12955.1 53.375277000000004
12960.9 53.381677
12966.8 53.391377000000006
12972.7 53.404077
12978.5 53.419377000000004
12984.4 53.436877
12990.2 53.455777000000005
12996.1 53.475477000000005
13002.0 53.495277
13007.8 53.51447700000001
13013.7 53.532377000000004
13019.5 53.548377
13025.4 53.561677
13031.2 53.571877
13037.1 53.578677000000006
13043.0 53.581677000000006
13048.8 53.580877
13054.7 53.576177
13060.5 53.567877
13066.4 53.556177000000005
13072.3 53.541677
13078.1 53.52497700000001
13084.0 53.506577
13089.8 53.487477000000005
13095.7 53.468277
13101.6 53.449977000000004
13107.4 53.433377
13113.3 53.419277
13119.1 53.408377
13125.0 53.401177000000004
13130.9 53.398377
13136.7 53.400177000000006
13142.6 53.406777000000005
13148.4 53.418177
13154.3 53.434377000000005
13160.2 53.45497700000001
13166.0 53.479477
13171.9 53.507377000000005
13177.7 53.537777000000006
13183.6 53.569977
13189.5 53.602977
13195.3 53.635777000000004
13201.2 53.667577
13207.0 53.697177
13212.9 53.723877
13218.8 53.746677000000005
13224.6 53.764977
13230.5 53.778077
13236.3 53.78567700000001
13242.2 53.787477
13248.0 53.783277000000005
13253.9 53.773377
13259.8 53.757877
13265.6 53.737377
13271.5 53.71247700000001
13277.3 53.683877
13283.2 53.652377
13289.1 53.619077000000004
13294.9 53.584977
13300.8 53.55107700000001
13306.6 53.518477000000004
13312.5 53.487977
13318.4 53.460677000000004
13324.2 53.437177000000005
13330.1 53.418177
13335.9 53.404177000000004
13341.8 53.395577
13347.7 53.392277
13353.5 53.394377000000006
13359.4 53.401577
13365.2 53.413477
13371.1 53.429477000000006
13377.0 53.448877
13382.8 53.470877
13388.7 53.494477
13394.5 53.518877
13400.4 53.542877000000004
13406.2 53.565677
13412.1 53.586377000000006
13418.0 53.604077000000004
13423.8 53.618177
13429.7 53.628077000000005
13435.5 53.63327700000001
13441.4 53.633777
13447.3 53.629277
13453.1 53.619977000000006
13459.0 53.606177
13464.8 53.588177
13470.7 53.566677000000006
13476.6 53.542277000000006
13482.4 53.515677000000004
13488.3 53.487677000000005
13494.1 53.459177000000004
13500.0 53.430977000000006
13505.9 53.403777000000005
13511.7 53.378377
13517.6 53.355477
13523.4 53.335377
13529.3 53.318677
13535.2 53.305477
13541.0 53.296077000000004
13546.9 53.290177
13552.7 53.287877
13558.6 53.28867700000001
13564.5 53.292277000000006
13570.3 53.297977
13576.2 53.305177
13582.0 53.313377
13587.9 53.321677
13593.8 53.329477000000004
13599.6 53.33597700000001
13605.5 53.34067700000001
13611.3 53.342977000000005
13617.2 53.342477
13623.0 53.338777
13628.9 53.331877000000006
13634.8 53.321477
13640.6 53.307877000000005
13646.5 53.291177000000005
13652.3 53.271877
13658.2 53.250377
13664.1 53.227377000000004
13669.9 53.203277
13675.8 53.178977
13681.6 53.155177
13687.5 53.132377000000005
13693.4 53.111477
13699.2 53.092877
13705.1 53.077277
13710.9 53.06477700000001
13716.8 53.055977000000006
13722.7 53.050777000000004
13728.5 53.049177
13734.4 53.051177
13740.2 53.056377000000005
13746.1 53.064377
13752.0 53.074577000000005
13757.8 53.086477
13763.7 53.099277
13769.5 53.112177
13775.4 53.124477000000006
13781.2 53.135377000000005
13787.1 53.14397700000001
13793.0 53.149777
13798.8 53.151977
13804.7 53.150177000000006
13810.5 53.144077
13816.4 53.13327700000001
13822.3 53.117777000000004
13828.1 53.097577
13834.0 53.072977
13839.8 53.044377000000004
13845.7 53.012177
13851.6 52.977077
13857.4 52.93977700000001
13863.3 52.901077
13869.1 52.86187700000001
13875.0 52.822977
13880.9 52.785277
13886.7 52.749477000000006
13892.6 52.716377
13898.4 52.686477000000004
13904.3 52.660477
13910.2 52.638577000000005
13916.0 52.62107700000001
13921.9 52.607977000000005
13927.7 52.599177000000005
13933.6 52.594377
13939.5 52.593277
13945.3 52.595277
13951.2 52.59967700000001
13957.0 52.605777
13962.9 52.612777
13968.8 52.619877
13974.6 52.626277
13980.5 52.631077000000005
13986.3 52.633477000000006
13992.2 52.632977000000004
13998.0 52.628977000000006
14003.9 52.620977
14009.8 52.608777
14015.6 52.59217700000001
14021.5 52.571277
14027.3 52.546177
14033.2 52.517277
14039.1 52.484877000000004
14044.9 52.449677
14050.8 52.412077000000004
14056.6 52.372977000000006
14062.5 52.33297700000001
14068.4 52.292877000000004
14074.2 52.253277000000004
14080.1 52.214877
14085.9 52.178177000000005
14091.8 52.143677000000004
14097.7 52.111777000000004
14103.5 52.082677000000004
14109.4 52.056377000000005
14115.2 52.032977
14121.1 52.012177
14127.0 51.993777
14132.8 51.977277
14138.7 51.962177000000004
14144.5 51.947777
14150.4 51.93357700000001
14156.2 51.918877
14162.1 51.902777
14168.0 51.884877
14173.8 51.864377000000005
14179.7 51.840777
14185.5 51.813777
14191.4 51.782977
14197.3 51.748377000000005
14203.1 51.682777
14209.0 51.63947700000001
14214.8 51.593277
14220.7 51.544777
14226.6 51.49457700000001
14232.4 51.443477
14238.3 51.392177000000004
14244.1 51.341677000000004
14250.0 51.292777
14255.9 51.274077000000005
14261.7 51.230577000000004
14267.6 51.190277
14273.4 51.153977000000005
14279.3 51.122077000000004
14285.2 51.094877000000004
14291.0 51.072577
14296.9 51.055177
14302.7 51.042577
14308.6 51.034677
14314.5 51.030877000000004
14320.3 51.030877000000004
14326.2 51.033777
14332.0 51.039177
14337.9 51.045977
14343.8 51.053577000000004
14349.6 51.060977
14355.5 51.067477000000004
14361.3 51.07227700000001
14367.2 51.074677
14373.0 51.074177000000006
14378.9 51.070177
14384.8 51.062577000000005
14390.6 51.051177
14396.5 51.036077000000006
14402.3 51.017377
14408.2 50.995577000000004
14414.1 50.971077
14419.9 50.944577
14425.8 50.916677
14431.6 50.888177000000006
14437.5 50.859877000000004
14443.4 50.832477000000004
14449.2 50.806777000000004
14455.1 50.783477000000005
14460.9 50.763177000000006
14466.8 50.746277000000006
14472.7 50.733177000000005
14478.5 50.724177000000005
14484.4 50.719277000000005
14490.2 50.718377000000004
14496.1 50.721377000000004
14502.0 50.72787700000001
14507.8 50.737477000000005
14513.7 50.749477000000006
14519.5 50.763377000000006
14525.4 50.778477
14531.2 50.793777000000006
14537.1 50.808777000000006
14543.0 50.822677000000006
14548.8 50.834577
14554.7 50.844177
14560.5 50.850777
14566.4 50.854077000000004
14572.3 50.853777
14578.1 50.849977
14584.0 50.842577000000006
14589.8 50.831877000000006
14595.7 50.818277
14601.6 50.802377
14607.4 50.784677
14613.3 50.76597700000001
14619.1 50.746977
14625.0 50.728577
14630.9 50.711377000000006
14636.7 50.696377000000005
14642.6 50.684177000000005
14648.4 50.675277
14654.3 50.670377
14660.2 50.669777
14666.0 50.673777
14671.9 50.682577
14677.7 50.696077
14683.6 50.71417700000001
14689.5 50.736677
14695.3 50.763077
14701.2 50.792877000000004
14707.0 50.82547700000001
14712.9 50.860177
14718.8 50.896277000000005
14724.6 50.933077000000004
14730.5 50.969677000000004
14736.3 51.005377
14742.2 51.039577
14748.0 51.071577000000005
14753.9 51.100777
14759.8 51.126877
14765.6 51.149577
14771.5 51.168577000000006
14777.3 51.183977000000006
14783.2 51.195677
14789.1 51.203977
14794.9 51.208977000000004
14800.8 51.211177000000006
14806.6 51.210877
14812.5 51.208477
14818.4 51.204677000000004
14824.2 51.199677
14830.1 51.194177
14835.9 51.188377
14841.8 51.182877000000005
14847.7 51.177777000000006
14853.5 51.173477000000005
14859.4 51.170077000000006
14865.2 51.167777
14871.1 51.166377000000004
14877.0 51.165877
14882.8 51.166177000000005
14888.7 51.16687700000001
14894.5 51.167877000000004
14900.4 51.168677
14906.2 51.168877
14912.1 51.168277
14918.0 51.166177000000005
14923.8 51.162477
14929.7 51.156677
14935.5 51.148377
14941.4 51.137577
14947.3 51.123977000000004
14953.1 51.107477
14959.0 51.088277000000005
14964.8 51.06627700000001
14970.7 51.041777
14976.6 51.014977
14982.4 50.986477
14988.3 50.95647700000001
14994.1 50.925477
15000.0 50.89397700000001
15005.9 50.862477000000005
15011.7 50.83147700000001
15017.6 50.801477000000006
15023.4 50.772777000000005
15029.3 50.745677
15035.2 50.720577000000006
15041.0 50.697577
15046.9 50.676777
15052.7 50.658077000000006
15058.6 50.641377000000006
15064.5 50.626577000000005
15070.3 50.613177
15076.2 50.600777
15082.0 50.588977
15087.9 50.577177000000006
15093.8 50.56477700000001
15099.6 50.551177
15105.5 50.53567700000001
15111.3 50.517777
15117.2 50.496777
15123.0 50.472177
15128.9 50.443577000000005
15134.8 50.410577
15140.6 50.372977000000006
15146.5 50.330577000000005
15152.3 50.283477000000005
15158.2 50.231677000000005
15164.1 50.175577000000004
15169.9 50.115377
15175.8 50.051777
15181.6 49.985277
15187.5 49.916477
15193.4 49.846277
15199.2 49.775377000000006
15205.1 49.704477000000004
15210.9 49.634477000000004
15216.8 49.566077
15222.7 49.499877000000005
15228.5 49.436377
15234.4 49.376177000000006
15240.2 49.319577
15246.1 49.266777000000005
15252.0 49.217777000000005
15257.8 49.172477
15263.7 49.130677000000006
15269.5 49.092077
15275.4 49.056077
15281.2 49.02197700000001
15287.1 48.989277
15293.0 48.956977
15298.8 48.924177
15304.7 48.890177
15310.5 48.853977
15316.4 48.81477700000001
15322.3 48.771677000000004
15328.1 48.724177000000005
15334.0 48.671577000000006
15339.8 48.61337700000001
15345.7 48.549577000000006
15351.6 48.479977000000005
15357.4 48.40467700000001
15363.3 48.324077
15369.1 48.23857700000001
15375.0 48.148977
15380.9 48.056077
15386.7 47.960777
15392.6 47.863977000000006
15398.4 47.766977000000004
15404.3 47.670577
15410.2 47.576077000000005
15416.0 47.484177
15421.9 47.395777
15427.7 47.311677
15433.6 47.23237700000001
15439.5 47.158177
15445.3 47.089377000000006
15451.2 47.025877
15457.0 46.967577000000006
15462.9 46.913977
15468.8 46.864677
15474.6 46.818777000000004
15480.5 46.775577000000006
15486.3 46.733977
15492.2 46.693077
15498.0 46.65167700000001
15503.9 46.608777
15509.8 46.563477000000006
15515.6 46.514677000000006
15521.5 46.461777000000005
15527.3 46.404077
15533.2 46.341377
15539.1 46.27347700000001
15544.9 46.20047700000001
15550.8 46.122877
15556.6 46.041177000000005
15562.5 45.956277
15568.4 45.869177
15574.2 45.780977
15580.1 45.693077
15585.9 45.606677000000005
15591.8 45.522977000000004
15597.7 45.443377000000005
15603.5 45.368977
15609.4 45.300677
15615.2 45.239477
15621.1 45.185977
15627.0 45.140877
15632.8 45.104277
15638.7 45.076477000000004
15644.5 45.057377
15650.4 45.046777000000006
15656.2 45.044277
15662.1 45.04937700000001
15668.0 45.06157700000001
15673.8 45.07997700000001
15679.7 45.104077000000004
15685.5 45.132977000000004
15691.4 45.166177000000005
15697.3 45.202877
15703.1 45.242677
15709.0 45.285177000000004
15714.8 45.330177000000006
15720.7 45.377477000000006
15726.6 45.427177
15732.4 45.479277
15738.3 45.53417700000001
15744.1 45.592077
15750.0 45.65317700000001
15755.9 45.717777000000005
15761.7 45.786177
15767.6 45.858577000000004
15773.4 45.934977
15779.3 46.015477000000004
15785.2 46.099777
15791.0 46.187877
15796.9 46.279177000000004
15802.7 46.373277
15808.6 46.469577
15814.5 46.567377
15820.3 46.665977000000005
15826.2 46.764377
15832.0 46.86187700000001
15837.9 46.957477000000004
15843.8 47.050377000000005
15849.6 47.139777
15855.5 47.224977
15861.3 47.305377
15867.2 47.380477000000006
15873.0 47.471377000000004
15878.9 47.532477
15884.8 47.588177
15890.6 47.638677
15896.5 47.684277
15902.3 47.725477000000005
15908.2 47.76297700000001
15914.1 47.797177000000005
15919.9 47.828977
15925.8 47.85887700000001
15931.6 47.872677
15937.5 47.902877000000004
15943.4 47.932977
15949.2 47.963477000000005
15955.1 47.994877
15960.9 48.027577
15966.8 48.061977000000006
15972.7 48.098277
15978.5 48.136477000000006
15984.4 48.176577
15990.2 48.218577
15996.1 48.262177
16002.0 48.30707700000001
16007.8 48.35287700000001
16013.7 48.398977
16019.5 48.444877000000005
16025.4 48.489877
16031.2 48.533477000000005
16037.1 48.574877
16043.0 48.613477
16048.8 48.648677000000006
16054.7 48.679777
16060.5 48.706377
16066.4 48.728077000000006
16072.3 48.744477
16078.1 48.75527700000001
16084.0 48.760377000000005
16089.8 48.759877
16095.7 48.753677
16101.6 48.741977000000006
16107.4 48.724977
16113.3 48.703177000000004
16119.1 48.676777
16125.0 48.646277000000005
16130.9 48.612077000000006
16136.7 48.574677
16142.6 48.534477
16148.4 48.491977000000006
16154.3 48.447677000000006
16160.2 48.401777
16166.0 48.354677
16171.9 48.306677
16177.7 48.257977000000004
16183.6 48.208777000000005
16189.5 48.158977
16195.3 48.10887700000001
16201.2 48.058277000000004
16207.0 48.007077
16212.9 47.955277
16218.8 47.902677000000004
16224.6 47.849177000000005
16230.5 47.794577000000004
16236.3 47.738677
16242.2 47.681377000000005
16248.0 47.622677
16253.9 47.562377000000005
16259.8 47.50057700000001
16265.6 47.437277
16271.5 47.37257700000001
16277.3 47.306777000000004
16283.2 47.24007700000001
16289.1 47.172777
16294.9 47.105177000000005
16300.8 47.037577000000006
16306.6 46.970377000000006
16312.5 46.903877
16318.4 46.838477000000005
16324.2 46.774277000000005
16330.1 46.711577000000005
16335.9 46.650277
16341.8 46.59067700000001
16347.7 46.532377000000004
16353.5 46.475277000000006
16359.4 46.419077
16365.2 46.36337700000001
16371.1 46.307377
16377.0 46.25057700000001
16382.8 46.192077000000005
16388.7 46.130977
16394.5 46.06627700000001
16400.4 45.996877000000005
16406.2 45.921677
16412.1 45.839377000000006
16418.0 45.748977000000004
16423.8 45.649177
16429.7 45.53887700000001
16435.5 45.417077000000006
16441.4 45.282777
16447.3 45.135177000000006
16453.1 44.973877
16459.0 44.798277000000006
16464.8 44.608477
16470.7 44.404577
16476.6 44.187177000000005
16482.4 43.957177
16488.3 43.715977
16494.1 43.464977000000005
16500.0 43.206277
16505.9 42.942077000000005
16511.7 42.674677
16517.6 42.406577000000006
16523.4 42.140177
16529.3 41.877677000000006
16535.2 41.62107700000001
16541.0 41.372177
16546.9 41.132177000000006
16552.7 40.902277000000005
16558.6 40.683077000000004
16564.5 40.47467700000001
16570.3 40.277077000000006
16576.2 40.089777000000005
16582.0 39.911777
16587.9 39.741977000000006
16593.8 39.578377
16599.6 39.418977000000005
16605.5 39.261077
16611.3 39.101577000000006
16617.2 38.93657700000001
16623.0 38.762177
16628.9 38.573577
16634.8 38.365577
16640.6 38.132577000000005
16646.5 37.868577
16652.3 37.566877000000005
16658.2 37.220077
16664.1 36.819777
16669.9 36.35587700000001
16675.8 35.815677
16681.6 35.181977
16687.5 34.428977
16693.4 33.513877
16699.2 32.356377
16705.1 30.952777000000005
16710.9 29.805877000000002
16716.8 28.885277000000002
16722.7 28.115077000000007
16728.5 27.455077000000003
16734.4 26.882077000000002
16740.2 26.381177
16746.1 25.942477000000004
16752.0 25.559277
16757.8 25.227077
16763.7 24.943177000000006
16769.5 24.706777000000002
16775.4 24.518577
16781.2 24.381477000000004
16787.1 24.300777000000004
16793.0 24.285477
16798.8 24.349277
16804.7 24.512677000000004
16810.5 24.807077000000007
16816.4 25.282977000000002
16822.3 26.029177000000004
16828.1 27.057077000000007
16834.0 27.866677000000003
16839.8 28.493577000000002
16845.7 29.017977000000002
16851.6 29.482477000000003
16857.4 29.912177000000007
16863.3 30.323277000000004
16869.1 30.726577000000006
16875.0 31.129977000000004
16880.9 31.539377
16886.7 31.959077
16892.6 32.392377
16898.4 32.841577
16904.3 33.307877000000005
16910.2 33.791477
16916.0 34.291077
16921.9 34.803777000000004
16927.7 35.324377000000005
16933.6 35.846177000000004
16939.5 36.360877
16945.3 36.859977
16951.2 37.335177
16957.0 37.780177
16962.9 38.190277
16968.8 38.562477
16974.6 38.895677000000006
16980.5 39.189577
16986.3 39.444977
16992.2 39.663277
16998.0 39.846377000000004
17003.9 39.996677000000005
17009.8 40.116777000000006
17015.6 40.209877000000006
17021.5 40.279277
17027.3 40.328677000000006
17033.2 40.36187700000001
17039.1 40.382877
17044.9 40.39547700000001
17050.8 40.403477
17056.6 40.410477
17062.5 40.419777
17068.4 40.433977000000006
17074.2 40.455777000000005
17080.1 40.487077000000006
17085.9 40.529477
17091.8 40.584277
17097.7 40.652377
17103.5 40.734077000000006
17109.4 40.829677000000004
17115.2 40.938777
17121.1 41.060877000000005
17127.0 41.194977
17132.8 41.339777000000005
17138.7 41.493377
17144.5 41.653677
17150.4 41.818377000000005
17156.2 41.984777
17162.1 42.150177000000006
17168.0 42.31157700000001
17173.8 42.466377
17179.7 42.612177
17185.5 42.746877000000005
17191.4 42.868577
17197.3 42.976077000000004
17203.1 43.068477
17209.0 43.145277
17214.8 43.206377
17220.7 43.25227700000001
17226.6 43.283477000000005
17232.4 43.30107700000001
17238.3 43.306177000000005
17244.1 43.300377000000005
17250.0 43.285277
17255.9 43.262577
17261.7 43.234177
17267.6 43.201877
17273.4 43.167477000000005
17279.3 43.132777000000004
17285.2 43.099277
17291.0 43.068577000000005
17296.9 43.04187700000001
17302.7 43.020177000000004
17308.6 43.004577000000005
17314.5 42.995477
17320.3 42.993477000000006
17326.2 42.998677
17332.0 43.010977000000004
17337.9 43.030277000000005
17343.8 43.056077
17349.6 43.087677000000006
17355.5 43.124277000000006
17361.3 43.164777
17367.2 43.208077
17373.0 43.253077000000005
17378.9 43.298277000000006
17384.8 43.342577000000006
17390.6 43.384577
17396.5 43.423277000000006
17402.3 43.457477000000004
17408.2 43.486377000000005
17414.1 43.509277000000004
17419.9 43.525877
17425.8 43.535877000000006
17431.6 43.539277000000006
17437.5 43.536377
17443.4 43.527577
17449.2 43.513377000000006
17455.1 43.49457700000001
17460.9 43.472077000000006
17466.8 43.446677
17472.7 43.419277
17478.5 43.390877
17484.4 43.362377
17490.2 43.33447700000001
17496.1 43.307877000000005
17502.0 43.283177
17507.8 43.260977000000004
17513.7 43.241477
17519.5 43.224977
17525.4 43.211477
17531.2 43.200777
17537.1 43.192677
17543.0 43.186777000000006
17548.8 43.183377
17554.7 43.178377000000005
17560.5 43.173177
17566.4 43.16687700000001
17572.3 43.158777
17578.1 43.147877
17584.0 43.133477000000006
17589.8 43.114577000000004
17595.7 43.090777
17601.6 43.061177
17607.4 43.029377000000004
17613.3 42.989977
17619.1 42.94427700000001
17625.0 42.89247700000001
17630.9 42.834677000000006
17636.7 42.771177
17642.6 42.702577000000005
17648.4 42.629477
17654.3 42.552877
17660.2 42.473777000000005
17666.0 42.393077000000005
17671.9 42.312077
17677.7 42.231877000000004
17683.6 42.153577000000006
17689.5 42.078377
17695.3 42.007277
17701.2 41.941177
17707.0 41.880877000000005
17712.9 41.827077
17718.8 41.780177
17724.6 41.740577
17730.5 41.708477
17736.3 41.683977000000006
17742.2 41.66687700000001
17748.0 41.656877
17753.9 41.653677
17759.8 41.656577000000006
17765.6 41.664877000000004
17771.5 41.677777000000006
17777.3 41.694377
17783.2 41.713577
17789.1 41.734277000000006
17794.9 41.755377
17800.8 41.775677
17806.6 41.794177000000005
17812.5 41.809777000000004
17818.4 41.821577000000005
17824.2 41.828977
17830.1 41.831077
17835.9 41.827777000000005
17841.8 41.818577000000005
17847.7 41.803577000000004
17853.5 41.782977
17859.4 41.756977000000006
17865.2 41.725977
17871.1 41.690577000000005
17877.0 41.651477
17882.8 41.609277000000006
17888.7 41.56477700000001
17894.5 41.518477000000004
17900.4 41.471177000000004
17906.2 41.423377
17912.1 41.37557700000001
17918.0 41.328277
17923.8 41.281677
17929.7 41.235877
17935.5 41.191077
17941.4 41.14697700000001
17947.3 41.103577
17953.1 41.060377
17959.0 41.016877
17964.8 40.972577
17970.7 40.926777
17976.6 40.878477000000004
17982.4 40.82697700000001
17988.3 40.771377
17994.1 40.710577
18000.0 40.643777
18005.9 40.570277000000004
18011.7 40.489077
18017.6 40.399877000000004
18023.4 40.302177
18029.3 40.195877
18035.2 40.081377
18041.0 39.958977000000004
18046.9 39.829677000000004
18052.7 39.694477000000006
18058.6 39.554877000000005
18064.5 39.412577000000006
18070.3 39.269177000000006
18076.2 39.126577000000005
18082.0 38.986477
18087.9 38.850577
18093.8 38.72017700000001
18099.6 38.596477
18105.5 38.480677
18111.3 38.373177000000005
18117.2 38.274677000000004
18123.0 38.185277000000006
18128.9 38.104977000000005
18134.8 38.033377
18140.6 37.969977
18146.5 37.914077000000006
18152.3 37.864477
18158.2 37.820077000000005
18164.1 37.779177000000004
18169.9 37.739877
18175.8 37.700077
18181.6 37.657377000000004
18187.5 37.609077000000006
18193.4 37.552377
18199.2 37.484577
18205.1 37.402677000000004
18210.9 37.304177
18216.8 37.186877
18222.7 37.048877000000005
18228.5 36.889377
18234.4 36.708177000000006
18240.2 36.506077000000005
18246.1 36.285077
18252.0 36.048277000000006
18257.8 35.799477
18263.7 35.543477
18269.5 35.284977000000005
18275.4 35.028577000000006
18281.2 34.778377000000006
18287.1 34.537677
18293.0 34.309177000000005
18298.8 34.094677000000004
18304.7 33.89547700000001
18310.5 33.712377000000004
18316.4 33.545577
18322.3 33.395277
18328.1 33.261177
18334.0 33.142877000000006
18339.8 33.039877000000004
18345.7 32.951077000000005
18351.6 32.875377
18357.4 32.811377
18363.3 32.75677700000001
18369.1 32.709277
18375.0 32.665577000000006
18380.9 32.621877000000005
18386.7 32.573877
18392.6 32.517277
18398.4 32.447777
18404.3 32.362477000000005
18410.2 32.259877
18416.0 32.140677000000004
18421.9 32.007977000000004
18427.7 31.866577000000007
18433.6 31.721977000000003
18439.5 31.580277000000002
18445.3 31.446577000000005
18451.2 31.324877
18457.0 31.218477
18462.9 31.129377000000005
18468.8 31.059277
18474.6 31.009077000000005
18480.5 30.979577000000006
18486.3 30.971577000000003
18492.2 30.985477000000003
18498.0 31.021877000000003
18503.9 31.081477000000007
18509.8 31.164677000000005
18515.6 31.271977000000007
18521.5 31.403677000000002
18527.3 31.559877
18533.2 31.739677
18539.1 31.941877000000005
18544.9 32.163777
18550.8 32.401477
18556.6 32.64997700000001
18562.5 32.903577000000006
18568.4 33.156377000000006
18574.2 33.403277
18580.1 33.640377
18585.9 33.865377
18591.8 34.077277
18597.7 34.275877
18603.5 34.462177000000004
18609.4 34.637077000000005
18615.2 34.802077000000004
18621.1 34.958577000000005
18627.0 35.107877
18632.8 35.251177000000006
18638.7 35.38947700000001
18644.5 35.523577
18650.4 35.654077
18656.2 35.781477
18662.1 35.905877000000004
18668.0 36.027077000000006
18673.8 36.144977000000004
18679.7 36.259077000000005
18685.5 36.368677000000005
18691.4 36.473077
18697.3 36.571477
18703.1 36.662877
18709.0 36.746577
18714.8 36.821777000000004
18720.7 36.888177000000006
18726.6 36.945377
18732.4 36.993777
18738.3 37.033877000000004
18744.1 37.066577
18750.0 37.093277
18755.9 37.115677000000005
18761.7 37.135577000000005
18767.6 37.154977
18773.4 37.176177
18779.3 37.201177
18785.2 37.231777
18791.0 37.269977000000004
18796.9 37.317177
18802.7 37.374777
18808.6 37.443677
18814.5 37.524777
18820.3 37.618477000000006
18826.2 37.725277000000006
18832.0 37.844877000000004
18837.9 37.977277
18843.8 38.121877000000005
18849.6 38.277877000000004
18855.5 38.444177
18861.3 38.619477
18867.2 38.802177
18873.0 38.990377
18878.9 39.181877
18884.8 39.374377
18890.6 39.565377000000005
18896.5 39.752377
18902.3 39.932977
18908.2 40.104977000000005
18914.1 40.266277
18919.9 40.415477
18925.8 40.551277000000006
18931.6 40.673077000000006
18937.5 40.780677000000004
18943.4 40.874477000000006
18949.2 40.955177000000006
18955.1 41.024277000000005
18960.9 41.083277
18966.8 41.134077000000005
18972.7 41.178777000000004
18978.5 41.219577
18984.4 41.258577
18990.2 41.297577000000004
18996.1 41.338577
19002.0 41.383077
19007.8 41.432377
19013.7 41.487577
19019.5 41.54937700000001
19025.4 41.618377
19031.2 41.694877000000005
19037.1 41.778977000000005
19043.0 41.870577000000004
19048.8 41.969277000000005
19054.7 42.074477
19060.5 42.185377
19066.4 42.30087700000001
19072.3 42.419677
19078.1 42.540077000000004
19084.0 42.660477
19089.8 42.778777000000005
19095.7 42.893077000000005
19101.6 43.001177000000006
19107.4 43.101277
19113.3 43.191577
19119.1 43.270677000000006
19125.0 43.337577
19130.9 43.391877
19136.7 43.433477
19142.6 43.462977
19148.4 43.481377
19154.3 43.490277000000006
19160.2 43.491277000000004
19166.0 43.486477
19171.9 43.478077000000006
19177.7 43.468277
19183.6 43.459177000000004
19189.5 43.452677
19195.3 43.450677000000006
19201.2 43.454477000000004
19207.0 43.465577
19212.9 43.484877000000004
19218.8 43.562777000000004
19224.6 43.606077000000006
19230.5 43.658277000000005
19236.3 43.719277000000005
19242.2 43.788977
19248.0 43.866877
19253.9 43.952477
19259.8 44.04487700000001
19265.6 44.143077000000005
19271.5 44.245677
19277.3 44.35137700000001
19283.2 44.400577000000006
19289.1 44.502477000000006
19294.9 44.603777
19300.8 44.702777000000005
19306.6 44.798177
19312.5 44.888577000000005
19318.4 44.97317700000001
19324.2 45.05107700000001
19330.1 45.122177
19335.9 45.186277000000004
19341.8 45.243877000000005
19347.7 45.295677000000005
19353.5 45.342677
19359.4 45.385777000000004
19365.2 45.426177
19371.1 45.465277
19377.0 45.504077
19382.8 45.543677
19388.7 45.585277000000005
19394.5 45.629477
19400.4 45.677077000000004
19406.2 45.728777
19412.1 45.784877
19418.0 45.845777000000005
19423.8 45.911577
19429.7 45.982277
19435.5 46.057877000000005
19441.4 46.137877
19447.3 46.222177
19453.1 46.31007700000001
19459.0 46.400877
19464.8 46.493977
19470.7 46.588377
19476.6 46.682977
19482.4 46.777077000000006
19488.3 46.869377
19494.1 46.958977000000004
19500.0 47.045077000000006
19505.9 47.126877
19511.7 47.203977
19517.6 47.275977000000005
19523.4 47.342877
19529.3 47.404777
19535.2 47.462277
19541.0 47.515777
19546.9 47.566077
19552.7 47.613977000000006
19558.6 47.660277
19564.5 47.705877
19570.3 47.751477
19576.2 47.79787700000001
19582.0 47.845777000000005
19587.9 47.895677000000006
19593.8 47.947977
19599.6 48.002977
19605.5 48.060877000000005
19611.3 48.121677000000005
19617.2 48.185377
19623.0 48.251677
19628.9 48.320277000000004
19634.8 48.390577
19640.6 48.462077
19646.5 48.533877000000004
19652.3 48.605177000000005
19658.2 48.674977000000005
19664.1 48.742077
19669.9 48.805377
19675.8 48.863877
19681.6 48.916377000000004
19687.5 48.961977000000005
19693.4 48.999677000000005
19699.2 49.029077
19705.1 49.049677
19710.9 49.061377
19716.8 49.064377
19722.7 49.059277
19728.5 49.046777000000006
19734.4 49.027977
19740.2 49.003877
19746.1 48.976077000000004
19752.0 48.945877
19757.8 48.914677000000005
19763.7 48.883877000000005
19769.5 48.854677
19775.4 48.828377
19781.2 48.805777000000006
19787.1 48.787777000000006
19793.0 48.77497700000001
19798.8 48.767877000000006
19804.7 48.766777000000005
19810.5 48.771777
19816.4 48.782877000000006
19822.3 48.799677
19828.1 48.821977000000004
19834.0 48.849077
19839.8 48.880177
19845.7 48.914277000000006
19851.6 48.950177000000004
19857.4 48.986477
19863.3 49.021477000000004
19869.1 49.053477
19875.0 49.080277
19880.9 49.099777
19886.7 49.109677000000005
19892.6 49.107677
19898.4 49.091377
19904.3 49.058677
19910.2 49.007077
19916.0 48.934577000000004
19921.9 48.83917700000001
19927.7 48.718977
19933.6 48.57227700000001
19939.5 48.397277
19945.3 48.192577
19951.2 47.956577
19957.0 47.687677
19962.9 47.384577
19968.8 47.045677000000005
19974.6 46.669477
19980.5 46.254377000000005
19986.3 45.798577
19992.2 45.300577000000004
19998.0 44.758677000000006
