20.0 54.349892
20.290899 54.976891
20.586 55.590893
20.8855 56.190891
21.189301 56.771893
21.497499 57.335892
21.8102 57.882893
22.127399 58.41489
22.4492 58.932892
22.775801 59.437893
23.1071 59.933891
23.443199 60.420891
23.7841 60.903893
24.1301 61.385891
24.4811 61.867893
24.8372 62.350891
25.1984 62.837891
25.564899 63.326893
25.9368 63.81789
26.3141 64.309891
26.6968 64.801888
27.0851 65.291893
27.479099 65.777893
27.878799 66.259888
28.2843 66.735893
28.6957 67.205887
29.1131 67.669891
29.536501 68.126892
29.966101 68.577888
30.402 69.022888
30.8442 69.461891
31.2929 69.968887
31.748 70.480888
32.209801 70.728889
32.678299 71.124893
33.153599 71.511887
33.635899 71.87989
34.125099 72.220886
34.621498 72.53289
35.125 72.813889
35.635899 73.06089
36.154301 73.279892
36.680199 73.476891
37.213699 73.659889
37.755 73.83989
38.3041 74.028893
38.861301 74.232887
39.426498 74.456886
40.0 74.698891
40.581799 74.955887
41.1721 75.220886
41.771 75.488892
42.378502 75.75489
42.9949 76.015892
43.6203 76.277893
44.254799 76.585892
44.898499 76.784889
45.551498 76.996887
46.2141 77.232887
46.886299 77.465889
47.568298 77.694893
48.260201 77.920891
48.962101 78.142891
49.674301 78.361893
50.396801 78.57669626070837
51.129902 78.78749969341783
51.8736 78.99530129919542
52.628101 79.2011010230871
53.3936 79.40389981307328
54.1702 79.60368964167692
54.958099 79.80247645607814
55.7575 79.99827020212318
56.568501 80.23304685366888
57.391399 80.42083133148536
58.226101 80.56160766038198
59.073 80.74038173551925
59.932301 80.91015150220987
60.804 81.07192096152093
61.6884 81.22168703262196
62.585701 81.35944766215954
63.496 81.48019982425723
64.419601 81.58195843781782
65.356598 81.66070247776518
66.307297 81.71644886246858
67.271698 81.746190591928
68.250198 81.75593156023687
69.242897 81.74466574071847
70.250099 81.72639905227558
71.271896 81.70712947036562
72.308601 81.67985191149045
73.360298 81.64757435324161
74.427399 81.60828768571108
75.509903 81.55699690916558
76.608299 81.48970189315595
77.722603 81.40340663341394
78.853104 81.29710905284382
80.0 81.1718030986257
81.163597 81.01949268912881
82.3442 80.86717774298917
83.541901 80.73085623566418
84.757 80.6255290871237
85.989899 80.5282001901273
87.240601 80.47086654387469
88.509598 80.46353201711645
89.797 80.51218458050813
91.103104 80.61684015481994
92.4282 80.77348366268934
93.772598 81.00312902141852
95.136597 81.2327601512441
96.520401 81.45838899774554
97.924301 81.68701848329366
99.348602 81.91963252652441
100.794 82.13425094176783
102.26 82.32785986107372
103.747 82.5054651782687
105.256 82.67106262658558
106.787 82.84565020602439
108.34 82.98923991658512
109.916 83.09581449150058
111.515 83.17838793077077
113.137 83.20095823439569
114.783 83.14651813560815
116.452 83.02307190117534
118.146 82.8646229975629
119.865 82.70416042477082
121.608 82.60669544956626
123.377 82.5742255384149
125.171 82.58474895808389
126.992 82.63526517503887
128.839 82.70777045604702
130.713 82.78326753434116
132.615 82.8387601431541
134.543 82.85024681602023
136.5 82.82572275263796
138.486 82.77819595300731
140.5 82.71265568389546
142.544 82.64211041176804
144.617 82.58455840339225
146.721 82.54499612523371
148.855 82.52043184405959
151.02 82.5128502931027
153.217 82.52926320559588
155.445 82.56966884830632
157.706 82.63706668769963
160.0 82.7174557237758
162.327 82.80083495653486
164.688 82.8862031192096
167.084 82.97556794503285
169.514 83.05492170077177
171.98 83.07326085289202
174.481 83.01859366816079
177.019 82.89091761304367
179.594 82.6962296875407
182.206 82.47453289165185
184.856 82.32182495860995
187.545 82.2611106216478
190.273 82.24638288076542
193.041 82.2596444691956
195.849 82.26789038693838
198.697 82.25313063399372
201.587 82.22036167682727
204.52 82.17857924867184
207.494 82.14278988306178
210.512 82.12497877969558
213.574 82.1331649385732
216.681 82.15933609292748
219.833 82.20749924275839
223.03 82.27664538806594
226.274 82.34577999531578
229.565 82.39889506450788
232.905 82.39700506210791
236.292 82.33310552165021
239.729 82.2221876428332
243.216 82.10426042565695
246.754 82.0353166033542
250.343 82.045353175925
253.984 82.11938587660215
257.678 82.22039843861845
261.426 82.31240059520674
265.229 82.37938707959981
269.087 82.42935289179768
273.001 82.47931076503315
276.972 82.53925643253903
281.0 82.60818089431534
285.088 82.67908935006051
289.234 82.75397933330892
293.441 82.80386004375899
297.709 82.78572348141074
302.04 82.74856411272982
306.433 82.72639620448338
310.89 82.73920722313704
315.412 82.83699990192365
320.0 82.97077097407602
324.655 83.04953117282695
329.377 83.06727549817643
334.168 83.0419954165901
339.028 83.03369592806796
343.959 83.10638549907566
348.962 83.25705086284597
354.038 83.43569675261176
359.188 83.5893219016058
364.412 83.6299283098281
369.713 83.5365111769771
375.09 83.41907976982
380.546 83.33362428805525
386.081 83.31714873168282
391.697 83.41964656716836
397.394 83.54512579451185
403.175 83.61958761341177
409.039 83.64602329063527
414.989 83.6264310258808
421.025 83.59781981914838
427.149 83.58719113690363
433.362 83.61253471237934
439.665 83.66321327880836
446.06 83.7221453026563
452.548 83.77202751715598
459.131 83.80287938877301
465.809 83.8323249175074
472.584 83.8584415698248
479.458 83.86534381219083
486.432 83.8517183778383
493.507 83.828477
503.906 83.828477
509.766 83.854377
515.625 83.87647700000001
521.484 83.89527700000001
527.344 83.911277
533.203 83.925377
539.062 83.938077
544.922 83.950277
550.781 83.962677
556.641 83.97577700000001
562.5 83.99037700000001
568.359 84.006877
574.219 84.025777
580.078 84.047177
585.938 84.071377
591.797 84.09827700000001
597.656 84.127877
603.516 84.15987700000001
609.375 84.193977
615.234 84.22967700000001
621.094 84.266577
626.953 84.304077
632.812 84.341677
638.672 84.37867700000001
644.531 84.414777
650.391 84.449377
656.25 84.481977
662.109 84.512377
667.969 84.540177
673.828 84.565177
679.688 84.587277
685.547 84.606477
691.406 84.622877
697.266 84.636577
703.125 84.647777
708.984 84.65687700000001
714.844 84.66417700000001
720.703 84.669977
726.562 84.674677
732.422 84.678777
738.281 84.682677
744.141 84.686777
750.0 84.691277
755.859 84.696577
761.719 84.702977
767.578 84.710477
773.438 84.719277
779.297 84.729377
785.156 84.74077700000001
791.016 84.75317700000001
796.875 84.76647700000001
802.734 84.780377
808.594 84.794577
814.453 84.80887700000001
820.312 84.822677
826.172 84.835877
832.031 84.848077
837.891 84.863477
843.75 84.86747700000001
849.609 84.87477700000001
855.469 84.880077
861.328 84.883277
867.188 84.884377
873.047 84.883177
878.906 84.879977
884.766 84.87477700000001
890.625 84.867777
896.484 84.859177
902.344 84.849277
908.203 84.838277
914.062 84.826677
919.922 84.814677
925.781 84.802577
931.641 84.790777
937.5 84.779477
943.359 84.76907700000001
949.219 84.759677
955.078 84.751577
960.938 84.744777
966.797 84.739377
972.656 84.735377
978.516 84.732877
984.375 84.731577
990.234 84.731477
996.094 84.732377
1001.95 84.734077
1007.81 84.736377
1013.67 84.738977
1019.53 84.741777
1025.39 84.744377
1031.25 84.74677700000001
1037.11 84.748577
1042.97 84.749877
1048.83 84.750377
1054.69 84.75017700000001
1060.55 84.749177
1066.41 84.747277
1072.27 84.744777
1078.12 84.74167700000001
1083.98 84.73817700000001
1089.84 84.73437700000001
1095.7 84.73047700000001
1101.56 84.726777
1107.42 84.723477
1113.28 84.720877
1119.14 84.719177
1125.0 84.71847700000001
1130.86 84.719077
1136.72 84.721277
1142.58 84.72497700000001
1148.44 84.730377
1154.3 84.737577
1160.16 84.746477
1166.02 84.757177
1171.88 84.76947700000001
1177.73 84.783377
1183.59 84.79857700000001
1189.45 84.815077
1195.31 84.832477
1201.17 84.85077700000001
1207.03 84.869577
1212.89 84.888777
1218.75 84.90817700000001
1224.61 84.92747700000001
1230.47 84.946577
1236.33 84.965277
1242.19 84.983577
1248.05 85.001377
1253.91 85.018477
1259.77 85.035077
1265.62 85.051077
1271.48 85.06657700000001
1277.34 85.081677
1283.2 85.09647700000001
1289.06 85.111177
1294.92 85.125877
1300.78 85.140677
1306.64 85.155877
1312.5 85.17147700000001
1318.36 85.18767700000001
1324.22 85.204577
1330.08 85.222277
1335.94 85.240877
1341.8 85.260377
1347.66 85.280777
1353.52 85.302077
1359.38 85.323977
1365.23 85.346577
1371.09 85.36967700000001
1376.95 85.393077
1382.81 85.416577
1388.67 85.43987700000001
1394.53 85.46297700000001
1400.39 85.485377
1406.25 85.50707700000001
1412.11 85.527777
1417.97 85.547377
1423.83 85.565477
1429.69 85.582177
1435.55 85.597277
1441.41 85.610777
1447.27 85.622477
1453.12 85.63247700000001
1458.98 85.640877
1464.84 85.647577
1470.7 85.652777
1476.56 85.656577
1482.42 85.659177
1488.28 85.660577
1494.14 85.661077
1500.0 85.66077700000001
1505.86 85.659777
1511.72 85.658377
1517.58 85.656577
1523.44 85.654577
1529.3 85.652377
1535.16 85.65007700000001
1541.02 85.647677
1546.88 85.645177
1552.73 85.642577
1558.59 85.63977700000001
1564.45 85.636677
1570.31 85.633177
1576.17 85.62907700000001
1582.03 85.624177
1587.89 85.618477
1593.75 85.611677
1599.61 85.603677
1605.47 85.594277
1611.33 85.583377
1617.19 85.570777
1623.05 85.556577
1628.91 85.540577
1634.77 85.522677
1640.62 85.503077
1646.48 85.481677
1652.34 85.458577
1658.2 85.43387700000001
1664.06 85.407577
1669.92 85.380077
1675.78 85.35127700000001
1681.64 85.321477
1687.5 85.29087700000001
1693.36 85.25957700000001
1699.22 85.227877
1705.08 85.195777
1710.94 85.163577
1716.8 85.131477
1722.66 85.099377
1728.52 85.067577
1734.38 85.035977
1740.23 85.004677
1746.09 84.973777
1751.95 84.943077
1757.81 84.912577
1763.67 84.882277
1769.53 84.85207700000001
1775.39 84.821777
1781.25 84.791377
1787.11 84.760677
1792.97 84.72967700000001
1798.83 84.698177
1804.69 84.666177
1810.55 84.633477
1816.41 84.600177
1822.27 84.566277
1828.12 84.531577
1833.98 84.49637700000001
1839.84 84.460577
1845.7 84.424277
1851.56 84.387677
1857.42 84.350877
1863.28 84.31397700000001
1869.14 84.27717700000001
1875.0 84.24077700000001
1880.86 84.20487700000001
1886.72 84.16967700000001
1892.58 84.135277
1898.44 84.10207700000001
1904.3 84.06997700000001
1910.16 84.03917700000001
1916.02 84.009877
1921.88 83.982077
1927.73 83.955877
1933.59 83.93127700000001
1939.45 83.90817700000001
1945.31 83.886677
1951.17 83.866577
1957.03 83.84777700000001
1962.89 83.83027700000001
1968.75 83.813777
1974.61 83.798277
1980.47 83.78357700000001
1986.33 83.769577
1992.19 83.755977
1998.05 83.74287700000001
2003.91 83.729977
2009.77 83.717177
2015.62 83.704577
2021.48 83.69197700000001
2027.34 83.679477
2033.2 83.666977
2039.06 83.654577
2044.92 83.64237700000001
2050.78 83.63037700000001
2056.64 83.61877700000001
2062.5 83.607577
2068.36 83.59697700000001
2074.22 83.587177
2080.08 83.578277
2085.94 83.570477
2091.8 83.563777
2097.66 83.55837700000001
2103.52 83.554377
2109.38 83.551877
2115.23 83.550877
2121.09 83.551377
2126.95 83.553477
2132.81 83.556977
2138.67 83.561977
2144.53 83.568177
2150.39 83.57557700000001
2156.25 83.58407700000001
2162.11 83.593377
2167.97 83.603477
2173.83 83.61407700000001
2179.69 83.624977
2185.55 83.636077
2191.41 83.647177
2197.27 83.658077
2203.12 83.668777
2208.98 83.67917700000001
2214.84 83.68897700000001
2220.7 83.69837700000001
2226.56 83.707177
2232.42 83.715477
2238.28 83.723377
2244.14 83.730677
2250.0 83.737677
2255.86 83.744377
2261.72 83.750977
2267.58 83.75747700000001
2273.44 83.764177
2279.3 83.770977
2285.16 83.778177
2291.02 83.785877
2296.88 83.794077
2302.73 83.80287700000001
2308.59 83.812477
2314.45 83.822777
2320.31 83.833877
2326.17 83.84567700000001
2332.03 83.858277
2337.89 83.87137700000001
2343.75 83.88507700000001
2349.61 83.899277
2355.47 83.91377700000001
2361.33 83.928477
2367.19 83.943177
2373.05 83.95777700000001
2378.91 83.972277
2384.77 83.986277
2390.62 83.999877
2396.48 84.012877
2402.34 84.025277
2408.2 84.036877
2414.06 84.047777
2419.92 84.05797700000001
2425.78 84.06737700000001
2431.64 84.076077
2437.5 84.08407700000001
2443.36 84.091577
2449.22 84.098577
2455.08 84.105177
2460.94 84.111577
2466.8 84.11787700000001
2472.66 84.124177
2478.52 84.130577
2484.38 84.13717700000001
2490.23 84.144177
2496.09 84.151577
2501.95 84.15947700000001
2507.81 84.172377
2513.67 84.181577
2519.53 84.186577
2525.39 84.196477
2531.25 84.206777
2537.11 84.217377
2542.97 84.228277
2548.83 84.239377
2554.69 84.250377
2560.55 84.26137700000001
2566.41 84.27207700000001
2572.27 84.282377
2578.12 84.292277
2583.98 84.30157700000001
2589.84 84.310277
2595.7 84.318177
2601.56 84.325277
2607.42 84.33157700000001
2613.28 84.336977
2619.14 84.341577
2625.0 84.345477
2630.86 84.348577
2636.72 84.350977
2642.58 84.352877
2648.44 84.35427700000001
2654.3 84.355377
2660.16 84.356277
2666.02 84.357077
2671.88 84.357777
2677.73 84.358677
2683.59 84.359877
2689.45 84.361277
2695.31 84.363077
2701.17 84.365277
2707.03 84.36787700000001
2712.89 84.370977
2718.75 84.374477
2724.61 84.378377
2730.47 84.382577
2736.33 84.386977
2742.19 84.391577
2748.05 84.396277
2753.91 84.40087700000001
2759.77 84.405377
2765.62 84.40947700000001
2771.48 84.413377
2777.34 84.41677700000001
2783.2 84.419577
2789.06 84.421777
2794.92 84.423377
2800.78 84.424377
2806.64 84.424577
2812.5 84.424277
2818.36 84.42317700000001
2824.22 84.421677
2830.08 84.419577
2835.94 84.417077
2841.8 84.414277
2847.66 84.41117700000001
2853.52 84.408077
2859.38 84.404977
2865.23 84.401877
2871.09 84.399077
2876.95 84.39657700000001
2882.81 84.394377
2888.67 84.392677
2894.53 84.391277
2900.39 84.390477
2906.25 84.390077
2912.11 84.39017700000001
2917.97 84.390677
2923.83 84.39147700000001
2929.69 84.392477
2935.55 84.393677
2941.41 84.394977
2947.27 84.39617700000001
2953.12 84.397277
2958.98 84.398077
2964.84 84.398477
2970.7 84.398577
2976.56 84.397977
2982.42 84.396977
2988.28 84.395177
2994.14 84.392877
3000.0 84.389877
3005.86 84.386177
3011.72 84.381877
3017.58 84.377077
3023.44 84.37177700000001
3029.3 84.366077
3035.16 84.360077
3041.02 84.353877
3046.88 84.347577
3052.73 84.34137700000001
3058.59 84.335177
3064.45 84.329177
3070.31 84.323577
3076.17 84.31827700000001
3082.03 84.313377
3087.89 84.308977
3093.75 84.305077
3099.61 84.301677
3105.47 84.298677
3111.33 84.29597700000001
3117.19 84.293777
3123.05 84.29177700000001
3128.91 84.289877
3134.77 84.288077
3140.62 84.286277
3146.48 84.284277
3152.34 84.281977
3158.2 84.279377
3164.06 84.27627700000001
3169.92 84.272577
3175.78 84.268277
3181.64 84.263377
3187.5 84.257777
3193.36 84.25147700000001
3199.22 84.244477
3205.08 84.236877
3210.94 84.228577
3216.8 84.21977700000001
3222.66 84.210577
3228.52 84.20097700000001
3234.38 84.191277
3240.23 84.18127700000001
3246.09 84.171377
3251.95 84.16157700000001
3257.81 84.152077
3263.67 84.14277700000001
3269.53 84.133977
3275.39 84.12567700000001
3281.25 84.11797700000001
3287.11 84.110777
3292.97 84.104177
3298.83 84.09827700000001
3304.69 84.092877
3310.55 84.08797700000001
3316.41 84.08367700000001
3322.27 84.079677
3328.12 84.07597700000001
3333.98 84.072477
3339.84 84.06907700000001
3345.7 84.06567700000001
3351.56 84.062177
3357.42 84.05837700000001
3363.28 84.054377
3369.14 84.049977
3375.0 84.04517700000001
3380.86 84.039877
3386.72 84.034177
3392.58 84.027877
3398.44 84.02117700000001
3404.3 84.013977
3410.16 84.006377
3416.02 83.998577
3421.88 83.990477
3427.73 83.98227700000001
3433.59 83.97407700000001
3439.45 83.965877
3445.31 83.957977
3451.17 83.950277
3457.03 83.943077
3462.89 83.93637700000001
3468.75 83.930277
3474.61 83.924777
3480.47 83.919977
3486.33 83.915977
3492.19 83.912577
3498.05 83.909977
3503.91 83.908077
3509.77 83.906677
3515.62 83.90597700000001
3521.48 83.905677
3527.34 83.905777
3533.2 83.906177
3539.06 83.906777
3544.92 83.907377
3550.78 83.908077
3556.64 83.908677
3562.5 83.909077
3568.36 83.909177
3574.22 83.90897700000001
3580.08 83.90857700000001
3585.94 83.907677
3591.8 83.906577
3597.66 83.905077
3603.52 83.903377
3609.38 83.901377
3615.23 83.899277
3621.09 83.897177
3626.95 83.895077
3632.81 83.893077
3638.67 83.891377
3644.53 83.890077
3650.39 83.889177
3656.25 83.888777
3662.11 83.889077
3667.97 83.889977
3673.83 83.891677
3679.69 83.89407700000001
3685.55 83.897277
3691.41 83.90127700000001
3697.27 83.90607700000001
3703.12 83.911477
3708.98 83.917477
3714.84 83.924077
3720.7 83.931077
3726.56 83.938477
3732.42 83.946177
3738.28 83.95397700000001
3744.14 83.961777
3750.0 83.969577
3755.86 83.977277
3761.72 83.984677
3767.58 83.991877
3773.44 83.998777
3779.3 84.005277
3785.16 84.011477
3791.02 84.017277
3796.88 84.02287700000001
3802.73 84.028177
3808.59 84.033377
3814.45 84.038477
3820.31 84.043577
3826.17 84.048777
3832.03 84.054277
3837.89 84.06017700000001
3843.75 84.066477
3849.61 84.07337700000001
3855.47 84.080977
3861.33 84.08927700000001
3867.19 84.098477
3873.05 84.10847700000001
3878.91 84.119477
3884.77 84.131377
3890.62 84.144177
3896.48 84.157877
3902.34 84.172377
3908.2 84.187577
3914.06 84.203477
3919.92 84.219977
3925.78 84.236877
3931.64 84.25407700000001
3937.5 84.271477
3943.36 84.288977
3949.22 84.306377
3955.08 84.323677
3960.94 84.340677
3966.8 84.357377
3972.66 84.373677
3978.52 84.389477
3984.38 84.40477700000001
3990.23 84.41967700000001
3996.09 84.433977
4001.95 84.447877
4007.81 84.46127700000001
4013.67 84.47447700000001
4019.53 84.487277
4025.39 84.499877
4031.25 84.512377
4037.11 84.524877
4042.97 84.53747700000001
4048.83 84.55027700000001
4054.69 84.563277
4060.55 84.576577
4066.41 84.590277
4072.27 84.604477
4078.12 84.618977
4083.98 84.634077
4089.84 84.649477
4095.7 84.665377
4101.56 84.681577
4107.42 84.69797700000001
4113.28 84.714577
4119.14 84.731277
4125.0 84.747977
4130.86 84.764477
4136.72 84.780677
4142.58 84.79647700000001
4148.44 84.811777
4154.3 84.82637700000001
4160.16 84.840277
4166.02 84.853477
4171.88 84.865677
4177.73 84.881777
4183.59 84.891677
4189.45 84.900577
4195.31 84.904177
4201.17 84.911677
4207.03 84.918377
4212.89 84.924277
4218.75 84.929377
4224.61 84.93387700000001
4230.47 84.937877
4236.33 84.941277
4242.19 84.944477
4248.05 84.947377
4253.91 84.95007700000001
4259.77 84.952777
4265.62 84.955377
4271.48 84.958077
4277.34 84.960877
4283.2 84.96377700000001
4289.06 84.966877
4294.92 84.970077
4300.78 84.973377
4306.64 84.97667700000001
4312.5 84.98007700000001
4318.36 84.983377
4324.22 84.98647700000001
4330.08 84.989377
4335.94 84.991877
4341.8 84.994077
4347.66 84.995777
4353.52 84.99677700000001
4359.38 84.997277
4365.23 84.996977
4371.09 84.99587700000001
4376.95 84.994077
4382.81 84.991477
4388.67 84.988077
4394.53 84.983877
4400.39 84.978977
4406.25 84.973477
4412.11 84.96727700000001
4417.97 84.960577
4423.83 84.953477
4429.69 84.946077
4435.55 84.938377
4441.41 84.930577
4447.27 84.922777
4453.12 84.915077
4458.98 84.907577
4464.84 84.900377
4470.7 84.893477
4476.56 84.886977
4482.42 84.880877
4488.28 84.87517700000001
4494.14 84.869877
4500.0 84.865077
4505.86 84.86067700000001
4511.72 84.856577
4517.58 84.852877
4523.44 84.849277
4529.3 84.845777
4535.16 84.842377
4541.02 84.838977
4546.88 84.835477
4552.73 84.831777
4558.59 84.827777
4564.45 84.823477
4570.31 84.818777
4576.17 84.813677
4582.03 84.808177
4587.89 84.802277
4593.75 84.795877
4599.61 84.789077
4605.47 84.781977
4611.33 84.77457700000001
4617.19 84.76687700000001
4623.05 84.759077
4628.91 84.751177
4634.77 84.743277
4640.62 84.735477
4646.48 84.727877
4652.34 84.720477
4658.2 84.713477
4664.06 84.706877
4669.92 84.700677
4675.78 84.69497700000001
4681.64 84.689777
4687.5 84.684977
4693.36 84.680777
4699.22 84.677077
4705.08 84.673777
4710.94 84.670777
4716.8 84.668177
4722.66 84.665677
4728.52 84.663477
4734.38 84.66117700000001
4740.23 84.65897700000001
4746.09 84.65647700000001
4751.95 84.65387700000001
4757.81 84.650977
4763.67 84.647777
4769.53 84.64407700000001
4775.39 84.639977
4781.25 84.635377
4787.11 84.63037700000001
4792.97 84.62477700000001
4798.83 84.61877700000001
4804.69 84.61237700000001
4810.55 84.605577
4816.41 84.598477
4822.27 84.591177
4828.12 84.58367700000001
4833.98 84.576077
4839.84 84.568577
4845.7 84.561077
4851.56 84.553877
4857.42 84.54687700000001
4863.28 84.540277
4869.14 84.534077
4875.0 84.528277
4880.86 84.522977
4886.72 84.51817700000001
4892.58 84.513777
4898.44 84.509977
4904.3 84.50657700000001
4910.16 84.503577
4916.02 84.500977
4921.88 84.498677
4927.73 84.496577
4933.59 84.494577
4939.45 84.492777
4945.31 84.490877
4951.17 84.488877
4957.03 84.486777
4962.89 84.484477
4968.75 84.481977
4974.61 84.479177
4980.47 84.476077
4986.33 84.472577
4992.19 84.468877
4998.05 84.464877
5003.91 84.460677
5009.77 84.456277
5015.62 84.451777
5021.48 84.447177
5027.34 84.442677
5033.2 84.43817700000001
5039.06 84.433977
5044.92 84.430077
5050.78 84.42657700000001
5056.64 84.42357700000001
5062.5 84.421077
5068.36 84.419177
5074.22 84.417877
5080.08 84.417277
5085.94 84.417377
5091.8 84.418277
5097.66 84.41977700000001
5103.52 84.421977
5109.38 84.42487700000001
5115.23 84.428377
5121.09 84.432377
5126.95 84.43687700000001
5132.81 84.441777
5138.67 84.446977
5144.53 84.452477
5150.39 84.458177
5156.25 84.463977
5162.11 84.469877
5167.97 84.47577700000001
5173.83 84.481577
5179.69 84.48737700000001
5185.55 84.493077
5191.41 84.498777
5197.27 84.504277
5203.12 84.509777
5208.98 84.515277
5214.84 84.520877
5220.7 84.526477
5226.56 84.532177
5232.42 84.538077
5238.28 84.54427700000001
5244.14 84.550777
5250.0 84.557677
5255.86 84.564977
5261.72 84.572777
5267.58 84.58107700000001
5273.44 84.589977
5279.3 84.599277
5285.16 84.609177
5291.02 84.619577
5296.88 84.630477
5302.73 84.641777
5308.59 84.65347700000001
5314.45 84.665377
5320.31 84.677577
5326.17 84.68987700000001
5332.03 84.702177
5337.89 84.714477
5343.75 84.72667700000001
5349.61 84.738577
5355.47 84.750277
5361.33 84.761477
5367.19 84.772377
5373.05 84.78277700000001
5378.91 84.79257700000001
5384.77 84.80197700000001
5390.62 84.810877
5396.48 84.819277
5402.34 84.827177
5408.2 84.834677
5414.06 84.841877
5419.92 84.848777
5425.78 84.85547700000001
5431.64 84.86197700000001
5437.5 84.868477
5443.36 84.875077
5449.22 84.881777
5455.08 84.888677
5460.94 84.895877
5466.8 84.903377
5472.66 84.911277
5478.52 84.919577
5484.38 84.928377
5490.23 84.937577
5496.09 84.947177
5501.95 84.957277
5507.81 84.96767700000001
5513.67 84.97837700000001
5519.53 84.989377
5525.39 85.000477
5531.25 85.011677
5537.11 85.022977
5542.97 85.034077
5548.83 85.045077
5554.69 85.05587700000001
5560.55 85.066377
5566.41 85.076477
5572.27 85.086177
5578.12 85.095477
5583.98 85.10427700000001
5589.84 85.112577
5595.7 85.120577
5601.56 85.128077
5607.42 85.135177
5613.28 85.141977
5619.14 85.148477
5625.0 85.154877
5630.86 85.161077
5636.72 85.167277
5642.58 85.17357700000001
5648.44 85.17997700000001
5654.3 85.186577
5660.16 85.193477
5666.02 85.200777
5671.88 85.208377
5677.73 85.216477
5683.59 85.225077
5689.45 85.234077
5695.31 85.243577
5701.17 85.253377
5707.03 85.263677
5712.89 85.274277
5718.75 85.285077
5724.61 85.296077
5730.47 85.30717700000001
5736.33 85.31827700000001
5742.19 85.329277
5748.05 85.34007700000001
5753.91 85.350577
5759.77 85.360777
5765.62 85.37047700000001
5771.48 85.379777
5777.34 85.38847700000001
5783.2 85.39657700000001
5789.06 85.404177
5794.92 85.411077
5800.78 85.417477
5806.64 85.42317700000001
5812.5 85.428477
5818.36 85.433277
5824.22 85.43767700000001
5830.08 85.441677
5835.94 85.445477
5841.8 85.449077
5847.66 85.45267700000001
5853.52 85.457977
5859.38 85.461577
5865.23 85.465277
5871.09 85.467377
5876.95 85.471377
5882.81 85.475677
5888.67 85.480177
5894.53 85.484877
5900.39 85.489677
5906.25 85.494777
5912.11 85.499877
5917.97 85.505177
5923.83 85.510277
5929.69 85.515377
5935.55 85.520377
5941.41 85.524977
5947.27 85.52927700000001
5953.12 85.533077
5958.98 85.536477
5964.84 85.53917700000001
5970.7 85.54127700000001
5976.56 85.542777
5982.42 85.543377
5988.28 85.543377
5994.14 85.542477
6000.0 85.540977
6005.86 85.538677
6011.72 85.535677
6017.58 85.532077
6023.44 85.527877
6029.3 85.52327700000001
6035.16 85.518277
6041.02 85.512877
6046.88 85.507377
6052.73 85.501677
6058.59 85.49587700000001
6064.45 85.490177
6070.31 85.484577
6076.17 85.479177
6082.03 85.473977
6087.89 85.46897700000001
6093.75 85.46427700000001
6099.61 85.459877
6105.47 85.455777
6111.33 85.45187700000001
6117.19 85.448177
6123.05 85.444677
6128.91 85.441277
6134.77 85.437977
6140.62 85.434577
6146.48 85.431077
6152.34 85.42747700000001
6158.2 85.423677
6164.06 85.419477
6169.92 85.415077
6175.78 85.410177
6181.64 85.404977
6187.5 85.399277
6193.36 85.393277
6199.22 85.38677700000001
6205.08 85.37987700000001
6210.94 85.372777
6216.8 85.365277
6222.66 85.35767700000001
6228.52 85.349877
6234.38 85.342077
6240.23 85.334277
6246.09 85.326677
6251.95 85.319377
6257.81 85.31227700000001
6263.67 85.305677
6269.53 85.299577
6275.39 85.293977
6281.25 85.288977
6287.11 85.284677
6292.97 85.28097700000001
6298.83 85.277977
6304.69 85.275677
6310.55 85.273977
6316.41 85.272777
6322.27 85.272177
6328.12 85.27207700000001
6333.98 85.272377
6339.84 85.27287700000001
6345.7 85.273677
6351.56 85.27457700000001
6357.42 85.27547700000001
6363.28 85.276377
6369.14 85.27717700000001
6375.0 85.277777
6380.86 85.27807700000001
6386.72 85.27807700000001
6392.58 85.277777
6398.44 85.277077
6404.3 85.276077
6410.16 85.274677
6416.02 85.272977
6421.88 85.271077
6427.73 85.268977
6433.59 85.266677
6439.45 85.264277
6445.31 85.26177700000001
6451.17 85.259477
6457.03 85.257277
6462.89 85.255177
6468.75 85.253477
6474.61 85.252077
6480.47 85.250977
6486.33 85.250377
6492.19 85.250077
6498.05 85.250277
6503.91 85.250877
6509.77 85.25187700000001
6515.62 85.25317700000001
6521.48 85.254777
6527.34 85.25657700000001
6533.2 85.258477
6539.06 85.26047700000001
6544.92 85.262477
6550.78 85.264277
6556.64 85.265777
6562.5 85.267077
6568.36 85.267877
6574.22 85.268277
6580.08 85.268077
6585.94 85.267277
6591.8 85.265877
6597.66 85.263777
6603.52 85.260977
6609.38 85.257577
6615.23 85.253577
6621.09 85.248977
6626.95 85.24377700000001
6632.81 85.23817700000001
6638.67 85.23217700000001
6644.53 85.22577700000001
6650.39 85.219277
6656.25 85.21257700000001
6662.11 85.205777
6667.97 85.199177
6673.83 85.192577
6679.69 85.186277
6685.55 85.180177
6691.41 85.174377
6697.27 85.16887700000001
6703.12 85.16377700000001
6708.98 85.159077
6714.84 85.154677
6720.7 85.150677
6726.56 85.146877
6732.42 85.143377
6738.28 85.140077
6744.14 85.136877
6750.0 85.133677
6755.86 85.13037700000001
6761.72 85.127077
6767.58 85.123577
6773.44 85.119777
6779.3 85.11577700000001
6785.16 85.111377
6791.02 85.106677
6796.88 85.101477
6802.73 85.095877
6808.59 85.089977
6814.45 85.08367700000001
6820.31 85.077077
6826.17 85.070177
6832.03 85.063077
6837.89 85.05587700000001
6843.75 85.04857700000001
6849.61 85.041377
6855.47 85.034177
6861.33 85.027277
6867.19 85.020677
6873.05 85.014477
6878.91 85.00877700000001
6884.77 85.003477
6890.62 84.998777
6896.48 84.99467700000001
6902.34 84.99117700000001
6908.2 84.988277
6914.06 84.98607700000001
6919.92 84.98437700000001
6925.78 84.983177
6931.64 84.982477
6937.5 84.98227700000001
6943.36 84.98227700000001
6949.22 84.982577
6955.08 84.982977
6960.94 84.983577
6966.8 84.98397700000001
6972.66 84.98437700000001
6978.52 84.984577
6984.38 84.984477
6990.23 84.984077
6996.09 84.983277
7001.95 84.982077
7007.81 84.980577
7013.67 84.978577
7019.53 84.976177
7025.39 84.973377
7031.25 84.97027700000001
7037.11 84.966977
7042.97 84.96337700000001
7048.83 84.959677
7054.69 84.955877
7060.55 84.952177
7066.41 84.948477
7072.27 84.945077
7078.12 84.941777
7083.98 84.938877
7089.84 84.93637700000001
7095.7 84.93427700000001
7101.56 84.93257700000001
7107.42 84.931377
7113.28 84.930577
7119.14 84.930177
7125.0 84.930277
7130.86 84.930777
7136.72 84.931477
7142.58 84.932477
7148.44 84.933677
7154.3 84.934977
7160.16 84.93637700000001
7166.02 84.937577
7171.88 84.938777
7177.73 84.939677
7183.59 84.94027700000001
7189.45 84.940577
7195.31 84.940577
7201.17 84.940177
7207.03 84.939277
7212.89 84.937977
7218.75 84.936277
7224.61 84.93427700000001
7230.47 84.931877
7236.33 84.929277
7242.19 84.926377
7248.05 84.923377
7253.91 84.920377
7259.77 84.917277
7265.62 84.914377
7271.48 84.911677
7277.34 84.909277
7283.2 84.907177
7289.06 84.905477
7294.92 84.90427700000001
7300.78 84.903577
7306.64 84.90347700000001
7312.5 84.903777
7318.36 84.90477700000001
7324.22 84.906177
7330.08 84.908077
7335.94 84.910477
7341.8 84.913177
7347.66 84.91627700000001
7353.52 84.919477
7359.38 84.922977
7365.23 84.926477
7371.09 84.92997700000001
7376.95 84.93337700000001
7382.81 84.936577
7388.67 84.939577
7394.53 84.942277
7400.39 84.94457700000001
7406.25 84.946577
7412.11 84.948177
7417.97 84.949477
7423.83 84.950277
7429.69 84.950777
7435.55 84.95097700000001
7441.41 84.950877
7447.27 84.95057700000001
7453.12 84.95007700000001
7458.98 84.949577
7464.84 84.949077
7470.7 84.948577
7476.56 84.948277
7482.42 84.948177
7488.28 84.948277
7494.14 84.948777
7500.0 84.94967700000001
7505.86 84.950877
7511.72 84.952577
7517.58 84.954577
7523.44 84.958577
7529.3 84.961477
7535.16 84.964577
7541.02 84.967977
7546.88 84.96977700000001
7552.73 84.97327700000001
7558.59 84.976877
7564.45 84.980277
7570.31 84.983677
7576.17 84.986877
7582.03 84.989777
7587.89 84.992377
7593.75 84.994577
7599.61 84.99637700000001
7605.47 84.99767700000001
7611.33 84.998577
7617.19 84.998977
7623.05 84.998977
7628.91 84.99847700000001
7634.77 84.997577
7640.62 84.996277
7646.48 84.994777
7652.34 84.99297700000001
7658.2 84.991077
7664.06 84.98907700000001
7669.92 84.98697700000001
7675.78 84.984977
7681.64 84.983177
7687.5 84.981477
7693.36 84.98007700000001
7699.22 84.978877
7705.08 84.978077
7710.94 84.977677
7716.8 84.97747700000001
7722.66 84.977677
7728.52 84.978177
7734.38 84.978977
7740.23 84.979977
7746.09 84.981177
7751.95 84.982477
7757.81 84.983677
7763.67 84.984977
7769.53 84.98607700000001
7775.39 84.986877
7781.25 84.987477
7787.11 84.987677
7792.97 84.987477
7798.83 84.986777
7804.69 84.98567700000001
7810.55 84.983877
7816.41 84.981677
7822.27 84.978877
7828.12 84.975677
7833.98 84.971877
7839.84 84.96767700000001
7845.7 84.963177
7851.56 84.958377
7857.42 84.953277
7863.28 84.948177
7869.14 84.942977
7875.0 84.937777
7880.86 84.932777
7886.72 84.927977
7892.58 84.923477
7898.44 84.919377
7904.3 84.915577
7910.16 84.912277
7916.02 84.90947700000001
7921.88 84.907077
7927.73 84.905077
7933.59 84.903677
7939.45 84.90257700000001
7945.31 84.90177700000001
7951.17 84.90127700000001
7957.03 84.901077
7962.89 84.90087700000001
7968.75 84.900777
7974.61 84.900577
7980.47 84.900277
7986.33 84.899777
7992.19 84.898977
7998.05 84.897777
8003.91 84.89617700000001
8009.77 84.894177
8015.62 84.891677
8021.48 84.888577
8027.34 84.88507700000001
8033.2 84.881077
8039.06 84.876577
8044.92 84.871677
8050.78 84.866477
8056.64 84.860977
8062.5 84.855277
8068.36 84.84947700000001
8074.22 84.843677
8080.08 84.83797700000001
8085.94 84.83237700000001
8091.8 84.826977
8097.66 84.821977
8103.52 84.81737700000001
8109.38 84.81317700000001
8115.23 84.809377
8121.09 84.806177
8126.95 84.803577
8132.81 84.801377
8138.67 84.799777
8144.53 84.79857700000001
8150.39 84.797877
8156.25 84.797477
8162.11 84.797477
8167.97 84.797577
8173.83 84.797977
8179.69 84.798377
8185.55 84.798677
8191.41 84.79897700000001
8197.27 84.799177
8203.12 84.799077
8208.98 84.798677
8214.84 84.797977
8220.7 84.79687700000001
8226.56 84.795477
8232.42 84.793577
8238.28 84.791377
8244.14 84.788877
8250.0 84.785977
8255.86 84.782877
8261.72 84.779577
8267.58 84.776077
8273.44 84.772577
8279.3 84.76907700000001
8285.16 84.76557700000001
8291.02 84.762277
8296.88 84.75917700000001
8302.73 84.756377
8308.59 84.753777
8314.45 84.751677
8320.31 84.749877
8326.17 84.74847700000001
8332.03 84.747477
8337.89 84.746877
8343.75 84.746577
8349.61 84.746577
8355.47 84.746877
8361.33 84.747377
8367.19 84.747977
8373.05 84.748577
8378.91 84.749177
8384.77 84.74977700000001
8390.62 84.750077
8396.48 84.75017700000001
8402.34 84.749877
8408.2 84.749277
8414.06 84.748277
8419.92 84.74677700000001
8425.78 84.744877
8431.64 84.74247700000001
8437.5 84.739677
8443.36 84.736377
8449.22 84.732777
8455.08 84.72877700000001
8460.94 84.724577
8466.8 84.720077
8472.66 84.71557700000001
8478.52 84.710977
8484.38 84.706377
8490.23 84.701977
8496.09 84.697677
8501.95 84.69367700000001
8507.81 84.689977
8513.67 84.686777
8519.53 84.68387700000001
8525.39 84.681377
8531.25 84.679377
8537.11 84.677777
8542.97 84.676677
8548.83 84.675877
8554.69 84.675477
8560.55 84.67527700000001
8566.41 84.67527700000001
8572.27 84.675477
8578.12 84.67567700000001
8583.98 84.675877
8589.84 84.675877
8595.7 84.675777
8601.56 84.675377
8607.42 84.674677
8613.28 84.67357700000001
8619.14 84.671977
8625.0 84.669977
8630.86 84.66757700000001
8636.72 84.66457700000001
8642.58 84.661277
8648.44 84.657477
8654.3 84.653277
8660.16 84.64877700000001
8666.02 84.643977
8671.88 84.639077
8677.73 84.634077
8683.59 84.62907700000001
8689.45 84.624077
8695.31 84.619377
8701.17 84.614777
8707.03 84.610577
8712.89 84.60677700000001
8718.75 84.603277
8724.61 84.60037700000001
8730.47 84.597877
8736.33 84.595977
8742.19 84.594477
8748.05 84.59347700000001
8753.91 84.592877
8759.77 84.59267700000001
8765.62 84.592877
8771.48 84.593277
8777.34 84.593777
8783.2 84.594477
8789.06 84.595177
8794.92 84.595777
8800.78 84.596177
8806.64 84.59647700000001
8812.5 84.596377
8818.36 84.595977
8824.22 84.595177
8830.08 84.59397700000001
8835.94 84.59227700000001
8841.8 84.590277
8847.66 84.587777
8853.52 84.58497700000001
8859.38 84.581877
8865.23 84.578477
8871.09 84.574877
8876.95 84.571077
8882.81 84.56737700000001
8888.67 84.563677
8894.53 84.560077
8900.39 84.556777
8906.25 84.553777
8912.11 84.55117700000001
8917.97 84.548877
8923.83 84.547177
8929.69 84.546077
8935.55 84.545377
8941.41 84.545277
8947.27 84.545777
8953.12 84.546777
8958.98 84.54817700000001
8964.84 84.550077
8970.7 84.552277
8976.56 84.554777
8982.42 84.557377
8988.28 84.56017700000001
8994.14 84.562977
9000.0 84.56567700000001
9005.86 84.568177
9011.72 84.570477
9017.58 84.572477
9023.44 84.573977
9029.3 84.575177
9035.16 84.575877
9041.02 84.576077
9046.88 84.575777
9052.73 84.57507700000001
9058.59 84.57387700000001
9064.45 84.572277
9070.31 84.57037700000001
9076.17 84.568177
9082.03 84.565777
9087.89 84.563277
9093.75 84.560777
9099.61 84.558277
9105.47 84.555977
9111.33 84.553877
9117.19 84.552177
9123.05 84.550777
9128.91 84.54987700000001
9134.77 84.549377
9140.62 84.54947700000001
9146.48 84.550077
9152.34 84.55117700000001
9158.2 84.552777
9164.06 84.554877
9169.92 84.557477
9175.78 84.560377
9181.64 84.56357700000001
9187.5 84.567077
9193.36 84.572677
9199.22 84.57637700000001
9205.08 84.580077
9210.94 84.58367700000001
9216.8 84.58707700000001
9222.66 84.588477
9228.52 84.591477
9234.38 84.594277
9240.23 84.596777
9246.09 84.598977
9251.95 84.600877
9257.81 84.602577
9263.67 84.603877
9269.53 84.604977
9275.39 84.60597700000001
9281.25 84.60677700000001
9287.11 84.607577
9292.97 84.608277
9298.83 84.609177
9304.69 84.61017700000001
9310.55 84.61147700000001
9316.41 84.612977
9322.27 84.614877
9328.12 84.617177
9333.98 84.619877
9339.84 84.62307700000001
9345.7 84.626777
9351.56 84.630877
9357.42 84.635577
9363.28 84.64057700000001
9369.14 84.646077
9375.0 84.651977
9380.86 84.658077
9386.72 84.664477
9392.58 84.67097700000001
9398.44 84.677577
9404.3 84.68427700000001
9410.16 84.690777
9416.02 84.697177
9421.88 84.703377
9427.73 84.709277
9433.59 84.714877
9439.45 84.720077
9445.31 84.72497700000001
9451.17 84.729377
9457.03 84.733377
9462.89 84.73697700000001
9468.75 84.740177
9474.61 84.743077
9480.47 84.745677
9486.33 84.74807700000001
9492.19 84.750277
9498.05 84.752277
9503.91 84.754277
9509.77 84.756277
9515.62 84.75837700000001
9521.48 84.760577
9527.34 84.762977
9533.2 84.76557700000001
9539.06 84.768477
9544.92 84.771677
9550.78 84.775177
9556.64 84.77887700000001
9562.5 84.782977
9568.36 84.787277
9574.22 84.791877
9580.08 84.796577
9585.94 84.801377
9591.8 84.80627700000001
9597.66 84.811077
9603.52 84.815877
9609.38 84.820477
9615.23 84.824877
9621.09 84.82897700000001
9626.95 84.83277700000001
9632.81 84.836177
9638.67 84.839077
9644.53 84.841577
9650.39 84.84357700000001
9656.25 84.845077
9662.11 84.846177
9667.97 84.846777
9673.83 84.847077
9679.69 84.846877
9685.55 84.84647700000001
9691.41 84.845777
9697.27 84.844877
9703.12 84.84397700000001
9708.98 84.842977
9714.84 84.841977
9720.7 84.841177
9726.56 84.840477
9732.42 84.839977
9738.28 84.839877
9744.14 84.839977
9750.0 84.840477
9755.86 84.841277
9761.72 84.842377
9767.58 84.843877
9773.44 84.84567700000001
9779.3 84.84777700000001
9785.16 84.850077
9791.02 84.85247700000001
9796.88 84.85507700000001
9802.73 84.85767700000001
9808.59 84.860377
9814.45 84.862877
9820.31 84.865277
9826.17 84.86747700000001
9832.03 84.869377
9837.89 84.871077
9843.75 84.872477
9849.61 84.87347700000001
9855.47 84.874077
9861.33 84.874477
9867.19 84.874477
9873.05 84.874177
9878.91 84.873577
9884.77 84.872777
9890.62 84.871877
9896.48 84.87087700000001
9902.34 84.869877
9908.2 84.868977
9914.06 84.868077
9919.92 84.86747700000001
9925.78 84.86707700000001
9931.64 84.866977
9937.5 84.867277
9943.36 84.86797700000001
9949.22 84.869077
9955.08 84.870577
9960.94 84.872577
9966.8 84.875077
9972.66 84.877877
9978.52 84.881077
9984.38 84.88457700000001
9990.23 84.888377
9996.09 84.89237700000001
10002.0 84.89657700000001
10007.8 84.900777
10013.7 84.904977
10019.5 84.909077
10025.4 84.913077
10031.2 84.916877
10037.1 84.920377
10043.0 84.92357700000001
10048.8 84.926477
10054.7 84.929077
10060.5 84.931177
10066.4 84.93297700000001
10072.3 84.934477
10078.1 84.93557700000001
10084.0 84.93637700000001
10089.8 84.937077
10095.7 84.937477
10101.6 84.937777
10107.4 84.938077
10113.3 84.938377
10119.1 84.938777
10125.0 84.93937700000001
10130.9 84.940177
10136.7 84.941277
10142.6 84.942677
10148.4 84.944477
10154.3 84.946577
10160.2 84.949177
10166.0 84.952177
10171.9 84.955577
10177.7 84.959277
10183.6 84.96337700000001
10189.5 84.96767700000001
10195.3 84.972277
10201.2 84.976977
10207.0 84.981877
10212.9 84.986777
10218.8 84.991577
10224.6 84.99637700000001
10230.5 85.000877
10236.3 85.005277
10242.2 85.009277
10248.0 85.012977
10253.9 85.016377
10259.8 85.019377
10265.6 85.021977
10271.5 85.02417700000001
10277.3 85.025977
10283.2 85.02757700000001
10289.1 85.028777
10294.9 85.029677
10300.8 85.030377
10306.6 85.03107700000001
10312.5 85.031577
10318.4 85.032077
10324.2 85.032577
10330.1 85.033277
10335.9 85.034077
10341.8 85.035077
10347.7 85.036377
10353.5 85.03787700000001
10359.4 85.039677
10365.2 85.04177700000001
10371.1 85.044177
10377.0 85.04687700000001
10382.8 85.049777
10388.7 85.05287700000001
10394.5 85.056077
10400.4 85.059377
10406.2 85.062777
10412.1 85.066077
10418.0 85.06917700000001
10423.8 85.072177
10429.7 85.074977
10435.5 85.077377
10441.4 85.07937700000001
10447.3 85.08107700000001
10453.1 85.082277
10459.0 85.082977
10464.8 85.08327700000001
10470.7 85.083077
10476.6 85.08237700000001
10482.4 85.081277
10488.3 85.079777
10494.1 85.077877
10500.0 85.075777
10505.9 85.07337700000001
10511.7 85.070777
10517.6 85.068177
10523.4 85.065477
10529.3 85.062877
10535.2 85.060377
10541.0 85.05797700000001
10546.9 85.05587700000001
10552.7 85.053977
10558.6 85.052377
10564.5 85.05117700000001
10570.3 85.050177
10576.2 85.049577
10582.0 85.049177
10587.9 85.049077
10593.8 85.049177
10599.6 85.04947700000001
10605.5 85.049777
10611.3 85.050177
10617.2 85.050577
10623.0 85.050877
10628.9 85.051077
10634.8 85.050977
10640.6 85.050577
10646.5 85.04987700000001
10652.3 85.048677
10658.2 85.047177
10664.1 85.045277
10669.9 85.042877
10675.8 85.03997700000001
10681.6 85.036677
10687.5 85.032977
10693.4 85.028977
10699.2 85.02457700000001
10705.1 85.019977
10710.9 85.015077
10716.8 85.01007700000001
10722.7 85.005077
10728.5 84.999977
10734.4 84.994977
10740.2 84.990077
10746.1 84.985277
10752.0 84.980777
10757.8 84.976477
10763.7 84.972577
10769.5 84.968877
10775.4 84.965477
10781.2 84.962277
10787.1 84.959477
10793.0 84.956877
10798.8 84.954477
10804.7 84.952177
10810.5 84.949977
10816.4 84.947777
10822.3 84.945677
10828.1 84.943377
10834.0 84.940877
10839.8 84.938277
10845.7 84.935377
10851.6 84.93217700000001
10857.4 84.92867700000001
10863.3 84.92227700000001
10869.1 84.917877
10875.0 84.913177
10880.9 84.908077
10886.7 84.902777
10892.6 84.897177
10898.4 84.89147700000001
10904.3 84.888377
10910.2 84.88247700000001
10916.0 84.876577
10921.9 84.870677
10927.7 84.864877
10933.6 84.859277
10939.5 84.853877
10945.3 84.84867700000001
10951.2 84.843777
10957.0 84.83927700000001
10962.9 84.835177
10968.8 84.831377
10974.6 84.827977
10980.5 84.82507700000001
10986.3 84.822377
10992.2 84.820177
10998.0 84.818177
11003.9 84.816477
11009.8 84.81487700000001
11015.6 84.813477
11021.5 84.812177
11027.3 84.810877
11033.2 84.809577
11039.1 84.808077
11044.9 84.806477
11050.8 84.804677
11056.6 84.802677
11062.5 84.80027700000001
11068.4 84.79767700000001
11074.2 84.79477700000001
11080.1 84.791477
11085.9 84.788077
11091.8 84.784277
11097.7 84.780377
11103.5 84.776177
11109.4 84.771977
11115.2 84.767677
11121.1 84.76347700000001
11127.0 84.759277
11132.8 84.755277
11138.7 84.75147700000001
11144.5 84.747877
11150.4 84.74467700000001
11156.2 84.741777
11162.1 84.739377
11168.0 84.73737700000001
11173.8 84.735777
11179.7 84.734577
11185.5 84.733877
11191.4 84.73347700000001
11197.3 84.733577
11203.1 84.733877
11209.0 84.734477
11214.8 84.735277
11220.7 84.736177
11226.6 84.737077
11232.4 84.738077
11238.3 84.738877
11244.1 84.739577
11250.0 84.740077
11255.9 84.740277
11261.7 84.740077
11267.6 84.739577
11273.4 84.73867700000001
11279.3 84.73737700000001
11285.2 84.73567700000001
11291.0 84.733677
11296.9 84.731177
11302.7 84.72837700000001
11308.6 84.725277
11314.5 84.721877
11320.3 84.718377
11326.2 84.71467700000001
11332.0 84.710977
11337.9 84.707177
11343.8 84.703477
11349.6 84.699877
11355.5 84.696377
11361.3 84.693177
11367.2 84.690177
11373.0 84.687377
11378.9 84.684877
11384.8 84.682677
11390.6 84.680677
11396.5 84.678977
11402.3 84.67747700000001
11408.2 84.676077
11414.1 84.67487700000001
11419.9 84.673677
11425.8 84.672577
11431.6 84.671277
11437.5 84.669977
11443.4 84.66847700000001
11449.2 84.66677700000001
11455.1 84.664777
11460.9 84.662377
11466.8 84.659777
11472.7 84.656777
11478.5 84.653377
11484.4 84.649677
11490.2 84.645577
11496.1 84.641177
11502.0 84.636577
11507.8 84.63167700000001
11513.7 84.626577
11519.5 84.621477
11525.4 84.61617700000001
11531.2 84.61107700000001
11537.1 84.60597700000001
11543.0 84.600977
11548.8 84.596277
11554.7 84.591877
11560.5 84.587877
11566.4 84.584177
11572.3 84.580877
11578.1 84.57807700000001
11584.0 84.575677
11589.8 84.573677
11595.7 84.572177
11601.6 84.570977
11607.4 84.570177
11613.3 84.569677
11619.1 84.569377
11625.0 84.569277
11630.9 84.569277
11636.7 84.569277
11642.6 84.569277
11648.4 84.569277
11654.3 84.568977
11660.2 84.568577
11666.0 84.567977
11671.9 84.567077
11677.7 84.565977
11683.6 84.564477
11689.5 84.562777
11695.3 84.560777
11701.2 84.558577
11707.0 84.556177
11712.9 84.55367700000001
11718.8 84.551077
11724.6 84.548477
11730.5 84.54597700000001
11736.3 84.543577
11742.2 84.541377
11748.0 84.53957700000001
11753.9 84.538077
11759.8 84.53697700000001
11765.6 84.536277
11771.5 84.53617700000001
11777.3 84.53657700000001
11783.2 84.53747700000001
11789.1 84.538977
11794.9 84.541077
11800.8 84.543577
11806.6 84.546577
11812.5 84.550077
11818.4 84.553877
11824.2 84.55797700000001
11830.1 84.56227700000001
11835.9 84.566777
11841.8 84.571377
11847.7 84.575877
11853.5 84.580377
11859.4 84.584677
11865.2 84.58877700000001
11871.1 84.592577
11877.0 84.59607700000001
11882.8 84.599377
11888.7 84.602177
11894.5 84.60467700000001
11900.4 84.606877
11906.2 84.608777
11912.1 84.610377
11918.0 84.611777
11923.8 84.613077
11929.7 84.614177
11935.5 84.615277
11941.4 84.616377
11947.3 84.617677
11953.1 84.619077
11959.0 84.620677
11964.8 84.62267700000001
11970.7 84.624977
11976.6 84.627677
11982.4 84.63077700000001
11988.3 84.634277
11994.1 84.638277
12000.0 84.642577
12005.9 84.647377
12011.7 84.652377
12017.6 84.65777700000001
12023.4 84.663377
12029.3 84.669077
12035.2 84.67487700000001
12041.0 84.680777
12046.9 84.686477
12052.7 84.692077
12058.6 84.697477
12064.5 84.702577
12070.3 84.707277
12076.2 84.71167700000001
12082.0 84.715477
12087.9 84.718877
12093.8 84.721877
12099.6 84.724277
12105.5 84.726177
12111.3 84.727777
12117.2 84.728877
12123.0 84.729577
12128.9 84.73007700000001
12134.8 84.730277
12140.6 84.730277
12146.5 84.730177
12152.3 84.730177
12158.2 84.73007700000001
12164.1 84.730177
12169.9 84.730377
12175.8 84.730877
12181.6 84.731577
12187.5 84.732577
12193.4 84.733877
12199.2 84.735477
12205.1 84.73737700000001
12210.9 84.739577
12216.8 84.741977
12222.7 84.744577
12228.5 84.747277
12234.4 84.750077
12240.2 84.752877
12246.1 84.755677
12252.0 84.758277
12257.8 84.760577
12263.7 84.762777
12269.5 84.764577
12275.4 84.765977
12281.2 84.766977
12287.1 84.767477
12293.0 84.767577
12298.8 84.767277
12304.7 84.76647700000001
12310.5 84.76517700000001
12316.4 84.763577
12322.3 84.761577
12328.1 84.759277
12334.0 84.756777
12339.8 84.754177
12345.7 84.751377
12351.6 84.748677
12357.4 84.745977
12363.3 84.74337700000001
12369.1 84.741077
12375.0 84.738877
12380.9 84.737077
12386.7 84.735577
12392.6 84.734477
12398.4 84.733577
12404.3 84.733177
12410.2 84.73307700000001
12416.0 84.733177
12421.9 84.733577
12427.7 84.734177
12433.6 84.734977
12439.5 84.735777
12445.3 84.736577
12451.2 84.737277
12457.0 84.73777700000001
12462.9 84.73817700000001
12468.8 84.73817700000001
12474.6 84.73777700000001
12480.5 84.737077
12486.3 84.735877
12492.2 84.734177
12498.0 84.732077
12503.9 84.729477
12509.8 84.726377
12515.6 84.722877
12521.5 84.71897700000001
12527.3 84.71467700000001
12533.2 84.707677
12539.1 84.702977
12544.9 84.698277
12550.8 84.693577
12556.6 84.68897700000001
12562.5 84.684477
12568.4 84.680277
12574.2 84.676277
12580.1 84.674977
12585.9 84.671677
12591.8 84.668677
12597.7 84.666077
12603.5 84.663877
12609.4 84.662077
12615.2 84.660677
12621.1 84.659677
12627.0 84.65897700000001
12632.8 84.658477
12638.7 84.658277
12644.5 84.65817700000001
12650.4 84.65817700000001
12656.2 84.658277
12662.1 84.65817700000001
12668.0 84.657977
12673.8 84.657677
12679.7 84.657077
12685.5 84.656177
12691.4 84.654977
12697.3 84.65347700000001
12703.1 84.651677
12709.0 84.649377
12714.8 84.646877
12720.7 84.64407700000001
12726.6 84.640977
12732.4 84.637677
12738.3 84.634277
12744.1 84.63077700000001
12750.0 84.627277
12755.9 84.623777
12761.7 84.62047700000001
12767.6 84.61747700000001
12773.4 84.614677
12779.3 84.612177
12785.2 84.61017700000001
12791.0 84.608577
12796.9 84.607477
12802.7 84.606877
12808.6 84.60677700000001
12814.5 84.60717700000001
12820.3 84.60807700000001
12826.2 84.60937700000001
12832.0 84.61107700000001
12837.9 84.613077
12843.8 84.61537700000001
12849.6 84.61787700000001
12855.5 84.62047700000001
12861.3 84.623177
12867.2 84.625777
12873.0 84.628377
12878.9 84.63077700000001
12884.8 84.632977
12890.6 84.634877
12896.5 84.636477
12902.3 84.637677
12908.2 84.638577
12914.1 84.639177
12919.9 84.63937700000001
12925.8 84.63937700000001
12931.6 84.638977
12937.5 84.638377
12943.4 84.637677
12949.2 84.63677700000001
12955.1 84.63587700000001
12960.9 84.63507700000001
12966.8 84.634377
12972.7 84.63377700000001
12978.5 84.633477
12984.4 84.633477
12990.2 84.63377700000001
12996.1 84.634477
13002.0 84.635677
13007.8 84.637277
13013.7 84.639277
13019.5 84.641677
13025.4 84.64447700000001
13031.2 84.647677
13037.1 84.651077
13043.0 84.65477700000001
13048.8 84.658677
13054.7 84.662677
13060.5 84.666577
13066.4 84.670477
13072.3 84.674277
13078.1 84.67787700000001
13084.0 84.681077
13089.8 84.683977
13095.7 84.686477
13101.6 84.68857700000001
13107.4 84.690177
13113.3 84.691277
13119.1 84.691877
13125.0 84.692077
13130.9 84.691777
13136.7 84.691077
13142.6 84.689977
13148.4 84.68857700000001
13154.3 84.686977
13160.2 84.685277
13166.0 84.68337700000001
13171.9 84.681577
13177.7 84.679777
13183.6 84.678077
13189.5 84.67657700000001
13195.3 84.675377
13201.2 84.674377
13207.0 84.673777
13212.9 84.673377
13218.8 84.673477
13224.6 84.673777
13230.5 84.67447700000001
13236.3 84.675377
13242.2 84.67657700000001
13248.0 84.67787700000001
13253.9 84.679277
13259.8 84.680777
13265.6 84.682277
13271.5 84.683577
13277.3 84.684777
13283.2 84.685777
13289.1 84.68637700000001
13294.9 84.686677
13300.8 84.686477
13306.6 84.685877
13312.5 84.684877
13318.4 84.68337700000001
13324.2 84.681377
13330.1 84.679077
13335.9 84.67617700000001
13341.8 84.673077
13347.7 84.669577
13353.5 84.66587700000001
13359.4 84.66197700000001
13365.2 84.657977
13371.1 84.653977
13377.0 84.649977
13382.8 84.64617700000001
13388.7 84.642477
13394.5 84.639177
13400.4 84.636077
13406.2 84.633477
13412.1 84.63117700000001
13418.0 84.629377
13423.8 84.627977
13429.7 84.626977
13435.5 84.626377
13441.4 84.62607700000001
13447.3 84.626277
13453.1 84.626577
13459.0 84.627277
13464.8 84.627977
13470.7 84.628877
13476.6 84.629677
13482.4 84.630577
13488.3 84.631277
13494.1 84.631777
13500.0 84.63207700000001
13505.9 84.63207700000001
13511.7 84.631877
13517.6 84.631277
13523.4 84.63037700000001
13529.3 84.629177
13535.2 84.62777700000001
13541.0 84.625977
13546.9 84.624077
13552.7 84.621877
13558.6 84.61967700000001
13564.5 84.617377
13570.3 84.615177
13576.2 84.613077
13582.0 84.61107700000001
13587.9 84.60937700000001
13593.8 84.607977
13599.6 84.606877
13605.5 84.606277
13611.3 84.60597700000001
13617.2 84.606277
13623.0 84.606977
13628.9 84.608177
13634.8 84.60977700000001
13640.6 84.611777
13646.5 84.614277
13652.3 84.616977
13658.2 84.62007700000001
13664.1 84.623277
13669.9 84.626677
13675.8 84.630077
13681.6 84.633477
13687.5 84.636877
13693.4 84.640077
13699.2 84.643077
13705.1 84.64577700000001
13710.9 84.64827700000001
13716.8 84.650377
13722.7 84.65217700000001
13728.5 84.653577
13734.4 84.654677
13740.2 84.655477
13746.1 84.65597700000001
13752.0 84.656277
13757.8 84.656277
13763.7 84.656277
13769.5 84.656177
13775.4 84.65607700000001
13781.2 84.65607700000001
13787.1 84.656177
13793.0 84.65647700000001
13798.8 84.657077
13804.7 84.657977
13810.5 84.659277
13816.4 84.660877
13822.3 84.662977
13828.1 84.665377
13834.0 84.668277
13839.8 84.67147700000001
13845.7 84.674977
13851.6 84.678777
13857.4 84.682877
13863.3 84.687077
13869.1 84.691477
13875.0 84.695777
13880.9 84.700177
13886.7 84.70437700000001
13892.6 84.708377
13898.4 84.712177
13904.3 84.71557700000001
13910.2 84.718677
13916.0 84.721377
13921.9 84.72367700000001
13927.7 84.725577
13933.6 84.72707700000001
13939.5 84.728077
13945.3 84.72877700000001
13951.2 84.729077
13957.0 84.729077
13962.9 84.728877
13968.8 84.728477
13974.6 84.72797700000001
13980.5 84.727377
13986.3 84.726977
13992.2 84.726577
13998.0 84.726377
14003.9 84.726377
14009.8 84.72667700000001
14015.6 84.727277
14021.5 84.728177
14027.3 84.729577
14033.2 84.731177
14039.1 84.733177
14044.9 84.735577
14050.8 84.73817700000001
14056.6 84.741077
14062.5 84.744077
14068.4 84.747277
14074.2 84.750477
14080.1 84.75367700000001
14085.9 84.756777
14091.8 84.759677
14097.7 84.762477
14103.5 84.764877
14109.4 84.766977
14115.2 84.768677
14121.1 84.769977
14127.0 84.770877
14132.8 84.771377
14138.7 84.771377
14144.5 84.771077
14150.4 84.770377
14156.2 84.769277
14162.1 84.767977
14168.0 84.76647700000001
14173.8 84.764877
14179.7 84.763177
14185.5 84.761477
14191.4 84.759877
14197.3 84.75837700000001
14203.1 84.756977
14209.0 84.75617700000001
14214.8 84.755677
14220.7 84.755477
14226.6 84.755577
14232.4 84.755977
14238.3 84.756777
14244.1 84.757777
14250.0 84.758977
14255.9 84.759977
14261.7 84.76137700000001
14267.6 84.762877
14273.4 84.76437700000001
14279.3 84.765777
14285.2 84.767077
14291.0 84.768277
14296.9 84.76907700000001
14302.7 84.769677
14308.6 84.769977
14314.5 84.769777
14320.3 84.76907700000001
14326.2 84.767977
14332.0 84.76647700000001
14337.9 84.76437700000001
14343.8 84.761977
14349.6 84.759077
14355.5 84.75577700000001
14361.3 84.752177
14367.2 84.748277
14373.0 84.74417700000001
14378.9 84.739877
14384.8 84.735577
14390.6 84.731277
14396.5 84.72707700000001
14402.3 84.722977
14408.2 84.719077
14414.1 84.715377
14419.9 84.71207700000001
14425.8 84.70907700000001
14431.6 84.706377
14437.5 84.70397700000001
14443.4 84.701977
14449.2 84.700277
14455.1 84.69887700000001
14460.9 84.697677
14466.8 84.696777
14472.7 84.69587700000001
14478.5 84.695077
14484.4 84.69417700000001
14490.2 84.69327700000001
14496.1 84.692177
14502.0 84.690877
14507.8 84.689277
14513.7 84.687377
14519.5 84.685077
14525.4 84.682377
14531.2 84.67917700000001
14537.1 84.675577
14543.0 84.67147700000001
14548.8 84.667077
14554.7 84.662277
14560.5 84.657077
14566.4 84.651577
14572.3 84.645977
14578.1 84.64017700000001
14584.0 84.634277
14589.8 84.628477
14595.7 84.62267700000001
14601.6 84.61707700000001
14607.4 84.611677
14613.3 84.606677
14619.1 84.601977
14625.0 84.597677
14630.9 84.593777
14636.7 84.590377
14642.6 84.587477
14648.4 84.58497700000001
14654.3 84.582877
14660.2 84.581177
14666.0 84.579777
14671.9 84.578777
14677.7 84.577877
14683.6 84.57727700000001
14689.5 84.576577
14695.3 84.57597700000001
14701.2 84.575277
14707.0 84.574477
14712.9 84.573477
14718.8 84.57207700000001
14724.6 84.570477
14730.5 84.568477
14736.3 84.56617700000001
14742.2 84.563377
14748.0 84.560277
14753.9 84.556777
14759.8 84.552977
14765.6 84.548877
14771.5 84.544577
14777.3 84.540077
14783.2 84.535477
14789.1 84.530877
14794.9 84.526377
14800.8 84.521977
14806.6 84.51777700000001
14812.5 84.51387700000001
14818.4 84.510277
14824.2 84.50707700000001
14830.1 84.504377
14835.9 84.502077
14841.8 84.500277
14847.7 84.498977
14853.5 84.498177
14859.4 84.497777
14865.2 84.497877
14871.1 84.498277
14877.0 84.498977
14882.8 84.499877
14888.7 84.500977
14894.5 84.502077
14900.4 84.503277
14906.2 84.504277
14912.1 84.505177
14918.0 84.505877
14923.8 84.506277
14929.7 84.506277
14935.5 84.505877
14941.4 84.505077
14947.3 84.503977
14953.1 84.502277
14959.0 84.500277
14964.8 84.497877
14970.7 84.49507700000001
14976.6 84.491977
14982.4 84.48867700000001
14988.3 84.48517700000001
14994.1 84.481577
15000.0 84.477877
15005.9 84.474277
15011.7 84.470777
15017.6 84.467477
15023.4 84.46427700000001
15029.3 84.461377
15035.2 84.458877
15041.0 84.45657700000001
15046.9 84.454677
15052.7 84.45307700000001
15058.6 84.451777
15064.5 84.450777
15070.3 84.449977
15076.2 84.449377
15082.0 84.448977
15087.9 84.448577
15093.8 84.448177
15099.6 84.447677
15105.5 84.446977
15111.3 84.446177
15117.2 84.44497700000001
15123.0 84.443477
15128.9 84.44157700000001
15134.8 84.439177
15140.6 84.43637700000001
15146.5 84.433077
15152.3 84.429377
15158.2 84.425177
15164.1 84.420477
15169.9 84.41547700000001
15175.8 84.410077
15181.6 84.404377
15187.5 84.398577
15193.4 84.392577
15199.2 84.386577
15205.1 84.380577
15210.9 84.374677
15216.8 84.368877
15222.7 84.363477
15228.5 84.358277
15234.4 84.35337700000001
15240.2 84.348977
15246.1 84.344877
15252.0 84.341177
15257.8 84.337877
15263.7 84.33497700000001
15269.5 84.33237700000001
15275.4 84.330077
15281.2 84.327977
15287.1 84.32597700000001
15293.0 84.324077
15298.8 84.322177
15304.7 84.320277
15310.5 84.318177
15316.4 84.315777
15322.3 84.313077
15328.1 84.310077
15334.0 84.30667700000001
15339.8 84.302777
15345.7 84.298477
15351.6 84.293777
15357.4 84.288477
15363.3 84.282877
15369.1 84.276877
15375.0 84.270477
15380.9 84.26387700000001
15386.7 84.25707700000001
15392.6 84.25017700000001
15398.4 84.243277
15404.3 84.23647700000001
15410.2 84.229777
15416.0 84.223377
15421.9 84.217377
15427.7 84.211777
15433.6 84.20657700000001
15439.5 84.201977
15445.3 84.19797700000001
15451.2 84.19457700000001
15457.0 84.191677
15462.9 84.189477
15468.8 84.187777
15474.6 84.186577
15480.5 84.185877
15486.3 84.18557700000001
15492.2 84.18557700000001
15498.0 84.185877
15503.9 84.186277
15509.8 84.186677
15515.6 84.187077
15521.5 84.187377
15527.3 84.187477
15533.2 84.18727700000001
15539.1 84.186777
15544.9 84.18597700000001
15550.8 84.18467700000001
15556.6 84.18297700000001
15562.5 84.18087700000001
15568.4 84.178377
15574.2 84.175577
15580.1 84.172477
15585.9 84.169077
15591.8 84.16547700000001
15597.7 84.161777
15603.5 84.15817700000001
15609.4 84.154577
15615.2 84.151177
15621.1 84.148077
15627.0 84.145177
15632.8 84.142877
15638.7 84.140977
15644.5 84.139577
15650.4 84.138677
15656.2 84.13847700000001
15662.1 84.138777
15668.0 84.139677
15673.8 84.14107700000001
15679.7 84.142977
15685.5 84.145377
15691.4 84.148077
15697.3 84.150977
15703.1 84.154177
15709.0 84.157477
15714.8 84.160677
15720.7 84.163877
15726.6 84.16677700000001
15732.4 84.169577
15738.3 84.17187700000001
15744.1 84.173877
15750.0 84.175477
15755.9 84.176477
15761.7 84.177077
15767.6 84.177177
15773.4 84.176877
15779.3 84.176077
15785.2 84.17487700000001
15791.0 84.173477
15796.9 84.171777
15802.7 84.169877
15808.6 84.16797700000001
15814.5 84.166177
15820.3 84.164377
15826.2 84.16287700000001
15832.0 84.16157700000001
15837.9 84.160677
15843.8 84.16027700000001
15849.6 84.16027700000001
15855.5 84.16077700000001
15861.3 84.161877
15867.2 84.163477
15873.0 84.167777
15878.9 84.17057700000001
15884.8 84.173677
15890.6 84.177077
15896.5 84.180777
15902.3 84.18467700000001
15908.2 84.18857700000001
15914.1 84.192577
15919.9 84.196377
15925.8 84.20007700000001
15931.6 84.201077
15937.5 84.204177
15943.4 84.20697700000001
15949.2 84.209277
15955.1 84.21127700000001
15960.9 84.212777
15966.8 84.21377700000001
15972.7 84.21427700000001
15978.5 84.214377
15984.4 84.214077
15990.2 84.21337700000001
15996.1 84.212377
16002.0 84.211077
16007.8 84.209677
16013.7 84.208077
16019.5 84.20657700000001
16025.4 84.204977
16031.2 84.203677
16037.1 84.202477
16043.0 84.201577
16048.8 84.20097700000001
16054.7 84.200677
16060.5 84.200877
16066.4 84.20137700000001
16072.3 84.20227700000001
16078.1 84.20357700000001
16084.0 84.20527700000001
16089.8 84.207177
16095.7 84.209377
16101.6 84.211777
16107.4 84.21427700000001
16113.3 84.216877
16119.1 84.21937700000001
16125.0 84.221677
16130.9 84.223877
16136.7 84.22577700000001
16142.6 84.227377
16148.4 84.228477
16154.3 84.229177
16160.2 84.229477
16166.0 84.22927700000001
16171.9 84.228477
16177.7 84.227277
16183.6 84.225677
16189.5 84.223577
16195.3 84.221177
16201.2 84.21847700000001
16207.0 84.21557700000001
16212.9 84.212477
16218.8 84.209377
16224.6 84.206377
16230.5 84.203377
16236.3 84.200677
16242.2 84.198177
16248.0 84.195977
16253.9 84.194277
16259.8 84.19287700000001
16265.6 84.19197700000001
16271.5 84.191477
16277.3 84.191477
16283.2 84.191777
16289.1 84.192577
16294.9 84.19367700000001
16300.8 84.195077
16306.6 84.19667700000001
16312.5 84.19837700000001
16318.4 84.200177
16324.2 84.20187700000001
16330.1 84.203377
16335.9 84.204777
16341.8 84.205777
16347.7 84.206477
16353.5 84.206777
16359.4 84.20657700000001
16365.2 84.205877
16371.1 84.204777
16377.0 84.20307700000001
16382.8 84.200877
16388.7 84.198277
16394.5 84.195277
16400.4 84.191877
16406.2 84.188277
16412.1 84.184477
16418.0 84.180577
16423.8 84.176677
16429.7 84.172877
16435.5 84.169177
16441.4 84.16587700000001
16447.3 84.162777
16453.1 84.160177
16459.0 84.158077
16464.8 84.15647700000001
16470.7 84.155377
16476.6 84.154877
16482.4 84.154877
16488.3 84.155377
16494.1 84.156377
16500.0 84.157877
16505.9 84.159677
16511.7 84.161777
16517.6 84.16417700000001
16523.4 84.166577
16529.3 84.169077
16535.2 84.17147700000001
16541.0 84.173777
16546.9 84.175777
16552.7 84.177577
16558.6 84.178877
16564.5 84.179877
16570.3 84.18037700000001
16576.2 84.18037700000001
16582.0 84.17997700000001
16587.9 84.179077
16593.8 84.177677
16599.6 84.175977
16605.5 84.17397700000001
16611.3 84.171677
16617.2 84.169177
16623.0 84.166577
16628.9 84.164077
16634.8 84.16157700000001
16640.6 84.159177
16646.5 84.157177
16652.3 84.155377
16658.2 84.153977
16664.1 84.15307700000001
16669.9 84.15257700000001
16675.8 84.15257700000001
16681.6 84.15307700000001
16687.5 84.154077
16693.4 84.155477
16699.2 84.157377
16705.1 84.15947700000001
16710.9 84.16197700000001
16716.8 84.16457700000001
16722.7 84.167277
16728.5 84.170077
16734.4 84.172777
16740.2 84.175177
16746.1 84.17747700000001
16752.0 84.179277
16757.8 84.180777
16763.7 84.181777
16769.5 84.18217700000001
16775.4 84.182077
16781.2 84.181477
16787.1 84.180277
16793.0 84.178477
16798.8 84.176277
16804.7 84.17357700000001
16810.5 84.17057700000001
16816.4 84.167277
16822.3 84.16377700000001
16828.1 84.160177
16834.0 84.156677
16839.8 84.153177
16845.7 84.149877
16851.6 84.146877
16857.4 84.144277
16863.3 84.142077
16869.1 84.140377
16875.0 84.139177
16880.9 84.13847700000001
16886.7 84.138377
16892.6 84.138777
16898.4 84.139677
16904.3 84.14107700000001
16910.2 84.14277700000001
16916.0 84.144777
16921.9 84.146977
16927.7 84.149277
16933.6 84.151577
16939.5 84.153677
16945.3 84.155677
16951.2 84.157377
16957.0 84.15857700000001
16962.9 84.159377
16968.8 84.159577
16974.6 84.159177
16980.5 84.15817700000001
16986.3 84.15647700000001
16992.2 84.154077
16998.0 84.151077
17003.9 84.14747700000001
17009.8 84.143377
17015.6 84.138777
17021.5 84.13377700000001
17027.3 84.128477
17033.2 84.122977
17039.1 84.11747700000001
17044.9 84.111877
17050.8 84.106477
17056.6 84.10127700000001
17062.5 84.096377
17068.4 84.091877
17074.2 84.087777
17080.1 84.084177
17085.9 84.08107700000001
17091.8 84.078477
17097.7 84.076477
17103.5 84.074877
17109.4 84.073777
17115.2 84.073077
17121.1 84.07257700000001
17127.0 84.072377
17132.8 84.072377
17138.7 84.072277
17144.5 84.072177
17150.4 84.071977
17156.2 84.071377
17162.1 84.070577
17168.0 84.069277
17173.8 84.067477
17179.7 84.065177
17185.5 84.062177
17191.4 84.058777
17197.3 84.054677
17203.1 84.050077
17209.0 84.044877
17214.8 84.039277
17220.7 84.033277
17226.6 84.026977
17232.4 84.020477
17238.3 84.013777
17244.1 84.007177
17250.0 84.000577
17255.9 83.99417700000001
17261.7 83.988077
17267.6 83.982377
17273.4 83.97707700000001
17279.3 83.972277
17285.2 83.967977
17291.0 83.964177
17296.9 83.960977
17302.7 83.958377
17308.6 83.956177
17314.5 83.954477
17320.3 83.953177
17326.2 83.95227700000001
17332.0 83.951477
17337.9 83.950877
17343.8 83.950277
17349.6 83.94967700000001
17355.5 83.94887700000001
17361.3 83.947777
17367.2 83.946377
17373.0 83.94457700000001
17378.9 83.942277
17384.8 83.939477
17390.6 83.936077
17396.5 83.93217700000001
17402.3 83.927677
17408.2 83.922777
17414.1 83.917377
17419.9 83.911477
17425.8 83.905377
17431.6 83.899077
17437.5 83.892577
17443.4 83.886077
17449.2 83.879677
17455.1 83.87347700000001
17460.9 83.867577
17466.8 83.86197700000001
17472.7 83.856977
17478.5 83.85247700000001
17484.4 83.848477
17490.2 83.845177
17496.1 83.842477
17502.0 83.840477
17507.8 83.839077
17513.7 83.838177
17519.5 83.837777
17525.4 83.837877
17531.2 83.838177
17537.1 83.838877
17543.0 83.839577
17548.8 83.840377
17554.7 83.840677
17560.5 83.840677
17566.4 83.840477
17572.3 83.839777
17578.1 83.838577
17584.0 83.836777
17589.8 83.834477
17595.7 83.83157700000001
17601.6 83.82807700000001
17607.4 83.824577
17613.3 83.820277
17619.1 83.815577
17625.0 83.810377
17630.9 83.804877
17636.7 83.799077
17642.6 83.793077
17648.4 83.78697700000001
17654.3 83.780877
17660.2 83.774877
17666.0 83.769177
17671.9 83.763677
17677.7 83.758477
17683.6 83.753777
17689.5 83.749477
17695.3 83.745777
17701.2 83.74247700000001
17707.0 83.739777
17712.9 83.737577
17718.8 83.735877
17724.6 83.734577
17730.5 83.733577
17736.3 83.732977
17742.2 83.732577
17748.0 83.73217700000001
17753.9 83.731877
17759.8 83.731577
17765.6 83.731077
17771.5 83.730277
17777.3 83.729177
17783.2 83.727577
17789.1 83.725577
17794.9 83.723077
17800.8 83.720077
17806.6 83.71637700000001
17812.5 83.712277
17818.4 83.707577
17824.2 83.702377
17830.1 83.696777
17835.9 83.690777
17841.8 83.684477
17847.7 83.67787700000001
17853.5 83.671277
17859.4 83.66457700000001
17865.2 83.657977
17871.1 83.651477
17877.0 83.645177
17882.8 83.639277
17888.7 83.633577
17894.5 83.628377
17900.4 83.623577
17906.2 83.619277
17912.1 83.61537700000001
17918.0 83.61197700000001
17923.8 83.60897700000001
17929.7 83.606277
17935.5 83.603977
17941.4 83.601877
17947.3 83.599877
17953.1 83.598077
17959.0 83.596177
17964.8 83.594277
17970.7 83.592177
17976.6 83.589777
17982.4 83.587177
17988.3 83.58407700000001
17994.1 83.58067700000001
18000.0 83.576777
18005.9 83.572377
18011.7 83.567577
18017.6 83.56227700000001
18023.4 83.556577
18029.3 83.550577
18035.2 83.544177
18041.0 83.537577
18046.9 83.530777
18052.7 83.523877
18058.6 83.517077
18064.5 83.510377
18070.3 83.503777
18076.2 83.497477
18082.0 83.491477
18087.9 83.485977
18093.8 83.480777
18099.6 83.476177
18105.5 83.47197700000001
18111.3 83.468377
18117.2 83.465177
18123.0 83.462477
18128.9 83.460177
18134.8 83.458177
18140.6 83.45657700000001
18146.5 83.455077
18152.3 83.453777
18158.2 83.452477
18164.1 83.451077
18169.9 83.449577
18175.8 83.447877
18181.6 83.44587700000001
18187.5 83.443477
18193.4 83.44067700000001
18199.2 83.437477
18205.1 83.433777
18210.9 83.429677
18216.8 83.425077
18222.7 83.420077
18228.5 83.414677
18234.4 83.40897700000001
18240.2 83.40307700000001
18246.1 83.39707700000001
18252.0 83.39107700000001
18257.8 83.38507700000001
18263.7 83.379277
18269.5 83.373777
18275.4 83.368577
18281.2 83.363877
18287.1 83.359677
18293.0 83.356077
18298.8 83.353077
18304.7 83.35077700000001
18310.5 83.34907700000001
18316.4 83.348077
18322.3 83.347677
18328.1 83.347977
18334.0 83.34867700000001
18339.8 83.349877
18345.7 83.351477
18351.6 83.353277
18357.4 83.355277
18363.3 83.35727700000001
18369.1 83.359277
18375.0 83.360977
18380.9 83.362477
18386.7 83.36367700000001
18392.6 83.364377
18398.4 83.36447700000001
18404.3 83.364177
18410.2 83.36317700000001
18416.0 83.361677
18421.9 83.359577
18427.7 83.356877
18433.6 83.35377700000001
18439.5 83.350277
18445.3 83.346377
18451.2 83.34227700000001
18457.0 83.338077
18462.9 83.333777
18468.8 83.329677
18474.6 83.325677
18480.5 83.32207700000001
18486.3 83.318777
18492.2 83.316077
18498.0 83.313877
18503.9 83.312377
18509.8 83.31137700000001
18515.6 83.311177
18521.5 83.311577
18527.3 83.312577
18533.2 83.314277
18539.1 83.316377
18544.9 83.318977
18550.8 83.321977
18556.6 83.325177
18562.5 83.32857700000001
18568.4 83.331877
18574.2 83.335177
18580.1 83.338277
18585.9 83.341077
18591.8 83.343377
18597.7 83.345177
18603.5 83.34647700000001
18609.4 83.347077
18615.2 83.347077
18621.1 83.346377
18627.0 83.344977
18632.8 83.342977
18638.7 83.340477
18644.5 83.337377
18650.4 83.333877
18656.2 83.329977
18662.1 83.32597700000001
18668.0 83.321777
18673.8 83.317577
18679.7 83.313477
18685.5 83.30967700000001
18691.4 83.306177
18697.3 83.302977
18703.1 83.300377
18709.0 83.298277
18714.8 83.296677
18720.7 83.295777
18726.6 83.295377
18732.4 83.29557700000001
18738.3 83.296277
18744.1 83.297377
18750.0 83.29897700000001
18755.9 83.300777
18761.7 83.302777
18767.6 83.304877
18773.4 83.306977
18779.3 83.30887700000001
18785.2 83.310477
18791.0 83.311677
18796.9 83.312477
18802.7 83.31267700000001
18808.6 83.31227700000001
18814.5 83.311277
18820.3 83.309577
18826.2 83.307077
18832.0 83.303977
18837.9 83.30027700000001
18843.8 83.29597700000001
18849.6 83.291077
18855.5 83.285877
18861.3 83.280277
18867.2 83.274477
18873.0 83.26857700000001
18878.9 83.262777
18884.8 83.256977
18890.6 83.251577
18896.5 83.24637700000001
18902.3 83.24167700000001
18908.2 83.237477
18914.1 83.233777
18919.9 83.230577
18925.8 83.228077
18931.6 83.226177
18937.5 83.224677
18943.4 83.223777
18949.2 83.22327700000001
18955.1 83.223077
18960.9 83.223177
18966.8 83.223377
18972.7 83.22367700000001
18978.5 83.223777
18984.4 83.223777
18990.2 83.223377
18996.1 83.222577
19002.0 83.221277
19007.8 83.219277
19013.7 83.21677700000001
19019.5 83.213477
19025.4 83.20957700000001
19031.2 83.20487700000001
19037.1 83.199577
19043.0 83.19367700000001
19048.8 83.187177
19054.7 83.180277
19060.5 83.172977
19066.4 83.16547700000001
19072.3 83.15777700000001
19078.1 83.150177
19084.0 83.142677
19089.8 83.13547700000001
19095.7 83.128577
19101.6 83.12217700000001
19107.4 83.116277
19113.3 83.11107700000001
19119.1 83.106477
19125.0 83.102677
19130.9 83.09947700000001
19136.7 83.09697700000001
19142.6 83.095077
19148.4 83.093877
19154.3 83.09307700000001
19160.2 83.09267700000001
19166.0 83.092577
19171.9 83.09267700000001
19177.7 83.092877
19183.6 83.092877
19189.5 83.092777
19195.3 83.09227700000001
19201.2 83.091477
19207.0 83.09007700000001
19212.9 83.088077
19218.8 83.081777
19224.6 83.07807700000001
19230.5 83.073777
19236.3 83.068877
19242.2 83.063377
19248.0 83.057377
19253.9 83.050977
19259.8 83.04427700000001
19265.6 83.037377
19271.5 83.030377
19277.3 83.023477
19283.2 83.020677
19289.1 83.01437700000001
19294.9 83.00837700000001
19300.8 83.00277700000001
19306.6 82.997577
19312.5 82.99297700000001
19318.4 82.98907700000001
19324.2 82.98567700000001
19330.1 82.982977
19335.9 82.980877
19341.8 82.979377
19347.7 82.978477
19353.5 82.978077
19359.4 82.978077
19365.2 82.97837700000001
19371.1 82.978977
19377.0 82.97967700000001
19382.8 82.98047700000001
19388.7 82.981077
19394.5 82.981477
19400.4 82.981577
19406.2 82.981177
19412.1 82.980377
19418.0 82.978977
19423.8 82.976977
19429.7 82.974377
19435.5 82.971177
19441.4 82.967377
19447.3 82.96297700000001
19453.1 82.958077
19459.0 82.952777
19464.8 82.947177
19470.7 82.941277
19476.6 82.935377
19482.4 82.929477
19488.3 82.923677
19494.1 82.918177
19500.0 82.912977
19505.9 82.908277
19511.7 82.904177
19517.6 82.900577
19523.4 82.897777
19529.3 82.895577
19535.2 82.89407700000001
19541.0 82.893277
19546.9 82.893077
19552.7 82.893377
19558.6 82.894277
19564.5 82.895477
19570.3 82.89707700000001
19576.2 82.89877700000001
19582.0 82.90047700000001
19587.9 82.902077
19593.8 82.90347700000001
19599.6 82.904477
19605.5 82.904977
19611.3 82.904877
19617.2 82.904077
19623.0 82.90257700000001
19628.9 82.900277
19634.8 82.897177
19640.6 82.893377
19646.5 82.888677
19652.3 82.883277
19658.2 82.87737700000001
19664.1 82.87087700000001
19669.9 82.86407700000001
19675.8 82.856877
19681.6 82.849677
19687.5 82.842577
19693.4 82.835577
19699.2 82.828877
19705.1 82.822677
19710.9 82.817077
19716.8 82.812077
19722.7 82.80797700000001
19728.5 82.804477
19734.4 82.80197700000001
19740.2 82.800177
19746.1 82.799177
19752.0 82.79897700000001
19757.8 82.799377
19763.7 82.80027700000001
19769.5 82.80157700000001
19775.4 82.803177
19781.2 82.804777
19787.1 82.806377
19793.0 82.807677
19798.8 82.808577
19804.7 82.808777
19810.5 82.808177
19816.4 82.80667700000001
19822.3 82.80417700000001
19828.1 82.800577
19834.0 82.795777
19839.8 82.789777
19845.7 82.782577
19851.6 82.774377
19857.4 82.765077
19863.3 82.754977
19869.1 82.744077
19875.0 82.732777
19880.9 82.721177
19886.7 82.70957700000001
19892.6 82.698277
19898.4 82.687377
19904.3 82.677277
19910.2 82.668177
19916.0 82.660377
19921.9 82.653977
19927.7 82.649377
19933.6 82.646477
19939.5 82.645577
19945.3 82.646777
19951.2 82.65007700000001
19957.0 82.655477
19962.9 82.662977
19968.8 82.672477
19974.6 82.683977
19980.5 82.697277
19986.3 82.712177
19992.2 82.728477
19998.0 82.745977
