20.0 54.349892
20.290899 54.976891
20.586 55.590893
20.8855 56.190891
21.189301 56.771893
21.497499 57.335892
21.8102 57.882893
22.127399 58.41489
22.4492 58.932892
22.775801 59.437893
23.1071 59.933891
23.443199 60.420891
23.7841 60.903893
24.1301 61.385891
24.4811 61.867893
24.8372 62.350891
25.1984 62.837891
25.564899 63.326893
25.9368 63.81789
26.3141 64.309891
26.6968 64.801888
27.0851 65.291893
27.479099 65.777893
27.878799 66.259888
28.2843 66.735893
28.6957 67.205887
29.1131 67.669891
29.536501 68.126892
29.966101 68.577888
30.402 69.022888
30.8442 69.461891
31.2929 69.968887
31.748 70.480888
32.209801 70.728889
32.678299 71.124893
33.153599 71.511887
33.635899 71.87989
34.125099 72.220886
34.621498 72.53289
35.125 72.813889
35.635899 73.06089
36.154301 73.279892
36.680199 73.476891
37.213699 73.659889
37.755 73.83989
38.3041 74.028893
38.861301 74.232887
39.426498 74.456886
40.0 74.698891
40.581799 74.955887
41.1721 75.220886
41.771 75.488892
42.378502 75.75489
42.9949 76.015892
43.6203 76.277893
44.254799 76.585892
44.898499 76.784889
45.551498 76.996887
46.2141 77.232887
46.886299 77.465889
47.568298 77.694893
48.260201 77.920891
48.962101 78.142891
49.674301 78.361893
50.396801 78.56566551756794
51.129902 78.7652763567452
51.8736 78.96172357966871
52.628101 79.15600398628675
53.3936 79.34711554742412
54.1702 79.53504866305492
54.958099 79.72180625740133
55.7575 79.90539517701423
56.568501 80.12778989953895
57.391399 80.30301081130867
58.226101 80.43104335700694
59.073 80.59688743168068
59.932301 80.75353785081236
60.804 80.90199867653895
61.6884 81.0382622019882
62.585701 81.16232332031379
63.496 81.26917752469521
64.419601 81.35683509272603
65.356598 81.42127356418845
66.307297 81.46250518560758
67.271698 81.47752295698342
68.250198 81.47232471122595
69.242897 81.44590289491202
70.250099 81.41225878563515
71.271896 81.37738895424604
72.308601 81.33428353853016
73.360298 81.28594923361203
74.427399 81.23037063938817
75.509903 81.16255277139284
76.608299 81.07848803338668
77.722603 80.97518017682201
78.853104 80.85162271230585
80.0 80.70880656406032
81.163597 80.5387309786105
82.3442 80.3683912180157
83.541901 80.21378385312663
84.757 80.08990522367374
85.989899 79.97375308489588
87.240601 79.89732439019035
88.509598 79.87061549671515
89.797 79.89961269570476
91.103104 79.98432737349239
92.4282 80.12074002515081
93.772598 80.32985983506819
95.136597 80.53866615850923
96.520401 80.74316782649065
97.924301 80.95036331855106
99.348602 81.16123189674971
100.794 81.35378274926136
102.26 81.52500956553071
103.747 81.67991216293352
105.256 81.82247100723805
106.787 81.9736840984443
108.34 82.09356343655227
109.916 82.17607648733023
111.515 82.23423725077816
113.137 82.2320437268961
114.783 82.15247338145227
116.452 82.0035457486784
118.146 81.81923376011106
119.865 81.63252641575022
121.608 81.50845024982762
123.377 81.44897219387977
125.171 81.43210578213845
126.992 81.45481994614013
128.839 81.49912622011658
130.713 81.54601206983605
132.615 81.57246596106681
134.543 81.55451696227234
136.5 81.5001144707574
138.486 81.42226648652202
140.5 81.3259775437979
142.544 81.22422557412159
144.617 81.13502411172485
146.721 81.06333908814415
148.855 81.00619403761125
151.02 80.96555842589441
153.217 80.94842871876192
155.445 80.95481845044549
157.706 80.98769655248162
160.0 81.03306202487035
162.327 81.08091386761167
164.688 81.13023554647381
167.084 81.18301952722508
169.514 81.22527334409718
171.98 81.20596292862665
174.481 81.11311181504523
177.019 80.94668693488941
179.594 80.71268528815924
182.206 80.4511098748547
184.856 80.25794316074403
187.545 80.1561746115955
190.273 80.09979722740913
193.041 80.07079847395315
195.849 80.03617335122759
198.697 79.97793185923243
201.587 79.90103992950418
204.52 79.81447802781113
207.494 79.73328322261675
210.512 79.66939491122581
213.574 79.63083209363832
216.681 79.60956723562252
219.833 79.60960733717845
223.03 79.62994339830605
226.274 79.64955035054192
229.565 79.65242019388597
232.905 79.5995368598748
236.292 79.48392641697184
239.729 79.32053426248189
243.216 79.14936939640495
246.754 79.02640928450927
250.343 78.98165092679486
253.984 79.00009478902999
257.678 79.04470933698288
261.426 79.07948903642183
265.229 79.0884133531151
269.087 79.07947728706266
273.001 79.06967830403279
276.972 79.06899686979374
281.0 79.07642398434554
285.088 79.08491904499292
289.234 79.0965101201994
293.441 79.08216060726974
297.709 78.99886250620396
302.04 78.89557974853857
306.433 78.8063418685053
310.89 78.75110579764068
315.412 78.77985900171296
320.0 78.84358294649041
324.655 78.85127309774131
329.377 78.79692445546561
334.168 78.69849795119988
339.028 78.61599858494408
343.959 78.61340428823476
348.962 78.68768652684017
354.038 78.78883476652857
359.188 78.86383247306821
364.412 78.82468164645911
369.713 78.65033168400603
375.09 78.45080711994072
380.546 78.28205235156798
386.081 78.18107137888776
391.697 78.19782713343663
397.394 78.23632761521456
403.175 78.22252822152636
409.039 78.15943548660373
414.989 78.04900180775147
421.025 77.92823618496959
427.149 77.8241095497946
433.362 77.75459636799475
439.665 77.70904410533834
446.06 77.67034069336184
452.548 77.62116759783353
459.131 77.55151375028993
465.809 77.47900315073105
472.584 77.4016827306934
479.458 77.3036364217135
486.432 77.18353568955962
493.507 77.052277
503.906 77.052277
509.766 77.223977
515.625 77.389577
521.484 77.54857700000001
527.344 77.700377
533.203 77.84477700000001
539.062 77.981077
544.922 78.108877
550.781 78.227777
556.641 78.33717700000001
562.5 78.436777
568.359 78.526077
574.219 78.604777
580.078 78.672477
585.938 78.729177
591.797 78.774477
597.656 78.808577
603.516 78.83117700000001
609.375 78.84267700000001
615.234 78.84307700000001
621.094 78.83277700000001
626.953 78.811977
632.812 78.781377
638.672 78.74127700000001
644.531 78.692277
650.391 78.635177
656.25 78.570677
662.109 78.499477
667.969 78.42227700000001
673.828 78.339977
679.688 78.253377
685.547 78.163177
691.406 78.070077
697.266 77.974677
703.125 77.87777700000001
708.984 77.779577
714.844 77.680577
720.703 77.58107700000001
726.562 77.481177
732.422 77.380877
738.281 77.280077
744.141 77.17867700000001
750.0 77.07637700000001
755.859 76.97277700000001
761.719 76.867577
767.578 76.760277
773.438 76.65047700000001
779.297 76.537677
785.156 76.421577
791.016 76.301777
796.875 76.177977
802.734 76.049977
808.594 75.917677
814.453 75.78107700000001
820.312 75.640277
826.172 75.49547700000001
832.031 75.347077
837.891 75.11877700000001
843.75 75.041577
849.609 74.88597700000001
855.469 74.72927700000001
861.328 74.572377
867.188 74.41637700000001
873.047 74.261977
878.906 74.11027700000001
884.766 73.96207700000001
890.625 73.818377
896.484 73.67957700000001
902.344 73.54647700000001
908.203 73.419477
914.062 73.29857700000001
919.922 73.18387700000001
925.781 73.07517700000001
931.641 72.972077
937.5 72.874177
943.359 72.780677
949.219 72.690977
955.078 72.604477
960.938 72.52027700000001
966.797 72.43777700000001
972.656 72.356577
978.516 72.27627700000001
984.375 72.19667700000001
990.234 72.117677
996.094 72.03957700000001
1001.95 71.962777
1007.81 71.887877
1013.67 71.81567700000001
1019.53 71.74717700000001
1025.39 71.68337700000001
1031.25 71.62527700000001
1037.11 71.574177
1042.97 71.531177
1048.83 71.497077
1054.69 71.472677
1060.55 71.45867700000001
1066.41 71.45527700000001
1072.27 71.46257700000001
1078.12 71.480277
1083.98 71.50797700000001
1089.84 71.544977
1095.7 71.590277
1101.56 71.642877
1107.42 71.701677
1113.28 71.765477
1119.14 71.833177
1125.0 71.903577
1130.86 71.97587700000001
1136.72 72.049177
1142.58 72.12267700000001
1148.44 72.195777
1154.3 72.268077
1160.16 72.339377
1166.02 72.409577
1171.88 72.478477
1177.73 72.54647700000001
1183.59 72.61367700000001
1189.45 72.68047700000001
1195.31 72.74717700000001
1201.17 72.814177
1207.03 72.88207700000001
1212.89 72.951277
1218.75 73.022177
1224.61 73.095177
1230.47 73.17057700000001
1236.33 73.248577
1242.19 73.329277
1248.05 73.412777
1253.91 73.498777
1259.77 73.587277
1265.62 73.67787700000001
1271.48 73.770077
1277.34 73.863377
1283.2 73.957277
1289.06 74.051077
1294.92 74.14407700000001
1300.78 74.23567700000001
1306.64 74.325277
1312.5 74.41207700000001
1318.36 74.495677
1324.22 74.57557700000001
1330.08 74.651177
1335.94 74.72237700000001
1341.8 74.788677
1347.66 74.850177
1353.52 74.906577
1359.38 74.958077
1365.23 75.00487700000001
1371.09 75.046977
1376.95 75.084777
1382.81 75.118677
1388.67 75.149077
1394.53 75.176277
1400.39 75.200877
1406.25 75.223177
1412.11 75.24377700000001
1417.97 75.262977
1423.83 75.28107700000001
1429.69 75.298377
1435.55 75.315077
1441.41 75.331377
1447.27 75.347177
1453.12 75.362477
1458.98 75.377077
1464.84 75.39067700000001
1470.7 75.403177
1476.56 75.41417700000001
1482.42 75.42317700000001
1488.28 75.429877
1494.14 75.433777
1500.0 75.43467700000001
1505.86 75.432077
1511.72 75.42567700000001
1517.58 75.415377
1523.44 75.400777
1529.3 75.381877
1535.16 75.358777
1541.02 75.331377
1546.88 75.29987700000001
1552.73 75.264477
1558.59 75.225577
1564.45 75.18347700000001
1570.31 75.138677
1576.17 75.091577
1582.03 75.042677
1587.89 74.99247700000001
1593.75 74.94157700000001
1599.61 74.890377
1605.47 74.83927700000001
1611.33 74.78877700000001
1617.19 74.738977
1623.05 74.690177
1628.91 74.642477
1634.77 74.595877
1640.62 74.55027700000001
1646.48 74.505477
1652.34 74.461377
1658.2 74.417477
1664.06 74.37347700000001
1669.92 74.329077
1675.78 74.283777
1681.64 74.237177
1687.5 74.188877
1693.36 74.138677
1699.22 74.086177
1705.08 74.031277
1710.94 73.973777
1716.8 73.91377700000001
1722.66 73.851177
1728.52 73.786077
1734.38 73.71897700000001
1740.23 73.649977
1746.09 73.57947700000001
1751.95 73.50797700000001
1757.81 73.435877
1763.67 73.363777
1769.53 73.292277
1775.39 73.221777
1781.25 73.152877
1787.11 73.085977
1792.97 73.02157700000001
1798.83 72.959877
1804.69 72.90137700000001
1810.55 72.845977
1816.41 72.793977
1822.27 72.745277
1828.12 72.699777
1833.98 72.65727700000001
1839.84 72.617577
1845.7 72.580377
1851.56 72.545377
1857.42 72.512077
1863.28 72.480277
1869.14 72.449477
1875.0 72.419477
1880.86 72.389877
1886.72 72.360377
1892.58 72.330977
1898.44 72.301377
1904.3 72.27157700000001
1910.16 72.241577
1916.02 72.211377
1921.88 72.18127700000001
1927.73 72.15137700000001
1933.59 72.121877
1939.45 72.093177
1945.31 72.065477
1951.17 72.03917700000001
1957.03 72.014577
1962.89 71.991977
1968.75 71.971677
1974.61 71.95397700000001
1980.47 71.938877
1986.33 71.92657700000001
1992.19 71.917077
1998.05 71.91037700000001
2003.91 71.906277
2009.77 71.904477
2015.62 71.904877
2021.48 71.906977
2027.34 71.91037700000001
2033.2 71.914777
2039.06 71.919477
2044.92 71.924177
2050.78 71.92827700000001
2056.64 71.931477
2062.5 71.933177
2068.36 71.933277
2074.22 71.931377
2080.08 71.927177
2085.94 71.920677
2091.8 71.911777
2097.66 71.900377
2103.52 71.88677700000001
2109.38 71.87097700000001
2115.23 71.853177
2121.09 71.833877
2126.95 71.813277
2132.81 71.791677
2138.67 71.769577
2144.53 71.747377
2150.39 71.725277
2156.25 71.703677
2162.11 71.682877
2167.97 71.663177
2173.83 71.644577
2179.69 71.627177
2185.55 71.610977
2191.41 71.595777
2197.27 71.58157700000001
2203.12 71.56787700000001
2208.98 71.554477
2214.84 71.540977
2220.7 71.526877
2226.56 71.51177700000001
2232.42 71.495177
2238.28 71.476777
2244.14 71.45607700000001
2250.0 71.43257700000001
2255.86 71.406277
2261.72 71.376577
2267.58 71.34357700000001
2273.44 71.307077
2279.3 71.267077
2285.16 71.22367700000001
2291.02 71.17697700000001
2296.88 71.127177
2302.73 71.074577
2308.59 71.019577
2314.45 70.962477
2320.31 70.903577
2326.17 70.84347700000001
2332.03 70.78237700000001
2337.89 70.72067700000001
2343.75 70.658677
2349.61 70.59657700000001
2355.47 70.53447700000001
2361.33 70.472477
2367.19 70.410477
2373.05 70.348377
2378.91 70.285977
2384.77 70.222977
2390.62 70.158877
2396.48 70.093377
2402.34 70.02587700000001
2408.2 69.955977
2414.06 69.883077
2419.92 69.80677700000001
2425.78 69.726577
2431.64 69.642177
2437.5 69.553077
2443.36 69.45917700000001
2449.22 69.36027700000001
2455.08 69.256277
2460.94 69.147277
2466.8 69.033377
2472.66 68.914777
2478.52 68.791877
2484.38 68.66497700000001
2490.23 68.534677
2496.09 68.40137700000001
2501.95 68.26567700000001
2507.81 68.058677
2513.67 67.919477
2519.53 67.849777
2525.39 67.710077
2531.25 67.570277
2537.11 67.43087700000001
2542.97 67.291877
2548.83 67.153377
2554.69 67.015477
2560.55 66.87777700000001
2566.41 66.740277
2572.27 66.60247700000001
2578.12 66.464077
2583.98 66.324477
2589.84 66.183277
2595.7 66.03997700000001
2601.56 65.89407700000001
2607.42 65.745277
2613.28 65.59307700000001
2619.14 65.43727700000001
2625.0 65.27767700000001
2630.86 65.114277
2636.72 64.94717700000001
2642.58 64.776477
2648.44 64.602777
2654.3 64.426377
2660.16 64.247977
2666.02 64.06827700000001
2671.88 63.888277
2677.73 63.708777
2683.59 63.530877000000004
2689.45 63.35557700000001
2695.31 63.18387700000001
2701.17 63.016777000000005
2707.03 62.85507700000001
2712.89 62.699577000000005
2718.75 62.550977
2724.61 62.409577
2730.47 62.275677
2736.33 62.149277
2742.19 62.030277
2748.05 61.91807700000001
2753.91 61.81227700000001
2759.77 61.71217700000001
2765.62 61.616877
2771.48 61.525577
2777.34 61.43727700000001
2783.2 61.351077000000004
2789.06 61.266177
2794.92 61.18177700000001
2800.78 61.097177
2806.64 61.011877
2812.5 60.92567700000001
2818.36 60.83837700000001
2824.22 60.749977
2830.08 60.660877
2835.94 60.571577000000005
2841.8 60.482777
2847.66 60.39537700000001
2853.52 60.31057700000001
2859.38 60.229577000000006
2865.23 60.153677
2871.09 60.084277
2876.95 60.022777000000005
2882.81 59.970377
2888.67 59.927977
2894.53 59.896477000000004
2900.39 59.876377000000005
2906.25 59.867677
2912.11 59.869977000000006
2917.97 59.88287700000001
2923.83 59.90517700000001
2929.69 59.935677
2935.55 59.97277700000001
2941.41 60.014877
2947.27 60.060277
2953.12 60.10717700000001
2958.98 60.154077
2964.84 60.199577000000005
2970.7 60.242377000000005
2976.56 60.281677
2982.42 60.316677
2988.28 60.347077
2994.14 60.372877
3000.0 60.39447700000001
3005.86 60.412377000000006
3011.72 60.427577
3017.58 60.440977000000004
3023.44 60.454177
3029.3 60.468377000000004
3035.16 60.485077000000004
3041.02 60.505877
3046.88 60.531777000000005
3052.73 60.564177
3058.59 60.60377700000001
3064.45 60.651177000000004
3070.31 60.706377
3076.17 60.769277
3082.03 60.83917700000001
3087.89 60.91537700000001
3093.75 60.996477
3099.61 61.081277
3105.47 61.16807700000001
3111.33 61.255577
3117.19 61.342077
3123.05 61.426277
3128.91 61.506977000000006
3134.77 61.582977
3140.62 61.653577
3146.48 61.717977000000005
3152.34 61.776077
3158.2 61.827577000000005
3164.06 61.87267700000001
3169.92 61.911677
3175.78 61.945077
3181.64 61.973777
3187.5 61.998377000000005
3193.36 62.019777000000005
3199.22 62.039077000000006
3205.08 62.05707700000001
3210.94 62.07467700000001
3216.8 62.092577000000006
3222.66 62.11157700000001
3228.52 62.131977000000006
3234.38 62.154077
3240.23 62.177977
3246.09 62.20347700000001
3251.95 62.230277
3257.81 62.257677
3263.67 62.285177000000004
3269.53 62.311977
3275.39 62.33707700000001
3281.25 62.35977700000001
3287.11 62.37907700000001
3292.97 62.394177
3298.83 62.40427700000001
3304.69 62.408877000000004
3310.55 62.40737700000001
3316.41 62.399477000000005
3322.27 62.384977000000006
3328.12 62.363777
3333.98 62.336077
3339.84 62.302177
3345.7 62.26257700000001
3351.56 62.217777
3357.42 62.168577
3363.28 62.115677000000005
3369.14 62.06017700000001
3375.0 62.003077000000005
3380.86 61.945177
3386.72 61.88767700000001
3392.58 61.83147700000001
3398.44 61.77757700000001
3404.3 61.72667700000001
3410.16 61.67957700000001
3416.02 61.636977
3421.88 61.599277
3427.73 61.566677
3433.59 61.53957700000001
3439.45 61.517877
3445.31 61.501577
3451.17 61.49037700000001
3457.03 61.484277000000006
3462.89 61.482777
3468.75 61.485577000000006
3474.61 61.49247700000001
3480.47 61.502977
3486.33 61.51687700000001
3492.19 61.533777
3498.05 61.553577000000004
3503.91 61.576077
3509.77 61.60117700000001
3515.62 61.628777
3521.48 61.65907700000001
3527.34 61.69197700000001
3533.2 61.72757700000001
3539.06 61.766277
3544.92 61.808177
3550.78 61.853477
3556.64 61.90257700000001
3562.5 61.95567700000001
3568.36 62.01297700000001
3574.22 62.074777
3580.08 62.141377000000006
3585.94 62.212677
3591.8 62.28877700000001
3597.66 62.36967700000001
3603.52 62.45527700000001
3609.38 62.54517700000001
3615.23 62.639077
3621.09 62.73647700000001
3626.95 62.836777
3632.81 62.939277000000004
3638.67 63.04337700000001
3644.53 63.148177000000004
3650.39 63.252877
3656.25 63.35677700000001
3662.11 63.458977000000004
3667.97 63.558677
3673.83 63.65517700000001
3679.69 63.747977000000006
3685.55 63.836477
3691.41 63.92017700000001
3697.27 63.998777000000004
3703.12 64.071977
3708.98 64.13977700000001
3714.84 64.202077
3720.7 64.258977
3726.56 64.310777
3732.42 64.357777
3738.28 64.400177
3744.14 64.43857700000001
3750.0 64.473477
3755.86 64.505277
3761.72 64.534577
3767.58 64.56187700000001
3773.44 64.587677
3779.3 64.61237700000001
3785.16 64.63637700000001
3791.02 64.660077
3796.88 64.68347700000001
3802.73 64.706877
3808.59 64.730177
3814.45 64.75327700000001
3820.31 64.775977
3826.17 64.797977
3832.03 64.818977
3837.89 64.838577
3843.75 64.856277
3849.61 64.87177700000001
3855.47 64.884377
3861.33 64.893877
3867.19 64.89967700000001
3873.05 64.901577
3878.91 64.899277
3884.77 64.892577
3890.62 64.88117700000001
3896.48 64.865277
3902.34 64.84487700000001
3908.2 64.81997700000001
3914.06 64.790977
3919.92 64.758177
3925.78 64.721877
3931.64 64.682677
3937.5 64.640977
3943.36 64.597277
3949.22 64.552177
3955.08 64.50617700000001
3960.94 64.459777
3966.8 64.413577
3972.66 64.36787700000001
3978.52 64.32297700000001
3984.38 64.279177
3990.23 64.236677
3996.09 64.19537700000001
4001.95 64.155277
4007.81 64.11617700000001
4013.67 64.077877
4019.53 64.040177
4025.39 64.002477
4031.25 63.964577000000006
4037.11 63.925977
4042.97 63.88627700000001
4048.83 63.845077
4054.69 63.80207700000001
4060.55 63.756977000000006
4066.41 63.709677
4072.27 63.659977
4078.12 63.607877
4083.98 63.553477
4089.84 63.496977
4095.7 63.438677
4101.56 63.378977000000006
4107.42 63.318377
4113.28 63.25747700000001
4119.14 63.196777
4125.0 63.137277
4130.86 63.07937700000001
4136.72 63.02417700000001
4142.58 62.972177
4148.44 62.924177
4154.3 62.880977
4160.16 62.842977000000005
4166.02 62.810877000000005
4171.88 62.78487700000001
4177.73 62.76087700000001
4183.59 62.750977000000006
4189.45 62.74727700000001
4195.31 62.750877
4201.17 62.75577700000001
4207.03 62.765877
4212.89 62.780677
4218.75 62.799577
4224.61 62.82167700000001
4230.47 62.846377000000004
4236.33 62.87267700000001
4242.19 62.899877000000004
4248.05 62.927277000000004
4253.91 62.95397700000001
4259.77 62.979577000000006
4265.62 63.00327700000001
4271.48 63.02457700000001
4277.34 63.04337700000001
4283.2 63.059177000000005
4289.06 63.071877
4294.92 63.08147700000001
4300.78 63.088177
4306.64 63.091977
4312.5 63.093377000000004
4318.36 63.092577000000006
4324.22 63.09007700000001
4330.08 63.086477
4335.94 63.082177
4341.8 63.077877
4347.66 63.07387700000001
4353.52 63.070977
4359.38 63.069277
4365.23 63.069377
4371.09 63.071377
4376.95 63.075377
4382.81 63.08147700000001
4388.67 63.089477
4394.53 63.099177
4400.39 63.11017700000001
4406.25 63.121977
4412.11 63.134077000000005
4417.97 63.14577700000001
4423.83 63.156577
4429.69 63.165577
4435.55 63.172377
4441.41 63.17607700000001
4447.27 63.176277
4453.12 63.172377
4458.98 63.164077000000006
4464.84 63.150777000000005
4470.7 63.13247700000001
4476.56 63.10897700000001
4482.42 63.080377
4488.28 63.046577
4494.14 63.00797700000001
4500.0 62.964877
4505.86 62.91757700000001
4511.72 62.866777
4517.58 62.812877
4523.44 62.75657700000001
4529.3 62.69837700000001
4535.16 62.639077
4541.02 62.579177
4546.88 62.519277
4552.73 62.459677
4558.59 62.40087700000001
4564.45 62.342977000000005
4570.31 62.286077000000006
4576.17 62.230177
4582.03 62.175077
4587.89 62.120377000000005
4593.75 62.065577000000005
4599.61 62.010177
4605.47 61.95347700000001
4611.33 61.894577
4617.19 61.83277700000001
4623.05 61.76737700000001
4628.91 61.697377
4634.77 61.62217700000001
4640.62 61.540977
4646.48 61.453277
4652.34 61.35847700000001
4658.2 61.25617700000001
4664.06 61.14617700000001
4669.92 61.028377000000006
4675.78 60.90267700000001
4681.64 60.76947700000001
4687.5 60.628977000000006
4693.36 60.481677000000005
4699.22 60.32817700000001
4705.08 60.169177000000005
4710.94 60.005577
4716.8 59.838277000000005
4722.66 59.668177
4728.52 59.496277000000006
4734.38 59.323677
4740.23 59.151177000000004
4746.09 58.97967700000001
4751.95 58.809977
4757.81 58.642677000000006
4763.67 58.478177
4769.53 58.316877000000005
4775.39 58.158777
4781.25 58.003977000000006
4787.11 57.852277
4792.97 57.703277
4798.83 57.556577000000004
4804.69 57.411677
4810.55 57.26817700000001
4816.41 57.125477000000004
4822.27 56.98307700000001
4828.12 56.840677
4833.98 56.697877000000005
4839.84 56.554377
4845.7 56.41027700000001
4851.56 56.26557700000001
4857.42 56.12047700000001
4863.28 55.97537700000001
4869.14 55.83067700000001
4875.0 55.687077
4880.86 55.545277
4886.72 55.406177
4892.58 55.270577
4898.44 55.139577
4904.3 55.014077
4910.16 54.895177000000004
4916.02 54.783677
4921.88 54.68047700000001
4927.73 54.58627700000001
4933.59 54.501577
4939.45 54.42697700000001
4945.31 54.36237700000001
4951.17 54.307877000000005
4957.03 54.26297700000001
4962.89 54.22707700000001
4968.75 54.199477
4974.61 54.178977
4980.47 54.164377
4986.33 54.15427700000001
4992.19 54.147277
4998.05 54.141777000000005
5003.91 54.136177
5009.77 54.129177
5015.62 54.119377
5021.48 54.10547700000001
5027.34 54.08667700000001
5033.2 54.062077
5039.06 54.031277
5044.92 53.994077000000004
5050.78 53.95047700000001
5056.64 53.900777000000005
5062.5 53.845877
5068.36 53.786477000000005
5074.22 53.723877
5080.08 53.659377000000006
5085.94 53.59437700000001
5091.8 53.53057700000001
5097.66 53.469277000000005
5103.52 53.411877000000004
5109.38 53.359677000000005
5115.23 53.313277
5121.09 53.273477
5126.95 53.240177
5132.81 53.213077
5138.67 53.19157700000001
5144.53 53.174577
5150.39 53.16067700000001
5156.25 53.14837700000001
5162.11 53.136077
5167.97 53.122077000000004
5173.83 53.104877
5179.69 53.082977
5185.55 53.05547700000001
5191.41 53.02157700000001
5197.27 52.98097700000001
5203.12 52.93387700000001
5208.98 52.880677000000006
5214.84 52.822777
5220.7 52.761577
5226.56 52.699077
5232.42 52.63767700000001
5238.28 52.57987700000001
5244.14 52.52847700000001
5250.0 52.48607700000001
5255.86 52.455077
5261.72 52.437577000000005
5267.58 52.43507700000001
5273.44 52.44847700000001
5279.3 52.477677
5285.16 52.522277
5291.02 52.58067700000001
5296.88 52.651077
5302.73 52.73097700000001
5308.59 52.817677
5314.45 52.90817700000001
5320.31 52.999677000000005
5326.17 53.089477
5332.03 53.175077
5337.89 53.25447700000001
5343.75 53.326077
5349.61 53.388577
5355.47 53.441277
5361.33 53.48397700000001
5367.19 53.516577
5373.05 53.539877000000004
5378.91 53.554677
5384.77 53.562177000000005
5390.62 53.563777
5396.48 53.561177
5402.34 53.556177000000005
5408.2 53.55027700000001
5414.06 53.54517700000001
5419.92 53.54217700000001
5425.78 53.54257700000001
5431.64 53.547077
5437.5 53.555977
5443.36 53.56917700000001
5449.22 53.586377
5455.08 53.606477
5460.94 53.628377
5466.8 53.65047700000001
5472.66 53.671177
5478.52 53.688677
5484.38 53.70097700000001
5490.23 53.70647700000001
5496.09 53.70347700000001
5501.95 53.690577000000005
5507.81 53.666477
5513.67 53.63037700000001
5519.53 53.58147700000001
5525.39 53.519677
5531.25 53.444677
5537.11 53.356977
5542.97 53.257177
5548.83 53.145977
5554.69 53.02467700000001
5560.55 52.894577
5566.41 52.757277
5572.27 52.61447700000001
5578.12 52.467777
5583.98 52.318977000000004
5589.84 52.169777
5595.7 52.02157700000001
5601.56 51.875677
5607.42 51.733077
5613.28 51.594377
5619.14 51.459977
5625.0 51.329877
5630.86 51.203677000000006
5636.72 51.080777000000005
5642.58 50.96057700000001
5648.44 50.842077
5654.3 50.72447700000001
5660.16 50.606677000000005
5666.02 50.48817700000001
5671.88 50.36807700000001
5677.73 50.246177
5683.59 50.12217700000001
5689.45 49.996277000000006
5695.31 49.868777
5701.17 49.740277000000006
5707.03 49.611477
5712.89 49.483577000000004
5718.75 49.357577000000006
5724.61 49.234777
5730.47 49.116677
5736.33 49.004477
5742.19 48.899877000000004
5748.05 48.803977
5753.91 48.71847700000001
5759.77 48.644577000000005
5765.62 48.583677
5771.48 48.53697700000001
5777.34 48.505777
5783.2 48.490977
5789.06 48.493677000000005
5794.92 48.514577
5800.78 48.554177
5806.64 48.612677000000005
5812.5 48.689877
5818.36 48.785377000000004
5824.22 48.898177000000004
5830.08 49.026977
5835.94 49.169977
5841.8 49.32507700000001
5847.66 49.49007700000001
5853.52 49.752177
5859.38 49.928777000000004
5865.23 50.106177
5871.09 50.191977
5876.95 50.364377000000005
5882.81 50.531877
5888.67 50.69257700000001
5894.53 50.844577
5900.39 50.986477
5906.25 51.117077
5912.11 51.235477
5917.97 51.340977
5923.83 51.433277000000004
5929.69 51.512277000000005
5935.55 51.577977000000004
5941.41 51.630777
5947.27 51.67137700000001
5953.12 51.70027700000001
5958.98 51.71867700000001
5964.84 51.72747700000001
5970.7 51.727977
5976.56 51.72147700000001
5982.42 51.709177000000004
5988.28 51.692477000000004
5994.14 51.672577000000004
6000.0 51.650677
6005.86 51.627777
6011.72 51.604677
6017.58 51.581977
6023.44 51.560177
6029.3 51.539277000000006
6035.16 51.519077
6041.02 51.499177
6046.88 51.478877000000004
6052.73 51.45757700000001
6058.59 51.433977000000006
6064.45 51.407177000000004
6070.31 51.375977000000006
6076.17 51.33917700000001
6082.03 51.295777
6087.89 51.244677
6093.75 51.184977
6099.61 51.115977
6105.47 51.037277
6111.33 50.94837700000001
6117.19 50.849377000000004
6123.05 50.740377
6128.91 50.621977
6134.77 50.494677
6140.62 50.359777
6146.48 50.218377000000004
6152.34 50.07207700000001
6158.2 49.922577000000004
6164.06 49.77197700000001
6169.92 49.622477
6175.78 49.47637700000001
6181.64 49.336077
6187.5 49.204077000000005
6193.36 49.082877
6199.22 48.974777
6205.08 48.881977000000006
6210.94 48.806277
6216.8 48.749577
6222.66 48.712877000000006
6228.52 48.69707700000001
6234.38 48.702677
6240.23 48.729577000000006
6246.09 48.777377
6251.95 48.84497700000001
6257.81 48.931377000000005
6263.67 49.034877
6269.53 49.153577000000006
6275.39 49.28567700000001
6281.25 49.428977
6287.11 49.581377
6292.97 49.740777
6298.83 49.905077000000006
6304.69 50.072377
6310.55 50.241077000000004
6316.41 50.409577000000006
6322.27 50.576477000000004
6328.12 50.740777
6333.98 50.90167700000001
6339.84 51.05857700000001
6345.7 51.211077
6351.56 51.359077000000006
6357.42 51.502477000000006
6363.28 51.641777000000005
6369.14 51.777177
6375.0 51.909277
6380.86 52.03887700000001
6386.72 52.16647700000001
6392.58 52.29297700000001
6398.44 52.419077
6404.3 52.54557700000001
6410.16 52.67317700000001
6416.02 52.802277000000004
6421.88 52.933577
6427.73 53.067177
6433.59 53.203277
6439.45 53.34187700000001
6445.31 53.48267700000001
6451.17 53.625477000000004
6457.03 53.769577
6462.89 53.914477000000005
6468.75 54.05927700000001
6474.61 54.203277
6480.47 54.345577000000006
6486.33 54.48517700000001
6492.19 54.621177
6498.05 54.752877
6503.91 54.879377000000005
6509.77 55.000077000000005
6515.62 55.114177
6521.48 55.221377000000004
6527.34 55.321177000000006
6533.2 55.41337700000001
6539.06 55.497977000000006
6544.92 55.574977000000004
6550.78 55.64447700000001
6556.64 55.70697700000001
6562.5 55.76267700000001
6568.36 55.81227700000001
6574.22 55.856277000000006
6580.08 55.895477
6585.94 55.930677
6591.8 55.96257700000001
6597.66 55.99207700000001
6603.52 56.01987700000001
6609.38 56.046777000000006
6615.23 56.07347700000001
6621.09 56.100677000000005
6626.95 56.128877
6632.81 56.158477000000005
6638.67 56.18977700000001
6644.53 56.22317700000001
6650.39 56.258677000000006
6656.25 56.296277
6662.11 56.33587700000001
6667.97 56.377477
6673.83 56.420677
6679.69 56.46547700000001
6685.55 56.51137700000001
6691.41 56.55837700000001
6697.27 56.606077
6703.12 56.65437700000001
6708.98 56.702977000000004
6714.84 56.75197700000001
6720.7 56.80107700000001
6726.56 56.850477
6732.42 56.900177
6738.28 56.950277
6744.14 57.000977000000006
6750.0 57.05247700000001
6755.86 57.105177
6761.72 57.159277
6767.58 57.21507700000001
6773.44 57.272977
6779.3 57.333477
6785.16 57.396777
6791.02 57.463177
6796.88 57.533077000000006
6802.73 57.606677000000005
6808.59 57.684077
6814.45 57.765477000000004
6820.31 57.85087700000001
6826.17 57.940177000000006
6832.03 58.03317700000001
6837.89 58.12947700000001
6843.75 58.22887700000001
6849.61 58.330777
6855.47 58.43467700000001
6861.33 58.539777
6867.19 58.645577
6873.05 58.751177
6878.91 58.85597700000001
6884.77 58.95917700000001
6890.62 59.06007700000001
6896.48 59.157977
6902.34 59.252177
6908.2 59.34217700000001
6914.06 59.427577
6919.92 59.50797700000001
6925.78 59.583077
6931.64 59.65257700000001
6937.5 59.716577
6943.36 59.77507700000001
6949.22 59.82817700000001
6955.08 59.87607700000001
6960.94 59.919077
6966.8 59.957677000000004
6972.66 59.992177
6978.52 60.023177000000004
6984.38 60.051277
6990.23 60.07687700000001
6996.09 60.100577
7001.95 60.122977000000006
7007.81 60.144577
7013.67 60.16587700000001
7019.53 60.18727700000001
7025.39 60.20907700000001
7031.25 60.23177700000001
7037.11 60.25527700000001
7042.97 60.279977
7048.83 60.305677
7054.69 60.332477
7060.55 60.36017700000001
7066.41 60.388677
7072.27 60.41757700000001
7078.12 60.446777
7083.98 60.475977
7089.84 60.504577
7095.7 60.532477
7101.56 60.559377
7107.42 60.584777
7113.28 60.60857700000001
7119.14 60.630477
7125.0 60.650277
7130.86 60.667877000000004
7136.72 60.683177
7142.58 60.696177000000006
7148.44 60.706877000000006
7154.3 60.715277
7160.16 60.72157700000001
7166.02 60.725977
7171.88 60.728577
7177.73 60.72967700000001
7183.59 60.729377
7189.45 60.72797700000001
7195.31 60.725577
7201.17 60.722477
7207.03 60.718777
7212.89 60.714477
7218.75 60.709777
7224.61 60.704577
7230.47 60.69887700000001
7236.33 60.692577
7242.19 60.68557700000001
7248.05 60.677577
7253.91 60.66837700000001
7259.77 60.65767700000001
7265.62 60.64527700000001
7271.48 60.630977
7277.34 60.614277
7283.2 60.595077
7289.06 60.573077
7294.92 60.548077000000006
7300.78 60.51987700000001
7306.64 60.48857700000001
7312.5 60.45397700000001
7318.36 60.416177000000005
7324.22 60.37517700000001
7330.08 60.33117700000001
7335.94 60.28447700000001
7341.8 60.235377
7347.66 60.184077
7353.52 60.131077000000005
7359.38 60.076677000000004
7365.23 60.021477000000004
7371.09 59.965877000000006
7376.95 59.91037700000001
7382.81 59.855377000000004
7388.67 59.801377
7394.53 59.748577
7400.39 59.69757700000001
7406.25 59.648477
7412.11 59.601477
7417.97 59.55667700000001
7423.83 59.51427700000001
7429.69 59.47407700000001
7435.55 59.436077
7441.41 59.399877000000004
7447.27 59.365477
7453.12 59.332277000000005
7458.98 59.300177000000005
7464.84 59.268477000000004
7470.7 59.237077
7476.56 59.20527700000001
7482.42 59.17267700000001
7488.28 59.139077
7494.14 59.10387700000001
7500.0 59.066877000000005
7505.86 59.027777
7511.72 58.986377000000005
7517.58 58.942577
7523.44 58.869977000000006
7529.3 58.819877000000005
7535.16 58.76727700000001
7541.02 58.71257700000001
7546.88 58.682777
7552.73 58.62527700000001
7558.59 58.566277
7564.45 58.505877
7570.31 58.444477000000006
7576.17 58.38247700000001
7582.03 58.31997700000001
7587.89 58.25747700000001
7593.75 58.195177
7599.61 58.13327700000001
7605.47 58.071977000000004
7611.33 58.01137700000001
7617.19 57.951677000000004
7623.05 57.892677000000006
7628.91 57.83447700000001
7634.77 57.776877
7640.62 57.719677000000004
7646.48 57.662777000000006
7652.34 57.60587700000001
7658.2 57.548777
7664.06 57.490977
7669.92 57.432377
7675.78 57.37267700000001
7681.64 57.31147700000001
7687.5 57.248677
7693.36 57.184077
7699.22 57.11747700000001
7705.08 57.048877000000005
7710.94 56.978177
7716.8 56.90557700000001
7722.66 56.83107700000001
7728.52 56.75487700000001
7734.38 56.67737700000001
7740.23 56.598877
7746.09 56.519677
7751.95 56.440377
7757.81 56.36147700000001
7763.67 56.283477000000005
7769.53 56.20697700000001
7775.39 56.13247700000001
7781.25 56.06057700000001
7787.11 55.991777
7792.97 55.926777
7798.83 55.86577700000001
7804.69 55.80927700000001
7810.55 55.757677
7816.41 55.711077
7822.27 55.669577000000004
7828.12 55.633477
7833.98 55.60247700000001
7839.84 55.576677000000004
7845.7 55.555677
7851.56 55.539377
7857.42 55.527277
7863.28 55.51907700000001
7869.14 55.51427700000001
7875.0 55.512477000000004
7880.86 55.513277
7886.72 55.51607700000001
7892.58 55.520477
7898.44 55.526077
7904.3 55.532477
7910.16 55.53917700000001
7916.02 55.54607700000001
7921.88 55.552677
7927.73 55.55887700000001
7933.59 55.56437700000001
7939.45 55.56907700000001
7945.31 55.57297700000001
7951.17 55.57597700000001
7957.03 55.577977000000004
7962.89 55.57897700000001
7968.75 55.57897700000001
7974.61 55.57817700000001
7980.47 55.57647700000001
7986.33 55.574077
7992.19 55.57077700000001
7998.05 55.566877000000005
8003.91 55.562177000000005
8009.77 55.55677700000001
8015.62 55.55067700000001
8021.48 55.543677
8027.34 55.535877
8033.2 55.527077000000006
8039.06 55.517077
8044.92 55.50577700000001
8050.78 55.493077
8056.64 55.478677000000005
8062.5 55.46247700000001
8068.36 55.444377
8074.22 55.42407700000001
8080.08 55.40137700000001
8085.94 55.376377000000005
8091.8 55.348877
8097.66 55.318777
8103.52 55.286077000000006
8109.38 55.250977000000006
8115.23 55.213277000000005
8121.09 55.173277
8126.95 55.130977
8132.81 55.08667700000001
8138.67 55.04047700000001
8144.53 54.99247700000001
8150.39 54.943077
8156.25 54.89227700000001
8162.11 54.840277
8167.97 54.787377000000006
8173.83 54.73347700000001
8179.69 54.67867700000001
8185.55 54.623177
8191.41 54.566777
8197.27 54.50957700000001
8203.12 54.45137700000001
8208.98 54.392077
8214.84 54.33147700000001
8220.7 54.26947700000001
8226.56 54.205877
8232.42 54.140377
8238.28 54.07297700000001
8244.14 54.003377
8250.0 53.931577000000004
8255.86 53.857577000000006
8261.72 53.781277
8267.58 53.702877
8273.44 53.622477
8279.3 53.54037700000001
8285.16 53.456877000000006
8291.02 53.37257700000001
8296.88 53.28787700000001
8302.73 53.20347700000001
8308.59 53.12007700000001
8314.45 53.038577000000004
8320.31 52.959777
8326.17 52.88457700000001
8332.03 52.81397700000001
8337.89 52.74887700000001
8343.75 52.69027700000001
8349.61 52.639077
8355.47 52.596177
8361.33 52.56227700000001
8367.19 52.538177000000005
8373.05 52.524377
8378.91 52.521277
8384.77 52.529177000000004
8390.62 52.547977
8396.48 52.57767700000001
8402.34 52.61797700000001
8408.2 52.668277
8414.06 52.72797700000001
8419.92 52.79637700000001
8425.78 52.872377
8431.64 52.954977
8437.5 53.04297700000001
8443.36 53.135277
8449.22 53.23057700000001
8455.08 53.32767700000001
8460.94 53.42527700000001
8466.8 53.522277
8472.66 53.61747700000001
8478.52 53.710077
8484.38 53.79897700000001
8490.23 53.883577
8496.09 53.963077
8501.95 54.03697700000001
8507.81 54.104977000000005
8513.67 54.16677700000001
8519.53 54.22237700000001
8525.39 54.271777
8531.25 54.315177000000006
8537.11 54.35287700000001
8542.97 54.385177
8548.83 54.412777000000006
8554.69 54.436077
8560.55 54.455777
8566.41 54.472577
8572.27 54.487177
8578.12 54.500077000000005
8583.98 54.511877
8589.84 54.52337700000001
8595.7 54.534777000000005
8601.56 54.54647700000001
8607.42 54.558677
8613.28 54.571577000000005
8619.14 54.585077
8625.0 54.598977000000005
8630.86 54.613077000000004
8636.72 54.626777000000004
8642.58 54.639677000000006
8648.44 54.65127700000001
8654.3 54.66077700000001
8660.16 54.66757700000001
8666.02 54.670877000000004
8671.88 54.67017700000001
8677.73 54.664777
8683.59 54.654177000000004
8689.45 54.637777
8695.31 54.615177
8701.17 54.586177000000006
8707.03 54.550477
8712.89 54.508177
8718.75 54.45917700000001
8724.61 54.40387700000001
8730.47 54.342377
8736.33 54.275377000000006
8742.19 54.203277
8748.05 54.126777000000004
8753.91 54.046677
8759.77 53.963977
8765.62 53.87947700000001
8771.48 53.79427700000001
8777.34 53.709277
8783.2 53.625777
8789.06 53.544577000000004
8794.92 53.46687700000001
8800.78 53.39357700000001
8806.64 53.325677
8812.5 53.26387700000001
8818.36 53.208977000000004
8824.22 53.161677
8830.08 53.122377
8835.94 53.091477
8841.8 53.069277
8847.66 53.05587700000001
8853.52 53.051277
8859.38 53.05537700000001
8865.23 53.067977
8871.09 53.088977
8876.95 53.117777000000004
8882.81 53.154177000000004
8888.67 53.197677
8894.53 53.247877
8900.39 53.30417700000001
8906.25 53.36627700000001
8912.11 53.43347700000001
8917.97 53.505477
8923.83 53.581777
8929.69 53.66197700000001
8935.55 53.74587700000001
8941.41 53.832977
8947.27 53.92317700000001
8953.12 54.01607700000001
8958.98 54.111777000000004
8964.84 54.209877000000006
8970.7 54.31057700000001
8976.56 54.413577000000004
8982.42 54.51907700000001
8988.28 54.62687700000001
8994.14 54.73697700000001
9000.0 54.84947700000001
9005.86 54.96417700000001
9011.72 55.08107700000001
9017.58 55.199977000000004
9023.44 55.320577
9029.3 55.44277700000001
9035.16 55.56617700000001
9041.02 55.69027700000001
9046.88 55.81477700000001
9052.73 55.939077
9058.59 56.06277700000001
9064.45 56.18507700000001
9070.31 56.305577
9076.17 56.423477000000005
9082.03 56.538477
9087.89 56.649777
9093.75 56.756977000000006
9099.61 56.859477
9105.47 56.957077
9111.33 57.04937700000001
9117.19 57.13597700000001
9123.05 57.21687700000001
9128.91 57.291877
9134.77 57.36107700000001
9140.62 57.42447700000001
9146.48 57.48227700000001
9152.34 57.534577
9158.2 57.581877000000006
9164.06 57.62437700000001
9169.92 57.662577
9175.78 57.69667700000001
9181.64 57.727277
9187.5 57.754777000000004
9193.36 57.788877
9199.22 57.810477000000006
9205.08 57.830077
9210.94 57.847977
9216.8 57.864277
9222.66 57.87047700000001
9228.52 57.88457700000001
9234.38 57.897177
9240.23 57.90817700000001
9246.09 57.917377
9251.95 57.924677
9257.81 57.929877000000005
9263.67 57.93257700000001
9269.53 57.932677
9275.39 57.929677
9281.25 57.923477000000005
9287.11 57.91367700000001
9292.97 57.90007700000001
9298.83 57.88247700000001
9304.69 57.86067700000001
9310.55 57.83457700000001
9316.41 57.80407700000001
9322.27 57.769377000000006
9328.12 57.730377000000004
9333.98 57.68727700000001
9339.84 57.640377
9345.7 57.589977000000005
9351.56 57.536277
9357.42 57.479877
9363.28 57.42107700000001
9369.14 57.36027700000001
9375.0 57.298077000000006
9380.86 57.234977
9386.72 57.17137700000001
9392.58 57.10767700000001
9398.44 57.044377
9404.3 56.98177700000001
9410.16 56.920277
9416.02 56.860077000000004
9421.88 56.801377
9427.73 56.74427700000001
9433.59 56.688877000000005
9439.45 56.635177
9445.31 56.58287700000001
9451.17 56.532177000000004
9457.03 56.48267700000001
9462.89 56.434177000000005
9468.75 56.386477
9474.61 56.33927700000001
9480.47 56.292377
9486.33 56.245577
9492.19 56.198577
9498.05 56.151177000000004
9503.91 56.103277000000006
9509.77 56.054777
9515.62 56.005577
9521.48 55.955877
9527.34 55.90557700000001
9533.2 55.854877
9539.06 55.80407700000001
9544.92 55.753477000000004
9550.78 55.703277
9556.64 55.653977
9562.5 55.60587700000001
9568.36 55.559577000000004
9574.22 55.515477000000004
9580.08 55.473977000000005
9585.94 55.43557700000001
9591.8 55.400677
9597.66 55.36957700000001
9603.52 55.34267700000001
9609.38 55.320177
9615.23 55.302177
9621.09 55.28867700000001
9626.95 55.27977700000001
9632.81 55.275277
9638.67 55.274877000000004
9644.53 55.278277
9650.39 55.285177000000004
9656.25 55.294977
9662.11 55.30717700000001
9667.97 55.32127700000001
9673.83 55.336477
9679.69 55.35247700000001
9685.55 55.36837700000001
9691.41 55.383677000000006
9697.27 55.39787700000001
9703.12 55.41037700000001
9708.98 55.420777
9714.84 55.428577000000004
9720.7 55.433677
9726.56 55.43557700000001
9732.42 55.43427700000001
9738.28 55.429677
9744.14 55.421677
9750.0 55.41027700000001
9755.86 55.39577700000001
9761.72 55.37817700000001
9767.58 55.357777
9773.44 55.334877000000006
9779.3 55.30967700000001
9785.16 55.282577
9791.02 55.253777
9796.88 55.223577000000006
9802.73 55.19237700000001
9808.59 55.16037700000001
9814.45 55.12777700000001
9820.31 55.094677000000004
9826.17 55.06137700000001
9832.03 55.02767700000001
9837.89 54.993877
9843.75 54.95957700000001
9849.61 54.92487700000001
9855.47 54.889577
9861.33 54.85337700000001
9867.19 54.81607700000001
9873.05 54.777377
9878.91 54.73697700000001
9884.77 54.69457700000001
9890.62 54.649877000000004
9896.48 54.60257700000001
9902.34 54.552577
9908.2 54.499477
9914.06 54.44327700000001
9919.92 54.38377700000001
9925.78 54.320977
9931.64 54.25487700000001
9937.5 54.18557700000001
9943.36 54.11327700000001
9949.22 54.038177000000005
9955.08 53.96037700000001
9960.94 53.880477
9966.8 53.79857700000001
9972.66 53.71517700000001
9978.52 53.63077700000001
9984.38 53.545677
9990.23 53.460277000000005
9996.09 53.37517700000001
10002.0 53.290677
10007.8 53.207277000000005
10013.7 53.12527700000001
10019.5 53.044977
10025.4 52.96677700000001
10031.2 52.890877
10037.1 52.81747700000001
10043.0 52.74677700000001
10048.8 52.678977
10054.7 52.614177
10060.5 52.55237700000001
10066.4 52.493677000000005
10072.3 52.437977000000004
10078.1 52.38547700000001
10084.0 52.336077
10089.8 52.289677000000005
10095.7 52.246377
10101.6 52.206177000000004
10107.4 52.169177000000005
10113.3 52.135177000000006
10119.1 52.104477
10125.0 52.077077
10130.9 52.053177000000005
10136.7 52.03267700000001
10142.6 52.01597700000001
10148.4 52.002977
10154.3 51.994077000000004
10160.2 51.989377000000005
10166.0 51.988877
10171.9 51.992777000000004
10177.7 52.001177000000006
10183.6 52.014177000000004
10189.5 52.031677
10195.3 52.053577000000004
10201.2 52.079877
10207.0 52.110277
10212.9 52.144477
10218.8 52.182377
10224.6 52.223377000000006
10230.5 52.267177000000004
10236.3 52.31327700000001
10242.2 52.361177000000005
10248.0 52.41037700000001
10253.9 52.46037700000001
10259.8 52.510577
10265.6 52.56057700000001
10271.5 52.609877
10277.3 52.657977
10283.2 52.70447700000001
10289.1 52.749277000000006
10294.9 52.79177700000001
10300.8 52.832077
10306.6 52.869977000000006
10312.5 52.905277
10318.4 52.938277
10324.2 52.96897700000001
10330.1 52.99757700000001
10335.9 53.024277
10341.8 53.049577
10347.7 53.073677
10353.5 53.097177
10359.4 53.120377000000005
10365.2 53.143877
10371.1 53.168177
10377.0 53.193577000000005
10382.8 53.220577000000006
10388.7 53.249577
10394.5 53.280777
10400.4 53.31437700000001
10406.2 53.35037700000001
10412.1 53.38887700000001
10418.0 53.429477000000006
10423.8 53.472077
10429.7 53.516177
10435.5 53.561177
10441.4 53.606477
10447.3 53.65127700000001
10453.1 53.694777
10459.0 53.736177
10464.8 53.774377
10470.7 53.808677
10476.6 53.838077
10482.4 53.861677
10488.3 53.878877
10494.1 53.888677
10500.0 53.89067700000001
10505.9 53.88417700000001
10511.7 53.868977
10517.6 53.844677000000004
10523.4 53.811077
10529.3 53.768277
10535.2 53.716277000000005
10541.0 53.655377
10546.9 53.585977
10552.7 53.50837700000001
10558.6 53.42317700000001
10564.5 53.33117700000001
10570.3 53.232877
10576.2 53.129177
10582.0 53.02077700000001
10587.9 52.908677
10593.8 52.793677
10599.6 52.67657700000001
10605.5 52.558177
10611.3 52.43947700000001
10617.2 52.321177000000006
10623.0 52.203977
10628.9 52.088577
10634.8 51.975777
10640.6 51.86617700000001
10646.5 51.760277
10652.3 51.658677000000004
10658.2 51.561777000000006
10664.1 51.470277
10669.9 51.38437700000001
10675.8 51.304677000000005
10681.6 51.231477000000005
10687.5 51.16517700000001
10693.4 51.106077000000006
10699.2 51.054577
10705.1 51.010777000000004
10710.9 50.975077000000006
10716.8 50.947677000000006
10722.7 50.92867700000001
10728.5 50.918277
10734.4 50.91647700000001
10740.2 50.923477000000005
10746.1 50.939277000000004
10752.0 50.963677000000004
10757.8 50.996877000000005
10763.7 51.03867700000001
10769.5 51.088877000000004
10775.4 51.147477
10781.2 51.21417700000001
10787.1 51.28867700000001
10793.0 51.37087700000001
10798.8 51.460177
10804.7 51.556277
10810.5 51.65877700000001
10816.4 51.76707700000001
10822.3 51.880677000000006
10828.1 51.998777000000004
10834.0 52.12067700000001
10839.8 52.24567700000001
10845.7 52.372977000000006
10851.6 52.501777000000004
10857.4 52.63117700000001
10863.3 52.822377
10869.1 52.94847700000001
10875.0 53.072277
10880.9 53.192977
10886.7 53.31007700000001
10892.6 53.42277700000001
10898.4 53.53057700000001
10904.3 53.575277
10910.2 53.674577
10916.0 53.76817700000001
10921.9 53.85597700000001
10927.7 53.93767700000001
10933.6 54.013577
10939.5 54.083477
10945.3 54.147777000000005
10951.2 54.206677
10957.0 54.26047700000001
10962.9 54.309577000000004
10968.8 54.354577000000006
10974.6 54.39577700000001
10980.5 54.433777000000006
10986.3 54.46897700000001
10992.2 54.50187700000001
10998.0 54.532877
11003.9 54.56227700000001
11009.8 54.59057700000001
11015.6 54.617777000000004
11021.5 54.64407700000001
11027.3 54.669477
11033.2 54.693977000000004
11039.1 54.717377
11044.9 54.73947700000001
11050.8 54.759877
11056.6 54.77807700000001
11062.5 54.793677
11068.4 54.806177000000005
11074.2 54.815077
11080.1 54.819677
11085.9 54.819477000000006
11091.8 54.813877000000005
11097.7 54.80237700000001
11103.5 54.784677
11109.4 54.760177
11115.2 54.728577
11121.1 54.68987700000001
11127.0 54.64367700000001
11132.8 54.589977000000005
11138.7 54.528977
11144.5 54.460577
11150.4 54.385277
11156.2 54.303177000000005
11162.1 54.214777
11168.0 54.12047700000001
11173.8 54.02077700000001
11179.7 53.91637700000001
11185.5 53.80757700000001
11191.4 53.695277000000004
11197.3 53.57987700000001
11203.1 53.46207700000001
11209.0 53.342377
11214.8 53.22147700000001
11220.7 53.099677
11226.6 52.977777
11232.4 52.85597700000001
11238.3 52.734677000000005
11244.1 52.61447700000001
11250.0 52.495577
11255.9 52.378177
11261.7 52.26277700000001
11267.6 52.149677000000004
11273.4 52.038977
11279.3 51.930977000000006
11285.2 51.826177
11291.0 51.724777
11296.9 51.62707700000001
11302.7 51.533577
11308.6 51.444577
11314.5 51.360677
11320.3 51.282177000000004
11326.2 51.209777
11332.0 51.143877
11337.9 51.085077000000005
11343.8 51.033877000000004
11349.6 50.990777
11355.5 50.956377
11361.3 50.930977000000006
11367.2 50.915077000000004
11373.0 50.90897700000001
11378.9 50.912977000000005
11384.8 50.92717700000001
11390.6 50.951677000000004
11396.5 50.986377000000005
11402.3 51.031377000000006
11408.2 51.086077
11414.1 51.150377000000006
11419.9 51.223577000000006
11425.8 51.305277000000004
11431.6 51.394677
11437.5 51.490977
11443.4 51.59347700000001
11449.2 51.701077000000005
11455.1 51.81287700000001
11460.9 51.927877
11466.8 52.045177
11472.7 52.163577000000004
11478.5 52.28227700000001
11484.4 52.400277
11490.2 52.516577
11496.1 52.630477
11502.0 52.74127700000001
11507.8 52.848077
11513.7 52.95047700000001
11519.5 53.047977
11525.4 53.14017700000001
11531.2 53.226777
11537.1 53.307677
11543.0 53.382677
11548.8 53.45187700000001
11554.7 53.515277
11560.5 53.573077
11566.4 53.625477000000004
11572.3 53.672577000000004
11578.1 53.714777
11584.0 53.75227700000001
11589.8 53.78527700000001
11595.7 53.814177
11601.6 53.838977
11607.4 53.860077000000004
11613.3 53.87737700000001
11619.1 53.89107700000001
11625.0 53.900977
11630.9 53.90727700000001
11636.7 53.909677
11642.6 53.907977
11648.4 53.901977
11654.3 53.891277
11660.2 53.875777
11666.0 53.854977000000005
11671.9 53.82847700000001
11677.7 53.79607700000001
11683.6 53.75747700000001
11689.5 53.71217700000001
11695.3 53.660177000000004
11701.2 53.60117700000001
11707.0 53.535177000000004
11712.9 53.46207700000001
11718.8 53.381977000000006
11724.6 53.295077000000006
11730.5 53.201577
11736.3 53.101877
11742.2 52.99637700000001
11748.0 52.88547700000001
11753.9 52.76987700000001
11759.8 52.65007700000001
11765.6 52.52667700000001
11771.5 52.40047700000001
11777.3 52.27197700000001
11783.2 52.141777000000005
11789.1 52.010577000000005
11794.9 51.87877700000001
11800.8 51.746977
11806.6 51.615377
11812.5 51.484377
11818.4 51.35417700000001
11824.2 51.224877000000006
11830.1 51.09647700000001
11835.9 50.968977
11841.8 50.842277
11847.7 50.716277000000005
11853.5 50.590577
11859.4 50.465177000000004
11865.2 50.339677
11871.1 50.214077
11877.0 50.088077000000006
11882.8 49.961677
11888.7 49.834777
11894.5 49.707477000000004
11900.4 49.579877
11906.2 49.452377000000006
11912.1 49.32527700000001
11918.0 49.199077
11923.8 49.074377000000005
11929.7 48.95197700000001
11935.5 48.832677000000004
11941.4 48.717477
11947.3 48.607277
11953.1 48.503177
11959.0 48.406377000000006
11964.8 48.31777700000001
11970.7 48.238777000000006
11976.6 48.170277000000006
11982.4 48.113277000000004
11988.3 48.068777000000004
11994.1 48.037377000000006
12000.0 48.019877
12005.9 48.016477
12011.7 48.027677000000004
12017.6 48.053277
12023.4 48.093077
12029.3 48.146677000000004
12035.2 48.213477000000005
12041.0 48.292677000000005
12046.9 48.382977000000004
12052.7 48.48347700000001
12058.6 48.592577000000006
12064.5 48.708977000000004
12070.3 48.83107700000001
12076.2 48.957377
12082.0 49.086177000000006
12087.9 49.216077000000006
12093.8 49.345477
12099.6 49.473077
12105.5 49.597477000000005
12111.3 49.717577000000006
12117.2 49.832277000000005
12123.0 49.940777000000004
12128.9 50.042477000000005
12134.8 50.136577
12140.6 50.22297700000001
12146.5 50.301277000000006
12152.3 50.371477000000006
12158.2 50.433777000000006
12164.1 50.488277000000004
12169.9 50.535377000000004
12175.8 50.575677000000006
12181.6 50.609577
12187.5 50.63777700000001
12193.4 50.660977
12199.2 50.679977
12205.1 50.69537700000001
12210.9 50.708077
12216.8 50.71847700000001
12222.7 50.72747700000001
12228.5 50.735477
12234.4 50.742977
12240.2 50.750277000000004
12246.1 50.757577000000005
12252.0 50.765077000000005
12257.8 50.772677
12263.7 50.780277000000005
12269.5 50.787677
12275.4 50.79447700000001
12281.2 50.800377000000005
12287.1 50.804877000000005
12293.0 50.807477000000006
12298.8 50.807677000000005
12304.7 50.804877000000005
12310.5 50.798677000000005
12316.4 50.78867700000001
12322.3 50.774377
12328.1 50.755477000000006
12334.0 50.731777
12339.8 50.703177000000004
12345.7 50.66947700000001
12351.6 50.630877000000005
12357.4 50.58747700000001
12363.3 50.539277000000006
12369.1 50.48687700000001
12375.0 50.43037700000001
12380.9 50.370177000000005
12386.7 50.306777000000004
12392.6 50.240577
12398.4 50.171977000000005
12404.3 50.10137700000001
12410.2 50.029077
12416.0 49.955577000000005
12421.9 49.880877000000005
12427.7 49.80537700000001
12433.6 49.72917700000001
12439.5 49.652177
12445.3 49.574477
12451.2 49.495977
12457.0 49.41647700000001
12462.9 49.335877
12468.8 49.25377700000001
12474.6 49.169977
12480.5 49.08407700000001
12486.3 48.995977
12492.2 48.905377
12498.0 48.811977000000006
12503.9 48.71567700000001
12509.8 48.616277000000004
12515.6 48.513877
12521.5 48.408477000000005
12527.3 48.300177000000005
12533.2 48.13007700000001
12539.1 48.016777000000005
12544.9 47.901977
12550.8 47.786377
12556.6 47.670477000000005
12562.5 47.55517700000001
12568.4 47.44107700000001
12574.2 47.328977
12580.1 47.278577000000006
12585.9 47.172177000000005
12591.8 47.069777
12597.7 46.972077000000006
12603.5 46.87987700000001
12609.4 46.793677
12615.2 46.71417700000001
12621.1 46.641877
12627.0 46.577177000000006
12632.8 46.520377
12638.7 46.471877000000006
12644.5 46.431777000000004
12650.4 46.39997700000001
12656.2 46.376677
12662.1 46.361577000000004
12668.0 46.354577000000006
12673.8 46.355277
12679.7 46.363477
12685.5 46.37877700000001
12691.4 46.400677
12697.3 46.428777000000004
12703.1 46.462677000000006
12709.0 46.501977000000004
12714.8 46.54617700000001
12720.7 46.59497700000001
12726.6 46.647977000000004
12732.4 46.705077
12738.3 46.76597700000001
12744.1 46.830577000000005
12750.0 46.898777
12755.9 46.970577000000006
12761.7 47.045877000000004
12767.6 47.124977
12773.4 47.207877
12779.3 47.294577000000004
12785.2 47.385277
12791.0 47.479977000000005
12796.9 47.578677000000006
12802.7 47.681377000000005
12808.6 47.787877
12814.5 47.897977000000004
12820.3 48.011377
12826.2 48.127477000000006
12832.0 48.245977
12837.9 48.366077000000004
12843.8 48.486977
12849.6 48.607977000000005
12855.5 48.728077000000006
12861.3 48.846177000000004
12867.2 48.961477
12873.0 49.072777
12878.9 49.17907700000001
12884.8 49.279377000000004
12890.6 49.372677
12896.5 49.458077
12902.3 49.534777000000005
12908.2 49.602077
12914.1 49.659377000000006
12919.9 49.70607700000001
12925.8 49.741977000000006
12931.6 49.766777000000005
12937.5 49.780277000000005
12943.4 49.782577
12949.2 49.773777
12955.1 49.754077
12960.9 49.723877
12966.8 49.68337700000001
12972.7 49.63307700000001
12978.5 49.573477000000004
12984.4 49.50507700000001
12990.2 49.428377000000005
12996.1 49.343777
13002.0 49.251777000000004
13007.8 49.15277700000001
13013.7 49.047177000000005
13019.5 48.935177
13025.4 48.817177
13031.2 48.693277
13037.1 48.563577
13043.0 48.428077
13048.8 48.286877000000004
13054.7 48.139877000000006
13060.5 47.987077000000006
13066.4 47.828377
13072.3 47.66387700000001
13078.1 47.493377
13084.0 47.317077000000005
13089.8 47.135177000000006
13095.7 46.947777
13101.6 46.755477000000006
13107.4 46.558677
13113.3 46.358177000000005
13119.1 46.154877000000006
13125.0 45.949877
13130.9 45.744277000000004
13136.7 45.539677000000005
13142.6 45.33747700000001
13148.4 45.13947700000001
13154.3 44.947377
13160.2 44.76297700000001
13166.0 44.588177
13171.9 44.424577000000006
13177.7 44.274077000000005
13183.6 44.138077
13189.5 44.017877000000006
13195.3 43.914777
13201.2 43.82957700000001
13207.0 43.762877
13212.9 43.715077
13218.8 43.685977
13224.6 43.675477
13230.5 43.682977
13236.3 43.707377
13242.2 43.747777000000006
13248.0 43.80257700000001
13253.9 43.870477
13259.8 43.949577000000005
13265.6 44.038177000000005
13271.5 44.134477000000004
13277.3 44.236577000000004
13283.2 44.342777000000005
13289.1 44.451277000000005
13294.9 44.560577
13300.8 44.669277
13306.6 44.776177000000004
13312.5 44.880177
13318.4 44.980577000000004
13324.2 45.076677000000004
13330.1 45.16817700000001
13335.9 45.254777000000004
13341.8 45.336577000000005
13347.7 45.413577000000004
13353.5 45.486277
13359.4 45.554877000000005
13365.2 45.619977000000006
13371.1 45.68207700000001
13377.0 45.741777000000006
13382.8 45.799677
13388.7 45.856377
13394.5 45.912477
13400.4 45.968177000000004
13406.2 46.024177
13412.1 46.080477
13418.0 46.137377
13423.8 46.194877000000005
13429.7 46.252977
13435.5 46.311477000000004
13441.4 46.370077
13447.3 46.428477
13453.1 46.486077
13459.0 46.542377
13464.8 46.596877000000006
13470.7 46.648877000000006
13476.6 46.697977
13482.4 46.743377
13488.3 46.784577000000006
13494.1 46.821277
13500.0 46.85287700000001
13505.9 46.879177000000006
13511.7 46.900077
13517.6 46.915277
13523.4 46.924977000000005
13529.3 46.929277000000006
13535.2 46.928377000000005
13541.0 46.92267700000001
13546.9 46.912577000000006
13552.7 46.898677000000006
13558.6 46.881277000000004
13564.5 46.861177000000005
13570.3 46.838677000000004
13576.2 46.81437700000001
13582.0 46.78867700000001
13587.9 46.761877000000005
13593.8 46.734177
13599.6 46.705777000000005
13605.5 46.676577
13611.3 46.646477000000004
13617.2 46.61507700000001
13623.0 46.581877000000006
13628.9 46.54637700000001
13634.8 46.50787700000001
13640.6 46.46547700000001
13646.5 46.418277
13652.3 46.365277000000006
13658.2 46.30557700000001
13664.1 46.238077000000004
13669.9 46.16197700000001
13675.8 46.076277000000005
13681.6 45.980277
13687.5 45.873377000000005
13693.4 45.754977000000004
13699.2 45.624977
13705.1 45.483277
13710.9 45.330177000000006
13716.8 45.165977000000005
13722.7 44.991477
13728.5 44.807477000000006
13734.4 44.615277000000006
13740.2 44.416277
13746.1 44.211777000000005
13752.0 44.00357700000001
13757.8 43.793277
13763.7 43.582677000000004
13769.5 43.373277
13775.4 43.166777
13781.2 42.964377000000006
13787.1 42.767577
13793.0 42.577277
13798.8 42.394177000000006
13804.7 42.218877000000006
13810.5 42.051777
13816.4 41.892677000000006
13822.3 41.741477
13828.1 41.59777700000001
13834.0 41.46077700000001
13839.8 41.329677000000004
13845.7 41.20347700000001
13851.6 41.08107700000001
13857.4 40.961377000000006
13863.3 40.843177000000004
13869.1 40.725277000000006
13875.0 40.606777
13880.9 40.48667700000001
13886.7 40.364077
13892.6 40.238477
13898.4 40.109377
13904.3 39.97637700000001
13910.2 39.839477
13916.0 39.69877700000001
13921.9 39.554477000000006
13927.7 39.407077
13933.6 39.257277
13939.5 39.10587700000001
13945.3 38.953777
13951.2 38.80217700000001
13957.0 38.652177
13962.9 38.505177
13968.8 38.362477000000005
13974.6 38.225277000000006
13980.5 38.094877000000004
13986.3 37.972177
13992.2 37.858277
13998.0 37.75377700000001
14003.9 37.659077
14009.8 37.574477
14015.6 37.499777
14021.5 37.434777000000004
14027.3 37.378877
14033.2 37.330977000000004
14039.1 37.29017700000001
14044.9 37.255177
14050.8 37.22447700000001
14056.6 37.196577000000005
14062.5 37.16987700000001
14068.4 37.142977
14074.2 37.114477
14080.1 37.083277
14085.9 37.048677000000005
14091.8 37.010177000000006
14097.7 36.967977000000005
14103.5 36.922577000000004
14109.4 36.874977
14115.2 36.826677000000004
14121.1 36.77947700000001
14127.0 36.735477
14132.8 36.69707700000001
14138.7 36.666577000000004
14144.5 36.646177
14150.4 36.637877
14156.2 36.643377
14162.1 36.663977
14168.0 36.700577
14173.8 36.75357700000001
14179.7 36.822977
14185.5 36.908077000000006
14191.4 37.007977000000004
14197.3 37.12107700000001
14203.1 37.323177
14209.0 37.454377
14214.8 37.590377000000004
14220.7 37.728477000000005
14226.6 37.865977
14232.4 38.00037700000001
14238.3 38.129277
14244.1 38.250877
14250.0 38.363677
14255.9 38.39547700000001
14261.7 38.49457700000001
14267.6 38.585677000000004
14273.4 38.669777
14279.3 38.748577000000004
14285.2 38.824077
14291.0 38.898677000000006
14296.9 38.974977
14302.7 39.055677
14308.6 39.143177
14314.5 39.23967700000001
14320.3 39.347077000000006
14326.2 39.467077
14332.0 39.600777
14337.9 39.74887700000001
14343.8 39.91197700000001
14349.6 40.089877
14355.5 40.282377000000004
14361.3 40.48857700000001
14367.2 40.707477000000004
14373.0 40.937277
14378.9 41.176177
14384.8 41.421877
14390.6 41.671977000000005
14396.5 41.923777
14402.3 42.174777000000006
14408.2 42.42247700000001
14414.1 42.664577
14419.9 42.899377
14425.8 43.125277000000004
14431.6 43.341577
14437.5 43.547577000000004
14443.4 43.743277000000006
14449.2 43.92887700000001
14455.1 44.104977000000005
14460.9 44.272177000000006
14466.8 44.431477
14472.7 44.583577000000005
14478.5 44.729477
14484.4 44.869877
14490.2 45.005577
14496.1 45.136977
14502.0 45.264777
14507.8 45.388977000000004
14513.7 45.50977700000001
14519.5 45.62707700000001
14525.4 45.740477000000006
14531.2 45.84967700000001
14537.1 45.954077000000005
14543.0 46.053077
14548.8 46.145677000000006
14554.7 46.231377
14560.5 46.309177000000005
14566.4 46.378277000000004
14572.3 46.43807700000001
14578.1 46.487877000000005
14584.0 46.527177
14589.8 46.555677
14595.7 46.572977
14601.6 46.579277000000005
14607.4 46.574577000000005
14613.3 46.558977000000006
14619.1 46.533077000000006
14625.0 46.49717700000001
14630.9 46.45177700000001
14636.7 46.397477
14642.6 46.334777
14648.4 46.26427700000001
14654.3 46.186277000000004
14660.2 46.10137700000001
14666.0 46.009877
14671.9 45.911777
14677.7 45.807177
14683.6 45.696177000000006
14689.5 45.57847700000001
14695.3 45.453677000000006
14701.2 45.321477
14707.0 45.181277
14712.9 45.03247700000001
14718.8 44.874277000000006
14724.6 44.705977000000004
14730.5 44.526777
14736.3 44.335877
14742.2 44.132677
14748.0 43.91647700000001
14753.9 43.686677
14759.8 43.443077
14765.6 43.185277000000006
14771.5 42.913277
14777.3 42.627377
14783.2 42.327877
14789.1 42.01557700000001
14794.9 41.69127700000001
14800.8 41.356377
14806.6 41.012177
14812.5 40.66067700000001
14818.4 40.303977
14824.2 39.944777
14830.1 39.58597700000001
14835.9 39.230977
14841.8 38.883977
14847.7 38.549077000000004
14853.5 38.231077000000006
14859.4 37.934777000000004
14865.2 37.66497700000001
14871.1 37.426377
14877.0 37.22297700000001
14882.8 37.05837700000001
14888.7 36.935277000000006
14894.5 36.855577000000004
14900.4 36.820477000000004
14906.2 36.830577000000005
14912.1 36.885377000000005
14918.0 36.984377
14923.8 37.125977000000006
14929.7 37.308277000000004
14935.5 37.528977000000005
14941.4 37.785077
14947.3 38.072977
14953.1 38.388977000000004
14959.0 38.728577
14964.8 39.087077
14970.7 39.45947700000001
14976.6 39.840877000000006
14982.4 40.226677
14988.3 40.612577
14994.1 40.994877
15000.0 41.370777000000004
15005.9 41.737777
15011.7 42.094477000000005
15017.6 42.43977700000001
15023.4 42.773177000000004
15029.3 43.094577
15035.2 43.404177000000004
15041.0 43.702377000000006
15046.9 43.989577000000004
15052.7 44.266477
15058.6 44.533577
15064.5 44.791377000000004
15070.3 45.040477
15076.2 45.28117700000001
15082.0 45.513777000000005
15087.9 45.73837700000001
15093.8 45.954877
15099.6 46.163277
15105.5 46.363277000000004
15111.3 46.554577
15117.2 46.73667700000001
15123.0 46.90897700000001
15128.9 47.071077
15134.8 47.222077000000006
15140.6 47.361577000000004
15146.5 47.488977000000006
15152.3 47.603577
15158.2 47.705077
15164.1 47.792877000000004
15169.9 47.866877
15175.8 47.926977
15181.6 47.97297700000001
15187.5 48.00507700000001
15193.4 48.023677000000006
15199.2 48.028977000000005
15205.1 48.021477000000004
15210.9 48.001977000000004
15216.8 47.970877
15222.7 47.929177
15228.5 47.877377
15234.4 47.816377
15240.2 47.746777
15246.1 47.669277
15252.0 47.58447700000001
15257.8 47.49267700000001
15263.7 47.394377000000006
15269.5 47.289677000000005
15275.4 47.17867700000001
15281.2 47.061077000000004
15287.1 46.936877
15293.0 46.805477
15298.8 46.666377000000004
15304.7 46.518877
15310.5 46.362177
15316.4 46.195277000000004
15322.3 46.017377
15328.1 45.827277
15334.0 45.623977000000004
15339.8 45.406677
15345.7 45.17437700000001
15351.6 44.926277000000006
15357.4 44.661877000000004
15363.3 44.380777
15369.1 44.08297700000001
15375.0 43.768677000000004
15380.9 43.438577
15386.7 43.093877000000006
15392.6 42.736177000000005
15398.4 42.367777000000004
15404.3 41.991477
15410.2 41.610777000000006
15416.0 41.229777000000006
15421.9 40.853077000000006
15427.7 40.485777000000006
15433.6 40.133177
15439.5 39.800777000000004
15445.3 39.493877000000005
15451.2 39.217377000000006
15457.0 38.975777
15462.9 38.772977000000004
15468.8 38.611977
15474.6 38.495177000000005
15480.5 38.42417700000001
15486.3 38.39977700000001
15492.2 38.422077
15498.0 38.490377
15503.9 38.603377
15509.8 38.758977
15515.6 38.954177
15521.5 39.185577
15527.3 39.448977000000006
15533.2 39.739577000000004
15539.1 40.05217700000001
15544.9 40.381277000000004
15550.8 40.72127700000001
15556.6 41.066877000000005
15562.5 41.412777000000006
15568.4 41.754377000000005
15574.2 42.087877000000006
15580.1 42.409777000000005
15585.9 42.717477
15591.8 43.008977
15597.7 43.282977
15603.5 43.538577000000004
15609.4 43.775377000000006
15615.2 43.993577
15621.1 44.193577000000005
15627.0 44.376077
15632.8 44.542077000000006
15638.7 44.692677
15644.5 44.829277000000005
15650.4 44.95327700000001
15656.2 45.065977000000004
15662.1 45.168877
15668.0 45.263377000000006
15673.8 45.350777
15679.7 45.432177
15685.5 45.508677000000006
15691.4 45.58107700000001
15697.3 45.650077
15703.1 45.716177
15709.0 45.77967700000001
15714.8 45.840777
15720.7 45.899177
15726.6 45.954677000000004
15732.4 46.006977000000006
15738.3 46.055277000000004
15744.1 46.098977000000005
15750.0 46.137277000000005
15755.9 46.169177000000005
15761.7 46.193977000000004
15767.6 46.210677000000004
15773.4 46.218577
15779.3 46.21677700000001
15785.2 46.204877
15791.0 46.182377
15796.9 46.148977
15802.7 46.104677
15808.6 46.049577000000006
15814.5 45.983977
15820.3 45.908577
15826.2 45.823877
15832.0 45.73087700000001
15837.9 45.630377
15843.8 45.52327700000001
15849.6 45.410777
15855.5 45.293677
15861.3 45.172777
15867.2 45.048977
15873.0 44.859077000000006
15878.9 44.73047700000001
15884.8 44.59947700000001
15890.6 44.465977
15896.5 44.32957700000001
15902.3 44.189477000000004
15908.2 44.044777
15914.1 43.894477
15919.9 43.737277000000006
15925.8 43.571477
15931.6 43.467277
15937.5 43.281377000000006
15943.4 43.082377
15949.2 42.868177
15955.1 42.636977
15960.9 42.386977
15966.8 42.116277000000004
15972.7 41.823677
15978.5 41.50807700000001
15984.4 41.168977000000005
15990.2 40.80687700000001
15996.1 40.423077000000006
16002.0 40.020177000000004
16007.8 39.602377000000004
16013.7 39.174977000000005
16019.5 38.744677
16025.4 38.318977000000004
16031.2 37.905377
16037.1 37.511177
16043.0 37.143177
16048.8 36.806977
16054.7 36.507377000000005
16060.5 36.248377000000005
16066.4 36.033477000000005
16072.3 35.865277000000006
16078.1 35.746277000000006
16084.0 35.678377000000005
16089.8 35.663077
16095.7 35.701477000000004
16101.6 35.793977000000005
16107.4 35.940577000000005
16113.3 36.140077000000005
16119.1 36.39057700000001
16125.0 36.688777
16130.9 37.030077000000006
16136.7 37.408677000000004
16142.6 37.817477000000004
16148.4 38.248677
16154.3 38.694777
16160.2 39.148177000000004
16166.0 39.60247700000001
16171.9 40.05217700000001
16177.7 40.492977
16183.6 40.92137700000001
16189.5 41.334577
16195.3 41.730577000000004
16201.2 42.107677
16207.0 42.464977000000005
16212.9 42.801577
16218.8 43.117077
16224.6 43.411577
16230.5 43.68507700000001
16236.3 43.937977000000004
16242.2 44.171077000000004
16248.0 44.385077
16253.9 44.580877
16259.8 44.759477000000004
16265.6 44.922077
16271.5 45.069777
16277.3 45.203677000000006
16283.2 45.324977000000004
16289.1 45.434577000000004
16294.9 45.533577
16300.8 45.622777000000006
16306.6 45.70307700000001
16312.5 45.775077
16318.4 45.839277
16324.2 45.896177
16330.1 45.945977000000006
16335.9 45.988877
16341.8 46.024877000000004
16347.7 46.053977
16353.5 46.075977
16359.4 46.090577
16365.2 46.097577
16371.1 46.09647700000001
16377.0 46.086777000000005
16382.8 46.068377000000005
16388.7 46.040577000000006
16394.5 46.003077000000005
16400.4 45.955677
16406.2 45.89807700000001
16412.1 45.830077
16418.0 45.751577000000005
16423.8 45.662677
16429.7 45.563477000000006
16435.5 45.453977
16441.4 45.334577
16447.3 45.205477
16453.1 45.066877000000005
16459.0 44.919177000000005
16464.8 44.762477000000004
16470.7 44.597077000000006
16476.6 44.422977
16482.4 44.240277000000006
16488.3 44.048777
16494.1 43.848277
16500.0 43.638377000000006
16505.9 43.418477
16511.7 43.187777000000004
16517.6 42.945277000000004
16523.4 42.689877
16529.3 42.420077000000006
16535.2 42.134277000000004
16541.0 41.830477
16546.9 41.50657700000001
16552.7 41.160077
16558.6 40.788077
16564.5 40.387277000000005
16570.3 39.953977
16576.2 39.483777
16582.0 38.97147700000001
16587.9 38.410977
16593.8 37.794577000000004
16599.6 37.112977
16605.5 36.354677
16611.3 35.507277
16617.2 34.565177000000006
16623.0 33.557177
16628.9 32.572177
16634.8 31.688677000000006
16640.6 30.925277
16646.5 30.274577
16652.3 29.725977000000007
16658.2 29.270477000000007
16664.1 28.901677000000007
16669.9 28.614977000000003
16675.8 28.407877000000006
16681.6 28.278877
16687.5 28.227777000000003
16693.4 28.255477000000006
16699.2 28.363677000000003
16705.1 28.555477000000003
16710.9 28.835177
16716.8 29.208677
16722.7 29.684177000000005
16728.5 30.271877000000003
16734.4 30.983277
16740.2 31.823077000000005
16746.1 32.761777
16752.0 33.70927700000001
16757.8 34.586377000000006
16763.7 35.374177
16769.5 36.080377000000006
16775.4 36.716277000000005
16781.2 37.291377000000004
16787.1 37.81327700000001
16793.0 38.287777000000006
16798.8 38.719177
16804.7 39.111077
16810.5 39.466177
16816.4 39.786777
16822.3 40.074977000000004
16828.1 40.332677000000004
16834.0 40.56137700000001
16839.8 40.762877
16845.7 40.938577
16851.6 41.09027700000001
16857.4 41.219277000000005
16863.3 41.327277
16869.1 41.415777000000006
16875.0 41.486077
16880.9 41.539777
16886.7 41.578177000000004
16892.6 41.60247700000001
16898.4 41.613877
16904.3 41.61337700000001
16910.2 41.601677
16916.0 41.579677000000004
16921.9 41.54767700000001
16927.7 41.506177
16933.6 41.455277
16939.5 41.394777000000005
16945.3 41.324577000000005
16951.2 41.244077000000004
16957.0 41.15277700000001
16962.9 41.049777000000006
16968.8 40.933977000000006
16974.6 40.804377
16980.5 40.659477
16986.3 40.497977000000006
16992.2 40.317977000000006
16998.0 40.11807700000001
17003.9 39.896177
17009.8 39.650577000000006
17015.6 39.379177000000006
17021.5 39.079877
17027.3 38.750477000000004
17033.2 38.388777000000005
17039.1 37.992277
17044.9 37.55857700000001
17050.8 37.085077000000005
17056.6 36.56927700000001
17062.5 36.009177
17068.4 35.404077
17074.2 34.75657700000001
17080.1 34.075177000000004
17085.9 33.377677000000006
17091.8 32.690177000000006
17097.7 32.04037700000001
17103.5 31.449277000000002
17109.4 30.928177000000005
17115.2 30.481577
17121.1 30.110077000000004
17127.0 29.812877000000007
17132.8 29.588577
17138.7 29.435777
17144.5 29.353377000000002
17150.4 29.340777000000003
17156.2 29.397677
17162.1 29.524477000000005
17168.0 29.721777000000003
17173.8 29.990477000000006
17179.7 30.331877000000006
17185.5 30.746977
17191.4 31.235677000000003
17197.3 31.794877000000007
17203.1 32.415777000000006
17209.0 33.080477
17214.8 33.76277700000001
17220.7 34.435177
17226.6 35.077277
17232.4 35.678377000000005
17238.3 36.23517700000001
17244.1 36.748077
17250.0 37.219677000000004
17255.9 37.652877000000004
17261.7 38.050977
17267.6 38.417277000000006
17273.4 38.754577000000005
17279.3 39.065677
17285.2 39.353177
17291.0 39.61937700000001
17296.9 39.86637700000001
17302.7 40.095877
17308.6 40.30967700000001
17314.5 40.509177
17320.3 40.69537700000001
17326.2 40.869477
17332.0 41.032177000000004
17337.9 41.183977000000006
17343.8 41.325177000000004
17349.6 41.455977000000004
17355.5 41.576377
17361.3 41.686077000000004
17367.2 41.784677
17373.0 41.871677000000005
17378.9 41.946577000000005
17384.8 42.008477000000006
17390.6 42.05667700000001
17396.5 42.090577
17402.3 42.109177
17408.2 42.11187700000001
17414.1 42.098077
17419.9 42.06737700000001
17425.8 42.019477
17431.6 41.954477000000004
17437.5 41.87257700000001
17443.4 41.774177
17449.2 41.66027700000001
17455.1 41.531777000000005
17460.9 41.390277000000005
17466.8 41.237077000000006
17472.7 41.074077
17478.5 40.902877000000004
17484.4 40.725277000000006
17490.2 40.543077000000004
17496.1 40.357577000000006
17502.0 40.170177
17507.8 39.981777
17513.7 39.793077000000004
17519.5 39.604477
17525.4 39.415977000000005
17531.2 39.227177000000005
17537.1 39.037477
17543.0 38.845777000000005
17548.8 38.548277000000006
17554.7 38.338877000000004
17560.5 38.119977000000006
17566.4 37.888977000000004
17572.3 37.642977
17578.1 37.378677
17584.0 37.092877
17589.8 36.78227700000001
17595.7 36.443977000000004
17601.6 36.075977
17607.4 35.81007700000001
17613.3 35.396077000000005
17619.1 34.959977
17625.0 34.50937700000001
17630.9 34.05407700000001
17636.7 33.604577000000006
17642.6 33.16967700000001
17648.4 32.755977
17654.3 32.367477
17660.2 32.006277000000004
17666.0 31.673477000000005
17671.9 31.369677000000003
17677.7 31.095277000000003
17683.6 30.851277000000003
17689.5 30.638777000000005
17695.3 30.459777000000003
17701.2 30.316877000000005
17707.0 30.212977000000002
17712.9 30.151677000000007
17718.8 30.136977
17724.6 30.172577000000004
17730.5 30.261777000000002
17736.3 30.406777000000005
17742.2 30.608277
17748.0 30.864377000000005
17753.9 31.170077000000006
17759.8 31.516877
17765.6 31.894377000000006
17771.5 32.291077
17777.3 32.697377
17783.2 33.106077000000006
17789.1 33.51277700000001
17794.9 33.915077000000004
17800.8 34.311777000000006
17806.6 34.702577000000005
17812.5 35.087377000000004
17818.4 35.465977
17824.2 35.837977
17830.1 36.202677
17835.9 36.558777000000006
17841.8 36.904977
17847.7 37.239377000000005
17853.5 37.559977
17859.4 37.86507700000001
17865.2 38.15297700000001
17871.1 38.422377000000004
17877.0 38.672577000000004
17882.8 38.903077
17888.7 39.114377000000005
17894.5 39.307177
17900.4 39.482577000000006
17906.2 39.64207700000001
17912.1 39.787277
17918.0 39.919977
17923.8 40.041777
17929.7 40.154377000000004
17935.5 40.259477000000004
17941.4 40.358277
17947.3 40.452077
17953.1 40.54187700000001
17959.0 40.628477000000004
17964.8 40.71247700000001
17970.7 40.794177000000005
17976.6 40.873677
17982.4 40.951177
17988.3 41.026177000000004
17994.1 41.098277
18000.0 41.16687700000001
18005.9 41.231177
18011.7 41.29017700000001
18017.6 41.342677
18023.4 41.38777700000001
18029.3 41.424077000000004
18035.2 41.450677000000006
18041.0 41.466377
18046.9 41.470577000000006
18052.7 41.462577
18058.6 41.442177
18064.5 41.409677
18070.3 41.365277000000006
18076.2 41.30987700000001
18082.0 41.244477
18087.9 41.170377
18093.8 41.08897700000001
18099.6 41.001577000000005
18105.5 40.909677
18111.3 40.81457700000001
18117.2 40.717477
18123.0 40.61937700000001
18128.9 40.521177
18134.8 40.423377
18140.6 40.326477000000004
18146.5 40.230577000000004
18152.3 40.135777000000004
18158.2 40.041777
18164.1 39.948077000000005
18169.9 39.854077000000004
18175.8 39.758977
18181.6 39.661477000000005
18187.5 39.560277000000006
18193.4 39.453977
18199.2 39.340777
18205.1 39.218877000000006
18210.9 39.086377000000006
18216.8 38.941377
18222.7 38.782177000000004
18228.5 38.607277
18234.4 38.415477
18240.2 38.205977000000004
18246.1 37.978777
18252.0 37.733977
18257.8 37.47277700000001
18263.7 37.196477
18269.5 36.907177000000004
18275.4 36.60717700000001
18281.2 36.29917700000001
18287.1 35.985677
18293.0 35.669377000000004
18298.8 35.35287700000001
18304.7 35.03867700000001
18310.5 34.72897700000001
18316.4 34.425977
18322.3 34.131877
18328.1 33.848877
18334.0 33.578977
18339.8 33.324477
18345.7 33.087577
18351.6 32.870377000000005
18357.4 32.675077
18363.3 32.50357700000001
18369.1 32.357277
18375.0 32.237377
18380.9 32.144477
18386.7 32.078377
18392.6 32.038577000000004
18398.4 32.023577
18404.3 32.031677
18410.2 32.060677000000005
18416.0 32.108077
18421.9 32.171477
18427.7 32.248477
18433.6 32.336777000000005
18439.5 32.434477
18445.3 32.539877000000004
18451.2 32.651577
18457.0 32.768477000000004
18462.9 32.889777
18468.8 33.014777
18474.6 33.143377
18480.5 33.275177000000006
18486.3 33.410377000000004
18492.2 33.549077000000004
18498.0 33.691777
18503.9 33.838577
18509.8 33.99007700000001
18515.6 34.146677000000004
18521.5 34.308877
18527.3 34.476877
18533.2 34.651077
18539.1 34.831677000000006
18544.9 35.018877
18550.8 35.212777
18556.6 35.413377000000004
18562.5 35.620577000000004
18568.4 35.834377
18574.2 36.054177
18580.1 36.279777
18585.9 36.510477
18591.8 36.745377000000005
18597.7 36.983277
18603.5 37.222877000000004
18609.4 37.462577
18615.2 37.70027700000001
18621.1 37.934077
18627.0 38.161577
18632.8 38.380677000000006
18638.7 38.589077
18644.5 38.784977000000005
18650.4 38.96677700000001
18656.2 39.133577
18662.1 39.284577000000006
18668.0 39.419777
18673.8 39.539477000000005
18679.7 39.644277
18685.5 39.735277
18691.4 39.813877000000005
18697.3 39.88137700000001
18703.1 39.93937700000001
18709.0 39.989377000000005
18714.8 40.032877000000006
18720.7 40.071477
18726.6 40.106177
18732.4 40.138377000000006
18738.3 40.169077
18744.1 40.198877
18750.0 40.228677000000005
18755.9 40.258777
18761.7 40.289477000000005
18767.6 40.320977000000006
18773.4 40.353277000000006
18779.3 40.385977000000004
18785.2 40.418677
18791.0 40.450977
18796.9 40.482077000000004
18802.7 40.511177
18808.6 40.537377000000006
18814.5 40.559777000000004
18820.3 40.577377000000006
18826.2 40.589277
18832.0 40.59477700000001
18837.9 40.593177000000004
18843.8 40.584177000000004
18849.6 40.56757700000001
18855.5 40.543477
18861.3 40.512277000000005
18867.2 40.474577000000004
18873.0 40.431477
18878.9 40.383977
18884.8 40.333377000000006
18890.6 40.281377000000006
18896.5 40.229477
18902.3 40.179277000000006
18908.2 40.132377000000005
18914.1 40.09027700000001
18919.9 40.054577
18925.8 40.026377000000004
18931.6 40.006977000000006
18937.5 39.99717700000001
18943.4 39.997877
18949.2 40.00957700000001
18955.1 40.032577
18960.9 40.066977
18966.8 40.112877000000005
18972.7 40.16987700000001
18978.5 40.237577
18984.4 40.315277
18990.2 40.402177
18996.1 40.49717700000001
19002.0 40.599277
19007.8 40.706977
19013.7 40.81887700000001
19019.5 40.933677
19025.4 41.049877
19031.2 41.166077
19037.1 41.280877000000004
19043.0 41.393077000000005
19048.8 41.501677
19054.7 41.605977
19060.5 41.705277
19066.4 41.799277000000004
19072.3 41.887877
19078.1 41.97127700000001
19084.0 42.049677
19089.8 42.123677
19095.7 42.193977000000004
19101.6 42.26127700000001
19107.4 42.32657700000001
19113.3 42.39057700000001
19119.1 42.454177
19125.0 42.518377
19130.9 42.583777000000005
19136.7 42.65127700000001
19142.6 42.72147700000001
19148.4 42.794777
19154.3 42.871577
19160.2 42.952177000000006
19166.0 43.036777
19171.9 43.125277000000004
19177.7 43.217677
19183.6 43.313577
19189.5 43.412577000000006
19195.3 43.514377
19201.2 43.618177
19207.0 43.723377000000006
19212.9 43.829077000000005
19218.8 43.982277
19224.6 44.083677
19230.5 44.182977
19236.3 44.27947700000001
19242.2 44.372477
19248.0 44.461377000000006
19253.9 44.545777
19259.8 44.62537700000001
19265.6 44.699977000000004
19271.5 44.769577000000005
19277.3 44.83427700000001
19283.2 44.852377000000004
19289.1 44.911377
19294.9 44.966477000000005
19300.8 45.018077000000005
19306.6 45.066577
19312.5 45.112677000000005
19318.4 45.156677
19324.2 45.199277
19330.1 45.240877000000005
19335.9 45.281877
19341.8 45.322777
19347.7 45.363777000000006
19353.5 45.405277000000005
19359.4 45.44727700000001
19365.2 45.49007700000001
19371.1 45.533677000000004
19377.0 45.577877
19382.8 45.622677
19388.7 45.667677000000005
19394.5 45.712777
19400.4 45.757477
19406.2 45.801277000000006
19412.1 45.843877000000006
19418.0 45.884477000000004
19423.8 45.922777
19429.7 45.95797700000001
19435.5 45.989477
19441.4 46.016977000000004
19447.3 46.039677000000005
19453.1 46.057277000000006
19459.0 46.069377
19464.8 46.075777
19470.7 46.076377
19476.6 46.071077
19482.4 46.059977
19488.3 46.04337700000001
19494.1 46.02157700000001
19500.0 45.995177000000005
19505.9 45.964777000000005
19511.7 45.930877
19517.6 45.894377000000006
19523.4 45.856077000000006
19529.3 45.816677000000006
19535.2 45.776977
19541.0 45.737877000000005
19546.9 45.699977000000004
19552.7 45.664077000000006
19558.6 45.630777
19564.5 45.600577
19570.3 45.57377700000001
19576.2 45.550977
19582.0 45.532177000000004
19587.9 45.517577
19593.8 45.507177000000006
19599.6 45.500877
19605.5 45.498477
19611.3 45.499677000000005
19617.2 45.503977000000006
19623.0 45.51087700000001
19628.9 45.519677
19634.8 45.529877000000006
19640.6 45.540477
19646.5 45.55087700000001
19652.3 45.56007700000001
19658.2 45.56737700000001
19664.1 45.57187700000001
19669.9 45.572877000000005
19675.8 45.569677000000006
19681.6 45.561677
19687.5 45.548477000000005
19693.4 45.529777
19699.2 45.505677000000006
19705.1 45.476277
19710.9 45.441977
19716.8 45.403277
19722.7 45.361077
19728.5 45.31627700000001
19734.4 45.269977000000004
19740.2 45.223477
19746.1 45.177977000000006
19752.0 45.134677
19757.8 45.094877000000004
19763.7 45.05967700000001
19769.5 45.030077000000006
19775.4 45.006977000000006
19781.2 44.991077000000004
19787.1 44.982777000000006
19793.0 44.982577000000006
19798.8 44.990677000000005
19804.7 45.007077
19810.5 45.031577000000006
19816.4 45.063877000000005
19822.3 45.103477000000005
19828.1 45.149677000000004
19834.0 45.201677000000004
19839.8 45.258477000000006
19845.7 45.318677
19851.6 45.380877000000005
19857.4 45.443577000000005
19863.3 45.504677
19869.1 45.562377000000005
19875.0 45.614477
19880.9 45.658577
19886.7 45.69237700000001
19892.6 45.713477000000005
19898.4 45.719377
19904.3 45.707677000000004
19910.2 45.67607700000001
19916.0 45.62217700000001
19921.9 45.543977000000005
19927.7 45.439177
19933.6 45.305877
19939.5 45.141877
19945.3 44.94537700000001
19951.2 44.71417700000001
19957.0 44.446377000000005
19962.9 44.139677000000006
19968.8 43.791977
19974.6 43.400677
19980.5 42.963077000000006
19986.3 42.476477
19992.2 41.937677
19998.0 41.343577
