20.0 54.349892
20.290899 54.976891
20.586 55.590893
20.8855 56.190891
21.189301 56.771893
21.497499 57.335892
21.8102 57.882893
22.127399 58.41489
22.4492 58.932892
22.775801 59.437893
23.1071 59.933891
23.443199 60.420891
23.7841 60.903893
24.1301 61.385891
24.4811 61.867893
24.8372 62.350891
25.1984 62.837891
25.564899 63.326893
25.9368 63.81789
26.3141 64.309891
26.6968 64.801888
27.0851 65.291893
27.479099 65.777893
27.878799 66.259888
28.2843 66.735893
28.6957 67.205887
29.1131 67.669891
29.536501 68.126892
29.966101 68.577888
30.402 69.022888
30.8442 69.461891
31.2929 69.968887
31.748 70.480888
32.209801 70.728889
32.678299 71.124893
33.153599 71.511887
33.635899 71.87989
34.125099 72.220886
34.621498 72.53289
35.125 72.813889
35.635899 73.06089
36.154301 73.279892
36.680199 73.476891
37.213699 73.659889
37.755 73.83989
38.3041 74.028893
38.861301 74.232887
39.426498 74.456886
40.0 74.698891
40.581799 74.955887
41.1721 75.220886
41.771 75.488892
42.378502 75.75489
42.9949 76.015892
43.6203 76.277893
44.254799 76.585892
44.898499 76.784889
45.551498 76.996887
46.2141 77.232887
46.886299 77.465889
47.568298 77.694893
48.260201 77.920891
48.962101 78.142891
49.674301 78.361893
50.396801 78.5627141971651
51.129902 78.75933041220586
51.8736 78.95273972359867
52.628101 79.14393808980805
53.3936 79.33192268510868
54.1702 79.5166834887328
54.958099 79.70022261609778
55.7575 79.88054608452543
56.568501 80.09962797134358
57.391399 80.27148744967822
58.226101 80.39611034410606
59.073 80.55849494431912
59.932301 80.71163522840102
60.804 80.8565352748282
61.6884 80.98918613901205
62.585701 81.10958189713172
63.496 81.21271764613407
64.419601 81.29660242181144
65.356598 81.357213379968
66.307297 81.39456151715787
67.271698 81.40563983338103
68.250198 81.39644453985309
69.242897 81.36596767466364
70.250099 81.32820927360494
71.271896 81.28916553171943
72.308601 81.24182530822748
73.360298 81.18919495512431
74.427399 81.12925738933897
75.509903 81.05701763049056
76.608299 80.9684660848371
77.722603 80.86060643847291
78.853104 80.73243102147688
80.0 80.58492994926634
81.163597 80.41010121839538
82.3442 80.23493884503722
83.541901 80.07543902423424
84.757 79.94659687025519
85.989899 79.82540849622012
87.240601 79.74387084327175
88.509598 79.71197825881079
89.797 79.7357165847357
91.103104 79.8150959941726
92.4282 79.94609579758118
93.772598 80.14972391303915
95.136597 80.35295847443433
96.520401 80.55180747946945
97.924301 80.75326821898517
99.348602 80.95831870915468
100.794 81.1449652950814
102.26 81.31020368822197
103.747 81.45903208017288
105.256 81.59542685182984
106.787 81.74038600319287
108.34 81.85392153426197
109.916 81.92999682593286
111.515 81.98162587820555
113.137 81.97280669108004
114.783 81.88651264545206
116.452 81.73076736042586
118.146 81.53953559779293
119.865 81.34580635755324
121.608 81.21461025881109
123.377 81.14790606335792
125.171 81.12371139029801
126.992 81.13898700142282
128.839 81.17574851583662
130.713 81.21497931443513
132.615 81.23366377811408
134.543 81.20783914508205
136.5 81.14544255802616
138.486 81.05948201694646
140.5 80.9549661409472
142.544 80.84486469181986
144.617 80.7471952886687
146.721 80.66691569328518
148.855 80.60105352477356
151.02 80.55157416402957
153.217 80.52546999194895
155.445 80.522758627636
157.706 80.54640083288211
160.0 80.58239560768733
162.327 80.62074195205166
164.688 80.66041924687079
167.084 80.70341587304051
169.514 80.73574344966504
171.98 80.70635973853587
174.481 80.60329235875727
177.019 80.42650007212066
179.594 80.1819798786261
182.206 79.90973477827355
184.856 79.70574315195874
187.545 79.5929903805774
190.273 79.52546946412957
193.041 79.48516378351093
195.849 79.43906833872151
198.697 79.3691931297613
201.587 79.28049591842175
204.52 79.18195308559862
207.494 79.08860986950042
210.512 79.01239341281435
213.574 78.96132271554042
216.681 78.92736615857434
219.833 78.91453074191614
223.03 78.92180746556578
226.274 78.92816309131476
229.565 78.91758961916304
232.905 78.85106281090212
236.292 78.72161690474053
239.729 78.54418504336543
243.216 78.35877622677685
246.754 78.22136383587052
250.343 78.16194487064644
253.984 78.16551571200033
257.678 78.1950407408279
261.426 78.21451033802494
265.229 78.20789988448713
269.087 78.18320438021449
273.001 78.15741720610274
276.972 78.1405147430476
281.0 78.13148799104911
285.088 78.1232840927944
289.234 78.11793928649209
293.441 78.08640471482929
297.709 77.98567237780605
302.04 77.86469803721383
306.433 77.75751531215687
310.89 77.68407296442665
315.412 77.69435437491889
320.0 77.73933692452934
324.655 77.72801199415372
329.377 77.654374583792
334.168 77.53637745523571
339.028 77.43402560848476
343.959 77.41128880533068
348.962 77.4651344266692
354.038 77.54554785339602
359.188 77.59950846640687
364.412 77.53901826570177
369.713 77.34301439396788
375.09 77.12152547030949
380.546 76.93048363741381
386.081 76.80689289528081
391.697 76.80070800570196
397.394 76.81593696867728
403.175 76.77852292689393
409.039 76.69147649945619
414.989 76.55673782905124
421.025 76.41131591567911
427.149 76.28217352113124
433.362 76.18728102630335
439.665 76.1159818120912
446.06 76.05115564028624
452.548 75.97547989178418
459.131 75.8789353283765
465.809 75.7791459500632
472.584 75.67415051863571
479.458 75.54802479588554
486.432 75.3994361627084
493.507 75.239277
503.906 75.239277
509.766 75.440877
515.625 75.638577
521.484 75.831377
527.344 76.01867700000001
533.203 76.199577
539.062 76.373577
544.922 76.539777
550.781 76.697777
556.641 76.846877
562.5 76.98657700000001
568.359 77.11627700000001
574.219 77.23567700000001
580.078 77.34437700000001
585.938 77.44197700000001
591.797 77.528377
597.656 77.603477
603.516 77.667077
609.375 77.71937700000001
615.234 77.76047700000001
621.094 77.79047700000001
626.953 77.80977700000001
632.812 77.818877
638.672 77.818077
644.531 77.80797700000001
650.391 77.789077
656.25 77.762277
662.109 77.728077
667.969 77.68727700000001
673.828 77.64057700000001
679.688 77.58877700000001
685.547 77.532677
691.406 77.47287700000001
697.266 77.410077
703.125 77.344977
708.984 77.277877
714.844 77.209377
720.703 77.139677
726.562 77.06917700000001
732.422 76.997777
738.281 76.92567700000001
744.141 76.852677
750.0 76.778677
755.859 76.703377
761.719 76.626577
767.578 76.54777700000001
773.438 76.46687700000001
779.297 76.383177
785.156 76.296677
791.016 76.206877
796.875 76.113477
802.734 76.01647700000001
808.594 75.915577
814.453 75.810777
820.312 75.702177
826.172 75.589877
832.031 75.47407700000001
837.891 75.29467700000001
843.75 75.23357700000001
849.609 75.11017700000001
855.469 74.98527700000001
861.328 74.859477
867.188 74.73357700000001
873.047 74.608277
878.906 74.484477
884.766 74.36277700000001
890.625 74.244077
896.484 74.128777
902.344 74.017577
908.203 73.910977
914.062 73.80927700000001
919.922 73.71257700000001
925.781 73.62097700000001
931.641 73.534377
937.5 73.452477
943.359 73.374977
949.219 73.301377
955.078 73.231277
960.938 73.163977
966.797 73.098877
972.656 73.035677
978.516 72.973577
984.375 72.912577
990.234 72.85207700000001
996.094 72.792077
1001.95 72.732577
1007.81 72.673777
1013.67 72.615977
1019.53 72.55967700000001
1025.39 72.505577
1031.25 72.454277
1037.11 72.40687700000001
1042.97 72.36407700000001
1048.83 72.326977
1054.69 72.29647700000001
1060.55 72.273577
1066.41 72.258877
1072.27 72.25317700000001
1078.12 72.256977
1083.98 72.27037700000001
1089.84 72.29347700000001
1095.7 72.326177
1101.56 72.36797700000001
1107.42 72.418277
1113.28 72.476377
1119.14 72.54127700000001
1125.0 72.612077
1130.86 72.68767700000001
1136.72 72.767077
1142.58 72.849277
1148.44 72.93337700000001
1154.3 73.018477
1160.16 73.103977
1166.02 73.189077
1171.88 73.273477
1177.73 73.35677700000001
1183.59 73.438677
1189.45 73.519277
1195.31 73.598477
1201.17 73.676377
1207.03 73.75317700000001
1212.89 73.829077
1218.75 73.904577
1224.61 73.979777
1230.47 74.05497700000001
1236.33 74.130577
1242.19 74.206677
1248.05 74.283377
1253.91 74.360877
1259.77 74.439177
1265.62 74.51817700000001
1271.48 74.597477
1277.34 74.67707700000001
1283.2 74.756377
1289.06 74.835177
1294.92 74.912777
1300.78 74.988877
1306.64 75.06267700000001
1312.5 75.133877
1318.36 75.20187700000001
1324.22 75.266177
1330.08 75.326277
1335.94 75.381977
1341.8 75.432777
1347.66 75.478577
1353.52 75.519177
1359.38 75.55457700000001
1365.23 75.584677
1371.09 75.609677
1376.95 75.629677
1382.81 75.645077
1388.67 75.65597700000001
1394.53 75.662777
1400.39 75.665977
1406.25 75.66587700000001
1412.11 75.662977
1417.97 75.657577
1423.83 75.650177
1429.69 75.640977
1435.55 75.63037700000001
1441.41 75.618477
1447.27 75.60547700000001
1453.12 75.591577
1458.98 75.576677
1464.84 75.560677
1470.7 75.54347700000001
1476.56 75.524977
1482.42 75.504777
1488.28 75.48267700000001
1494.14 75.45827700000001
1500.0 75.431477
1505.86 75.40177700000001
1511.72 75.368977
1517.58 75.33277700000001
1523.44 75.29307700000001
1529.3 75.249677
1535.16 75.202577
1541.02 75.151677
1546.88 75.09697700000001
1552.73 75.03877700000001
1558.59 74.977277
1564.45 74.912777
1570.31 74.845577
1576.17 74.776077
1582.03 74.70487700000001
1587.89 74.632377
1593.75 74.559077
1599.61 74.485577
1605.47 74.412377
1611.33 74.339977
1617.19 74.268777
1623.05 74.19927700000001
1628.91 74.13167700000001
1634.77 74.066277
1640.62 74.00327700000001
1646.48 73.942677
1652.34 73.884477
1658.2 73.82857700000001
1664.06 73.774877
1669.92 73.722977
1675.78 73.67267700000001
1681.64 73.623677
1687.5 73.57557700000001
1693.36 73.52807700000001
1699.22 73.480777
1705.08 73.43337700000001
1710.94 73.385577
1716.8 73.33707700000001
1722.66 73.28787700000001
1728.52 73.237677
1734.38 73.186577
1740.23 73.134477
1746.09 73.081477
1751.95 73.027877
1757.81 72.97367700000001
1763.67 72.919177
1769.53 72.864777
1775.39 72.81057700000001
1781.25 72.75707700000001
1787.11 72.70447700000001
1792.97 72.65307700000001
1798.83 72.603177
1804.69 72.554777
1810.55 72.508177
1816.41 72.46337700000001
1822.27 72.420277
1828.12 72.378877
1833.98 72.33887700000001
1839.84 72.300077
1845.7 72.26217700000001
1851.56 72.224677
1857.42 72.187177
1863.28 72.149077
1869.14 72.11017700000001
1875.0 72.069677
1880.86 72.027277
1886.72 71.982577
1892.58 71.934977
1898.44 71.884277
1904.3 71.83027700000001
1910.16 71.772577
1916.02 71.711177
1921.88 71.645977
1927.73 71.577077
1933.59 71.504577
1939.45 71.428577
1945.31 71.349377
1951.17 71.267277
1957.03 71.18257700000001
1962.89 71.09567700000001
1968.75 71.006877
1974.61 70.916577
1980.47 70.824977
1986.33 70.732577
1992.19 70.63937700000001
1998.05 70.545677
2003.91 70.45137700000001
2009.77 70.356477
2015.62 70.26087700000001
2021.48 70.164277
2027.34 70.066477
2033.2 69.96687700000001
2039.06 69.865177
2044.92 69.76087700000001
2050.78 69.653277
2056.64 69.541877
2062.5 69.426077
2068.36 69.30537700000001
2074.22 69.179377
2080.08 69.047477
2085.94 68.909277
2091.8 68.764677
2097.66 68.613477
2103.52 68.455477
2109.38 68.290677
2115.23 68.119477
2121.09 67.94197700000001
2126.95 67.758677
2132.81 67.56997700000001
2138.67 67.376577
2144.53 67.179277
2150.39 66.97877700000001
2156.25 66.776177
2162.11 66.572377
2167.97 66.36837700000001
2173.83 66.165277
2179.69 65.964177
2185.55 65.766277
2191.41 65.57257700000001
2197.27 65.38417700000001
2203.12 65.202077
2208.98 65.02717700000001
2214.84 64.860377
2220.7 64.702577
2226.56 64.554377
2232.42 64.416477
2238.28 64.289377
2244.14 64.17357700000001
2250.0 64.069377
2255.86 63.976877
2261.72 63.896277
2267.58 63.827477
2273.44 63.77037700000001
2279.3 63.72457700000001
2285.16 63.689577
2291.02 63.66507700000001
2296.88 63.650377000000006
2302.73 63.644777000000005
2308.59 63.647677
2314.45 63.658277
2320.31 63.675977
2326.17 63.699977000000004
2332.03 63.729877
2337.89 63.764977
2343.75 63.80497700000001
2349.61 63.849377000000004
2355.47 63.897977
2361.33 63.950377
2367.19 64.006477
2373.05 64.065977
2378.91 64.128577
2384.77 64.19417700000001
2390.62 64.262277
2396.48 64.332577
2402.34 64.404477
2408.2 64.47747700000001
2414.06 64.550877
2419.92 64.62387700000001
2425.78 64.695777
2431.64 64.76557700000001
2437.5 64.832577
2443.36 64.89577700000001
2449.22 64.95437700000001
2455.08 65.007577
2460.94 65.054777
2466.8 65.09527700000001
2472.66 65.128577
2478.52 65.15437700000001
2484.38 65.172377
2490.23 65.182477
2496.09 65.184877
2501.95 65.179777
2507.81 65.156777
2513.67 65.134777
2519.53 65.11967700000001
2525.39 65.08967700000001
2531.25 65.055177
2537.11 65.017077
2542.97 64.976077
2548.83 64.933277
2554.69 64.889277
2560.55 64.845077
2566.41 64.801277
2572.27 64.758477
2578.12 64.716977
2583.98 64.67707700000001
2589.84 64.63897700000001
2595.7 64.60247700000001
2601.56 64.56737700000001
2607.42 64.533277
2613.28 64.499677
2619.14 64.466077
2625.0 64.43167700000001
2630.86 64.396077
2636.72 64.358377
2642.58 64.318077
2648.44 64.274777
2654.3 64.22797700000001
2660.16 64.17747700000001
2666.02 64.12307700000001
2671.88 64.06487700000001
2677.73 64.00317700000001
2683.59 63.938277
2689.45 63.87087700000001
2695.31 63.801477000000006
2701.17 63.731077
2707.03 63.66067700000001
2712.89 63.591177
2718.75 63.523677000000006
2724.61 63.45917700000001
2730.47 63.398577
2736.33 63.342777
2742.19 63.292377
2748.05 63.247777
2753.91 63.209277
2759.77 63.176777
2765.62 63.14997700000001
2771.48 63.128477000000004
2777.34 63.11147700000001
2783.2 63.09817700000001
2789.06 63.087777
2794.92 63.079077
2800.78 63.071177000000006
2806.64 63.063277
2812.5 63.05457700000001
2818.36 63.044377
2824.22 63.032177000000004
2830.08 63.017977
2835.94 63.001577
2841.8 62.983377000000004
2847.66 62.96387700000001
2853.52 62.943577000000005
2859.38 62.923677
2865.23 62.904977
2871.09 62.88887700000001
2876.95 62.876377000000005
2882.81 62.868877
2888.67 62.867377000000005
2894.53 62.87307700000001
2900.39 62.88677700000001
2906.25 62.908877000000004
2912.11 62.939977
2917.97 62.979877
2923.83 63.028277
2929.69 63.084777
2935.55 63.148577
2941.41 63.21847700000001
2947.27 63.293577
2953.12 63.372477
2958.98 63.45397700000001
2964.84 63.536877000000004
2970.7 63.619977000000006
2976.56 63.702377
2982.42 63.783077000000006
2988.28 63.86147700000001
2994.14 63.936977
3000.0 64.009377
3005.86 64.078377
3011.72 64.144277
3017.58 64.20697700000001
3023.44 64.267077
3029.3 64.324977
3035.16 64.381277
3041.02 64.43647700000001
3046.88 64.491377
3052.73 64.546577
3058.59 64.602777
3064.45 64.66027700000001
3070.31 64.71977700000001
3076.17 64.781377
3082.03 64.84527700000001
3087.89 64.911477
3093.75 64.979777
3099.61 65.049777
3105.47 65.121177
3111.33 65.19327700000001
3117.19 65.265377
3123.05 65.336777
3128.91 65.406677
3134.77 65.474277
3140.62 65.53877700000001
3146.48 65.59957700000001
3152.34 65.655777
3158.2 65.707077
3164.06 65.752977
3169.92 65.79307700000001
3175.78 65.82727700000001
3181.64 65.855377
3187.5 65.877477
3193.36 65.893777
3199.22 65.904477
3205.08 65.909977
3210.94 65.910677
3216.8 65.907177
3222.66 65.899977
3228.52 65.889577
3234.38 65.876677
3240.23 65.861777
3246.09 65.845377
3251.95 65.827777
3257.81 65.809477
3263.67 65.790677
3269.53 65.771477
3275.39 65.75187700000001
3281.25 65.731877
3287.11 65.71127700000001
3292.97 65.689777
3298.83 65.666977
3304.69 65.642577
3310.55 65.616077
3316.41 65.58707700000001
3322.27 65.555077
3328.12 65.519677
3333.98 65.48047700000001
3339.84 65.43727700000001
3345.7 65.38977700000001
3351.56 65.337877
3357.42 65.28147700000001
3363.28 65.22067700000001
3369.14 65.155677
3375.0 65.08667700000001
3380.86 65.01397700000001
3386.72 64.938277
3392.58 64.859877
3398.44 64.779477
3404.3 64.697677
3410.16 64.61537700000001
3416.02 64.532977
3421.88 64.45147700000001
3427.73 64.37137700000001
3433.59 64.29347700000001
3439.45 64.218177
3445.31 64.14617700000001
3451.17 64.07767700000001
3457.03 64.01307700000001
3462.89 63.952477
3468.75 63.896077000000005
3474.61 63.843677
3480.47 63.79517700000001
3486.33 63.750377
3492.19 63.708777
3498.05 63.670077000000006
3503.91 63.63377700000001
3509.77 63.59947700000001
3515.62 63.56657700000001
3521.48 63.534777000000005
3527.34 63.503477000000004
3533.2 63.472277000000005
3539.06 63.440877
3544.92 63.40897700000001
3550.78 63.376377000000005
3556.64 63.342877
3562.5 63.308577
3568.36 63.27337700000001
3574.22 63.237477
3580.08 63.20097700000001
3585.94 63.164277
3591.8 63.127577
3597.66 63.091277000000005
3603.52 63.055777000000006
3609.38 63.021477000000004
3615.23 62.988877
3621.09 62.958377
3626.95 62.930177
3632.81 62.90477700000001
3638.67 62.882177
3644.53 62.86277700000001
3650.39 62.84647700000001
3656.25 62.833177000000006
3662.11 62.822677
3667.97 62.81487700000001
3673.83 62.80927700000001
3679.69 62.80537700000001
3685.55 62.802677
3691.41 62.800577000000004
3697.27 62.798477000000005
3703.12 62.79557700000001
3708.98 62.791477
3714.84 62.78527700000001
3720.7 62.77667700000001
3726.56 62.764877
3732.42 62.749577
3738.28 62.730377000000004
3744.14 62.70697700000001
3750.0 62.67917700000001
3755.86 62.646877
3761.72 62.61027700000001
3767.58 62.569277
3773.44 62.524277
3779.3 62.475477
3785.16 62.423477000000005
3791.02 62.368577
3796.88 62.31137700000001
3802.73 62.252577
3808.59 62.19277700000001
3814.45 62.132577
3820.31 62.072677
3826.17 62.013577
3832.03 61.955977000000004
3837.89 61.900277
3843.75 61.84697700000001
3849.61 61.796277
3855.47 61.748577
3861.33 61.703877000000006
3867.19 61.662177
3873.05 61.623377000000005
3878.91 61.587277
3884.77 61.55367700000001
3890.62 61.52207700000001
3896.48 61.492377000000005
3902.34 61.463977
3908.2 61.43637700000001
3914.06 61.409377000000006
3919.92 61.382577
3925.78 61.35547700000001
3931.64 61.327877
3937.5 61.299677
3943.36 61.270577
3949.22 61.240677000000005
3955.08 61.209877000000006
3960.94 61.17827700000001
3966.8 61.146277
3972.66 61.113877
3978.52 61.081677
3984.38 61.049977
3990.23 61.019277
3996.09 60.990077
4001.95 60.96297700000001
4007.81 60.938377
4013.67 60.916977
4019.53 60.89917700000001
4025.39 60.88547700000001
4031.25 60.876277
4037.11 60.871877
4042.97 60.87257700000001
4048.83 60.878377
4054.69 60.88927700000001
4060.55 60.905077000000006
4066.41 60.92567700000001
4072.27 60.95057700000001
4078.12 60.979377
4083.98 61.01137700000001
4089.84 61.04597700000001
4095.7 61.08237700000001
4101.56 61.119877
4107.42 61.15767700000001
4113.28 61.19497700000001
4119.14 61.23097700000001
4125.0 61.264877
4130.86 61.296177
4136.72 61.324077
4142.58 61.34817700000001
4148.44 61.36797700000001
4154.3 61.383177
4160.16 61.393477000000004
4166.02 61.39877700000001
4171.88 61.398977
4177.73 61.38797700000001
4183.59 61.376277
4189.45 61.36027700000001
4195.31 61.34867700000001
4201.17 61.327177000000006
4207.03 61.30237700000001
4212.89 61.274877000000004
4218.75 61.245177
4224.61 61.21377700000001
4230.47 61.18127700000001
4236.33 61.148077
4242.19 61.114777000000004
4248.05 61.081877000000006
4253.91 61.049677
4259.77 61.018377
4265.62 60.988477
4271.48 60.95997700000001
4277.34 60.933077
4283.2 60.907877
4289.06 60.884277
4294.92 60.862477
4300.78 60.84217700000001
4306.64 60.823577
4312.5 60.806477
4318.36 60.790977
4324.22 60.776977
4330.08 60.764577
4335.94 60.753977000000006
4341.8 60.74507700000001
4347.66 60.738377
4353.52 60.73387700000001
4359.38 60.731877
4365.23 60.732977000000005
4371.09 60.737277000000006
4376.95 60.745377000000005
4382.81 60.757677
4388.67 60.774477000000005
4394.53 60.796277
4400.39 60.823577
4406.25 60.856677000000005
4412.11 60.895977
4417.97 60.941777
4423.83 60.994077000000004
4429.69 61.05327700000001
4435.55 61.119377
4441.41 61.192177
4447.27 61.27167700000001
4453.12 61.357577000000006
4458.98 61.449477
4464.84 61.54687700000001
4470.7 61.649377
4476.56 61.75617700000001
4482.42 61.86667700000001
4488.28 61.979977000000005
4494.14 62.09527700000001
4500.0 62.211777
4505.86 62.32857700000001
4511.72 62.444677
4517.58 62.559477
4523.44 62.671977
4529.3 62.781577
4535.16 62.887477000000004
4541.02 62.989177
4546.88 63.086177000000006
4552.73 63.17787700000001
4558.59 63.264077
4564.45 63.344577
4570.31 63.419177000000005
4576.17 63.487877
4582.03 63.55067700000001
4587.89 63.607777
4593.75 63.659277
4599.61 63.705477
4605.47 63.746677000000005
4611.33 63.78317700000001
4617.19 63.815377
4623.05 63.84357700000001
4628.91 63.868177
4634.77 63.88927700000001
4640.62 63.90727700000001
4646.48 63.922377
4652.34 63.934577000000004
4658.2 63.943877
4664.06 63.950377
4669.92 63.953877000000006
4675.78 63.954177
4681.64 63.95097700000001
4687.5 63.943877
4693.36 63.93257700000001
4699.22 63.916577000000004
4705.08 63.89537700000001
4710.94 63.868577
4716.8 63.835577
4722.66 63.796177
4728.52 63.749677000000005
4734.38 63.69587700000001
4740.23 63.634477000000004
4746.09 63.565077
4751.95 63.48777700000001
4757.81 63.40217700000001
4763.67 63.30847700000001
4769.53 63.206677
4775.39 63.096777
4781.25 62.97927700000001
4787.11 62.85427700000001
4792.97 62.722077
4798.83 62.583177000000006
4804.69 62.437877
4810.55 62.286677
4816.41 62.12997700000001
4822.27 61.96807700000001
4828.12 61.80157700000001
4833.98 61.630477
4839.84 61.45527700000001
4845.7 61.276077
4851.56 61.092777
4857.42 60.905477000000005
4863.28 60.713977
4869.14 60.517877
4875.0 60.31697700000001
4880.86 60.11067700000001
4886.72 59.89837700000001
4892.58 59.679477000000006
4898.44 59.45317700000001
4904.3 59.218677
4910.16 58.97537700000001
4916.02 58.72237700000001
4921.88 58.458777
4927.73 58.184077
4933.59 57.897377000000006
4939.45 57.59827700000001
4945.31 57.28617700000001
4951.17 56.96077700000001
4957.03 56.62177700000001
4962.89 56.269177
4968.75 55.903277
4974.61 55.524477000000005
4980.47 55.133577
4986.33 54.73177700000001
4992.19 54.320677
4998.05 53.902377
5003.91 53.479777
5009.77 53.056377
5015.62 52.636677000000006
5021.48 52.226077000000004
5027.34 51.830777000000005
5033.2 51.458077
5039.06 51.115877000000005
5044.92 50.812377000000005
5050.78 50.555777000000006
5056.64 50.353477000000005
5062.5 50.211377000000006
5068.36 50.133677000000006
5074.22 50.121977
5080.08 50.175277
5085.94 50.290077000000004
5091.8 50.460877
5097.66 50.68037700000001
5103.52 50.940377000000005
5109.38 51.23237700000001
5115.23 51.54787700000001
5121.09 51.879277
5126.95 52.21977700000001
5132.81 52.563377
5138.67 52.905477000000005
5144.53 53.24207700000001
5150.39 53.570177
5156.25 53.887477000000004
5162.11 54.192277000000004
5167.97 54.483377000000004
5173.83 54.760277
5179.69 55.02247700000001
5185.55 55.26987700000001
5191.41 55.502877
5197.27 55.721777
5203.12 55.927177
5208.98 56.119977000000006
5214.84 56.30077700000001
5220.7 56.47067700000001
5226.56 56.630677000000006
5232.42 56.781777000000005
5238.28 56.925077
5244.14 57.061677
5250.0 57.192577
5255.86 57.318577000000005
5261.72 57.44077700000001
5267.58 57.559977
5273.44 57.676777
5279.3 57.791877
5285.16 57.905677
5291.02 58.01857700000001
5296.88 58.13077700000001
5302.73 58.24247700000001
5308.59 58.35377700000001
5314.45 58.464477
5320.31 58.57467700000001
5326.17 58.684077
5332.03 58.79257700000001
5337.89 58.899877000000004
5343.75 59.00577700000001
5349.61 59.11017700000001
5355.47 59.212877000000006
5361.33 59.31357700000001
5367.19 59.412277
5373.05 59.508977
5378.91 59.603577
5384.77 59.696077
5390.62 59.786677
5396.48 59.875377
5402.34 59.962377000000004
5408.2 60.047977
5414.06 60.132277
5419.92 60.215777
5425.78 60.298477000000005
5431.64 60.380977
5437.5 60.46337700000001
5443.36 60.54607700000001
5449.22 60.629377000000005
5455.08 60.71337700000001
5460.94 60.798477000000005
5466.8 60.88467700000001
5472.66 60.972077
5478.52 61.060777
5484.38 61.150777000000005
5490.23 61.241777
5496.09 61.333577000000005
5501.95 61.42607700000001
5507.81 61.518777
5513.67 61.611377000000005
5519.53 61.703377
5525.39 61.79427700000001
5531.25 61.883577
5537.11 61.970777
5542.97 62.055277000000004
5548.83 62.136677000000006
5554.69 62.214477
5560.55 62.28827700000001
5566.41 62.357577000000006
5572.27 62.421977
5578.12 62.48137700000001
5583.98 62.535477
5589.84 62.58417700000001
5595.7 62.62727700000001
5601.56 62.664777
5607.42 62.696777
5613.28 62.72317700000001
5619.14 62.744377
5625.0 62.760277
5630.86 62.771277
5636.72 62.77757700000001
5642.58 62.77927700000001
5648.44 62.77667700000001
5654.3 62.770077
5660.16 62.75957700000001
5666.02 62.745377000000005
5671.88 62.727677
5677.73 62.706677
5683.59 62.68217700000001
5689.45 62.654477
5695.31 62.623377000000005
5701.17 62.588977
5707.03 62.55107700000001
5712.89 62.50957700000001
5718.75 62.464377
5724.61 62.415277
5730.47 62.362077
5736.33 62.304677
5742.19 62.24287700000001
5748.05 62.176677
5753.91 62.105777
5759.77 62.030277
5765.62 61.95007700000001
5771.48 61.86537700000001
5777.34 61.776177000000004
5783.2 61.682777
5789.06 61.585277000000005
5794.92 61.484077
5800.78 61.379577
5806.64 61.272277
5812.5 61.162577
5818.36 61.051277
5824.22 60.938877000000005
5830.08 60.826077
5835.94 60.713577
5841.8 60.602277
5847.66 60.49287700000001
5853.52 60.336777
5859.38 60.236277
5865.23 60.140377
5871.09 60.09867700000001
5876.95 60.011677000000006
5882.81 59.931177000000005
5888.67 59.85767700000001
5894.53 59.79177700000001
5900.39 59.73397700000001
5906.25 59.684577000000004
5912.11 59.64397700000001
5917.97 59.61237700000001
5923.83 59.589777
5929.69 59.576177
5935.55 59.571577000000005
5941.41 59.575677
5947.27 59.588177
5953.12 59.60887700000001
5958.98 59.637077000000005
5964.84 59.672377
5970.7 59.71427700000001
5976.56 59.76217700000001
5982.42 59.815477
5988.28 59.87347700000001
5994.14 59.935677
6000.0 60.00147700000001
6005.86 60.070277000000004
6011.72 60.141677
6017.58 60.214977000000005
6023.44 60.289877000000004
6029.3 60.365877
6035.16 60.442677
6041.02 60.519777000000005
6046.88 60.596877000000006
6052.73 60.67357700000001
6058.59 60.749577
6064.45 60.824477
6070.31 60.89787700000001
6076.17 60.969577
6082.03 61.038977
6087.89 61.105777
6093.75 61.169477
6099.61 61.22967700000001
6105.47 61.285877
6111.33 61.33757700000001
6117.19 61.384377
6123.05 61.425877
6128.91 61.461377
6134.77 61.49077700000001
6140.62 61.51347700000001
6146.48 61.52927700000001
6152.34 61.537777000000006
6158.2 61.53877700000001
6164.06 61.532077
6169.92 61.517677000000006
6175.78 61.495377000000005
6181.64 61.465277
6187.5 61.42747700000001
6193.36 61.38207700000001
6199.22 61.32937700000001
6205.08 61.269577
6210.94 61.20317700000001
6216.8 61.13027700000001
6222.66 61.051477000000006
6228.52 60.96717700000001
6234.38 60.877877
6240.23 60.78397700000001
6246.09 60.686077
6251.95 60.584377
6257.81 60.479577000000006
6263.67 60.371977
6269.53 60.261977
6275.39 60.149877000000004
6281.25 60.036077000000006
6287.11 59.920777
6292.97 59.804277
6298.83 59.68687700000001
6304.69 59.56867700000001
6310.55 59.449877
6316.41 59.330777
6322.27 59.211577000000005
6328.12 59.092577000000006
6333.98 58.973877
6339.84 58.85597700000001
6345.7 58.739277
6351.56 58.624077
6357.42 58.51097700000001
6363.28 58.400577
6369.14 58.29337700000001
6375.0 58.19027700000001
6380.86 58.09187700000001
6386.72 57.99897700000001
6392.58 57.912377000000006
6398.44 57.83287700000001
6404.3 57.76137700000001
6410.16 57.698577
6416.02 57.645177000000004
6421.88 57.601877
6427.73 57.569277
6433.59 57.547977
6439.45 57.538077
6445.31 57.54007700000001
6451.17 57.553977
6457.03 57.57977700000001
6462.89 57.617377000000005
6468.75 57.66627700000001
6474.61 57.72627700000001
6480.47 57.796577
6486.33 57.876677
6492.19 57.965677
6498.05 58.06277700000001
6503.91 58.166977
6509.77 58.277277
6515.62 58.392677000000006
6521.48 58.51217700000001
6527.34 58.63457700000001
6533.2 58.758977
6539.06 58.884377
6544.92 59.009877
6550.78 59.134377
6556.64 59.257377000000005
6562.5 59.377877
6568.36 59.495377000000005
6574.22 59.609277000000006
6580.08 59.719077
6585.94 59.824477
6591.8 59.925077
6597.66 60.020877
6603.52 60.11157700000001
6609.38 60.197277
6615.23 60.277877000000004
6621.09 60.353477
6626.95 60.424277000000004
6632.81 60.49037700000001
6638.67 60.55197700000001
6644.53 60.609277000000006
6650.39 60.662377000000006
6656.25 60.711477
6662.11 60.756777
6667.97 60.798377
6673.83 60.836177000000006
6679.69 60.870277
6685.55 60.900677
6691.41 60.927277000000004
6697.27 60.949877
6703.12 60.968377000000004
6708.98 60.982477
6714.84 60.991877
6720.7 60.996577
6726.56 60.996077
6732.42 60.990277000000006
6738.28 60.97887700000001
6744.14 60.96167700000001
6750.0 60.938677
6755.86 60.909777000000005
6761.72 60.874877
6767.58 60.83407700000001
6773.44 60.787577
6779.3 60.735577000000006
6785.16 60.678577000000004
6791.02 60.616777
6796.88 60.55077700000001
6802.73 60.481177
6808.59 60.408777
6814.45 60.33407700000001
6820.31 60.258177
6826.17 60.18167700000001
6832.03 60.10557700000001
6837.89 60.030777
6843.75 59.958177000000006
6849.61 59.888677
6855.47 59.823077
6861.33 59.762077000000005
6867.19 59.70657700000001
6873.05 59.656977
6878.91 59.613877
6884.77 59.577577000000005
6890.62 59.54857700000001
6896.48 59.52667700000001
6902.34 59.51217700000001
6908.2 59.504777000000004
6914.06 59.504177
6919.92 59.510177
6925.78 59.522277
6931.64 59.539877000000004
6937.5 59.562477
6943.36 59.58927700000001
6949.22 59.61967700000001
6955.08 59.65307700000001
6960.94 59.68857700000001
6966.8 59.725677000000005
6972.66 59.763777000000005
6978.52 59.80207700000001
6984.38 59.840277
6990.23 59.87777700000001
6996.09 59.91417700000001
7001.95 59.94927700000001
7007.81 59.982777
7013.67 60.014477
7019.53 60.044177000000005
7025.39 60.071977000000004
7031.25 60.09777700000001
7037.11 60.121677000000005
7042.97 60.14357700000001
7048.83 60.16367700000001
7054.69 60.181977
7060.55 60.198577
7066.41 60.21337700000001
7072.27 60.226577000000006
7078.12 60.237877
7083.98 60.247377
7089.84 60.25497700000001
7095.7 60.260277
7101.56 60.263277
7107.42 60.26347700000001
7113.28 60.260777000000004
7119.14 60.254777000000004
7125.0 60.24507700000001
7130.86 60.231277000000006
7136.72 60.213277000000005
7142.58 60.190477
7148.44 60.162677
7154.3 60.129577
7160.16 60.09097700000001
7166.02 60.046677
7171.88 59.996677000000005
7177.73 59.94067700000001
7183.59 59.878977000000006
7189.45 59.81147700000001
7195.31 59.738377
7201.17 59.65987700000001
7207.03 59.576177
7212.89 59.487877
7218.75 59.395077
7224.61 59.298277
7230.47 59.198077
7236.33 59.09477700000001
7242.19 58.988877
7248.05 58.880877
7253.91 58.77117700000001
7259.77 58.66037700000001
7265.62 58.548677
7271.48 58.436577
7277.34 58.32427700000001
7283.2 58.21217700000001
7289.06 58.10037700000001
7294.92 57.98907700000001
7300.78 57.87857700000001
7306.64 57.768777
7312.5 57.659977
7318.36 57.552177
7324.22 57.445577
7330.08 57.340377000000004
7335.94 57.236677
7341.8 57.134977000000006
7347.66 57.03537700000001
7353.52 56.938377
7359.38 56.844477
7365.23 56.754277
7371.09 56.66847700000001
7376.95 56.587677
7382.81 56.51267700000001
7388.67 56.444377
7394.53 56.38337700000001
7400.39 56.33067700000001
7406.25 56.286877000000004
7412.11 56.25277700000001
7417.97 56.228977
7423.83 56.21597700000001
7429.69 56.21427700000001
7435.55 56.224177
7441.41 56.245777000000004
7447.27 56.278977
7453.12 56.32377700000001
7458.98 56.37997700000001
7464.84 56.446877
7470.7 56.52417700000001
7476.56 56.611177
7482.42 56.707077
7488.28 56.81097700000001
7494.14 56.922077
7500.0 57.039377
7505.86 57.161777
7511.72 57.288177000000005
7517.58 57.417677
7523.44 57.615277000000006
7529.3 57.746877
7535.16 57.877877
7541.02 58.007377000000005
7546.88 58.068577000000005
7552.73 58.193477
7558.59 58.31487700000001
7564.45 58.43207700000001
7570.31 58.544377
7576.17 58.651477
7582.03 58.75277700000001
7587.89 58.847977
7593.75 58.93687700000001
7599.61 59.019377000000006
7605.47 59.09527700000001
7611.33 59.164677
7617.19 59.227677
7623.05 59.284377000000006
7628.91 59.335077
7634.77 59.380077
7640.62 59.419477
7646.48 59.453677
7652.34 59.48307700000001
7658.2 59.50797700000001
7664.06 59.528677
7669.92 59.545477000000005
7675.78 59.558677
7681.64 59.568477
7687.5 59.574977000000004
7693.36 59.57847700000001
7699.22 59.579077
7705.08 59.57677700000001
7710.94 59.571577000000005
7716.8 59.563477000000006
7722.66 59.55247700000001
7728.52 59.538477
7734.38 59.521277
7740.23 59.50107700000001
7746.09 59.47747700000001
7751.95 59.450677
7757.81 59.420477000000005
7763.67 59.387077000000005
7769.53 59.350277000000006
7775.39 59.310377
7781.25 59.267577
7787.11 59.22197700000001
7792.97 59.17397700000001
7798.83 59.12397700000001
7804.69 59.072277
7810.55 59.01947700000001
7816.41 58.966077
7822.27 58.912777000000006
7828.12 58.860077000000004
7833.98 58.808777000000006
7839.84 58.75957700000001
7845.7 58.713077
7851.56 58.669977
7857.42 58.630977
7863.28 58.596777
7869.14 58.56777700000001
7875.0 58.544577000000004
7880.86 58.52767700000001
7886.72 58.517177000000004
7892.58 58.513577
7898.44 58.516777000000005
7904.3 58.526977
7910.16 58.544077
7916.02 58.56787700000001
7921.88 58.59817700000001
7927.73 58.63457700000001
7933.59 58.67657700000001
7939.45 58.723877
7945.31 58.775777000000005
7951.17 58.831877000000006
7957.03 58.89147700000001
7962.89 58.954077
7968.75 59.01897700000001
7974.61 59.08577700000001
7980.47 59.153777000000005
7986.33 59.222577
7992.19 59.29177700000001
7998.05 59.360877
8003.91 59.429677
8009.77 59.497777
8015.62 59.565177000000006
8021.48 59.63157700000001
8027.34 59.696977000000004
8033.2 59.76137700000001
8039.06 59.82467700000001
8044.92 59.886977
8050.78 59.94847700000001
8056.64 60.009077000000005
8062.5 60.068977000000004
8068.36 60.12827700000001
8074.22 60.186977
8080.08 60.24507700000001
8085.94 60.302677
8091.8 60.359577
8097.66 60.415777000000006
8103.52 60.470977000000005
8109.38 60.52507700000001
8115.23 60.57767700000001
8121.09 60.62857700000001
8126.95 60.677277000000004
8132.81 60.723377
8138.67 60.766577
8144.53 60.80627700000001
8150.39 60.84217700000001
8156.25 60.873777000000004
8162.11 60.900677
8167.97 60.922577000000004
8173.83 60.93897700000001
8179.69 60.949877
8185.55 60.95487700000001
8191.41 60.95397700000001
8197.27 60.94707700000001
8203.12 60.93427700000001
8208.98 60.915577
8214.84 60.891177
8220.7 60.86147700000001
8226.56 60.826677000000004
8232.42 60.787277
8238.28 60.743677000000005
8244.14 60.696377
8250.0 60.645977
8255.86 60.593177
8261.72 60.53837700000001
8267.58 60.48227700000001
8273.44 60.425577000000004
8279.3 60.36877700000001
8285.16 60.312377
8291.02 60.25707700000001
8296.88 60.20317700000001
8302.73 60.151077
8308.59 60.10127700000001
8314.45 60.053977
8320.31 60.009377
8326.17 59.96767700000001
8332.03 59.928877
8337.89 59.893277
8343.75 59.860577000000006
8349.61 59.830877
8355.47 59.80417700000001
8361.33 59.780277
8367.19 59.759077000000005
8373.05 59.740477
8378.91 59.724377000000004
8384.77 59.710677000000004
8390.62 59.69927700000001
8396.48 59.690077
8402.34 59.68297700000001
8408.2 59.677977
8414.06 59.675177000000005
8419.92 59.67437700000001
8425.78 59.67577700000001
8431.64 59.679377
8437.5 59.685277
8443.36 59.693477
8449.22 59.704077
8455.08 59.71727700000001
8460.94 59.732977000000005
8466.8 59.75147700000001
8472.66 59.772677
8478.52 59.796577
8484.38 59.823277000000004
8490.23 59.852677
8496.09 59.88457700000001
8501.95 59.918977
8507.81 59.955577000000005
8513.67 59.994077000000004
8519.53 60.034177
8525.39 60.07557700000001
8531.25 60.117777000000004
8537.11 60.16027700000001
8542.97 60.202577000000005
8548.83 60.24417700000001
8554.69 60.284577
8560.55 60.323177
8566.41 60.35937700000001
8572.27 60.39277700000001
8578.12 60.422877
8583.98 60.449177000000006
8589.84 60.471277
8595.7 60.488777
8601.56 60.501577
8607.42 60.509277
8613.28 60.51177700000001
8619.14 60.508977
8625.0 60.500877
8630.86 60.487477
8636.72 60.469077
8642.58 60.445577
8648.44 60.417277
8654.3 60.384377
8660.16 60.347277000000005
8666.02 60.306077
8671.88 60.261177
8677.73 60.212877000000006
8683.59 60.161377
8689.45 60.106977
8695.31 60.049777000000006
8701.17 59.990077
8707.03 59.92787700000001
8712.89 59.863377
8718.75 59.79647700000001
8724.61 59.727177
8730.47 59.655377
8736.33 59.580977000000004
8742.19 59.503877
8748.05 59.423777
8753.91 59.34047700000001
8759.77 59.253777
8765.62 59.163477
8771.48 59.069377
8777.34 58.971277
8783.2 58.869077000000004
8789.06 58.762777
8794.92 58.652277
8800.78 58.537677
8806.64 58.418977
8812.5 58.29637700000001
8818.36 58.170277
8824.22 58.040977
8830.08 57.908877000000004
8835.94 57.774477000000005
8841.8 57.638377000000006
8847.66 57.501277
8853.52 57.36357700000001
8859.38 57.226377
8865.23 57.09007700000001
8871.09 56.95567700000001
8876.95 56.82387700000001
8882.81 56.69537700000001
8888.67 56.570977
8894.53 56.451177
8900.39 56.336777
8906.25 56.228177
8912.11 56.125877
8917.97 56.03017700000001
8923.83 55.941477000000006
8929.69 55.859877
8935.55 55.785477
8941.41 55.718177
8947.27 55.657977
8953.12 55.604577000000006
8958.98 55.557677
8964.84 55.51697700000001
8970.7 55.48217700000001
8976.56 55.452577000000005
8982.42 55.42787700000001
8988.28 55.407577
8994.14 55.39097700000001
9000.0 55.37777700000001
9005.86 55.367377000000005
9011.72 55.359277000000006
9017.58 55.353077
9023.44 55.348577000000006
9029.3 55.34517700000001
9035.16 55.342777
9041.02 55.341177
9046.88 55.340277
9052.73 55.339877
9058.59 55.34007700000001
9064.45 55.340777
9070.31 55.342077
9076.17 55.344077
9082.03 55.346877000000006
9087.89 55.350477
9093.75 55.354977000000005
9099.61 55.36027700000001
9105.47 55.366377
9111.33 55.37307700000001
9117.19 55.38027700000001
9123.05 55.387477000000004
9128.91 55.394577
9134.77 55.40087700000001
9140.62 55.405877000000004
9146.48 55.40897700000001
9152.34 55.40947700000001
9158.2 55.406777000000005
9164.06 55.40007700000001
9169.92 55.388577
9175.78 55.371477
9181.64 55.34827700000001
9187.5 55.31827700000001
9193.36 55.250977000000006
9199.22 55.20097700000001
9205.08 55.14237700000001
9210.94 55.07507700000001
9216.8 54.99887700000001
9222.66 54.947777
9228.52 54.858277
9234.38 54.759877
9240.23 54.65297700000001
9246.09 54.53787700000001
9251.95 54.41497700000001
9257.81 54.284777000000005
9263.67 54.147777000000005
9269.53 54.004777000000004
9275.39 53.85637700000001
9281.25 53.703377
9287.11 53.54637700000001
9292.97 53.386177
9298.83 53.223477
9304.69 53.05887700000001
9310.55 52.893077000000005
9316.41 52.726577000000006
9322.27 52.55977700000001
9328.12 52.392977
9333.98 52.226677
9339.84 52.060777
9345.7 51.895577
9351.56 51.730977
9357.42 51.566977
9363.28 51.403577000000006
9369.14 51.240677000000005
9375.0 51.07807700000001
9380.86 50.915777000000006
9386.72 50.753677
9392.58 50.59177700000001
9398.44 50.430277000000004
9404.3 50.269077
9410.16 50.10867700000001
9416.02 49.949277
9421.88 49.791277
9427.73 49.635377000000005
9433.59 49.48197700000001
9439.45 49.331977
9445.31 49.186077000000004
9451.17 49.045077000000006
9457.03 48.909877
9462.89 48.781277
9468.75 48.66027700000001
9474.61 48.54747700000001
9480.47 48.44387700000001
9486.33 48.349977
9492.19 48.266477
9498.05 48.193777000000004
9503.91 48.132177000000006
9509.77 48.081977
9515.62 48.04297700000001
9521.48 48.015277000000005
9527.34 47.998377000000005
9533.2 47.991777000000006
9539.06 47.994777000000006
9544.92 48.006677
9550.78 48.02647700000001
9556.64 48.053177000000005
9562.5 48.085477000000004
9568.36 48.122277000000004
9574.22 48.162277
9580.08 48.204077000000005
9585.94 48.246577
9591.8 48.28847700000001
9597.66 48.328577
9603.52 48.365777
9609.38 48.399177
9615.23 48.427777000000006
9621.09 48.450877000000006
9626.95 48.467877
9632.81 48.478277000000006
9638.67 48.481877000000004
9644.53 48.478377
9650.39 48.467877
9656.25 48.450377
9662.11 48.42607700000001
9667.97 48.395377
9673.83 48.358577000000004
9679.69 48.31607700000001
9685.55 48.268377
9691.41 48.215977
9697.27 48.15917700000001
9703.12 48.098277
9708.98 48.03377700000001
9714.84 47.965777
9720.7 47.894377000000006
9726.56 47.819477000000006
9732.42 47.741077000000004
9738.28 47.65877700000001
9744.14 47.572377
9750.0 47.481377
9755.86 47.385377000000005
9761.72 47.283677000000004
9767.58 47.17587700000001
9773.44 47.061477000000004
9779.3 46.939877
9785.16 46.810877000000005
9791.02 46.674077000000004
9796.88 46.529577
9802.73 46.37727700000001
9808.59 46.217577000000006
9814.45 46.050977
9820.31 45.878277000000004
9826.17 45.70047700000001
9832.03 45.51897700000001
9837.89 45.335177
9843.75 45.150877
9849.61 44.967977000000005
9855.47 44.78867700000001
9861.33 44.615177
9867.19 44.449877
9873.05 44.294977
9878.91 44.15277700000001
9884.77 44.025477
9890.62 43.915077000000004
9896.48 43.823277000000004
9902.34 43.751677
9908.2 43.701377
9914.06 43.673177
9919.92 43.667477000000005
9925.78 43.684377000000005
9931.64 43.723377000000006
9937.5 43.78377700000001
9943.36 43.864477
9949.22 43.96397700000001
9955.08 44.080577000000005
9960.94 44.21227700000001
9966.8 44.357077000000004
9972.66 44.51257700000001
9978.52 44.676677000000005
9984.38 44.846877000000006
9990.23 45.020877000000006
9996.09 45.196677
10002.0 45.371977
10007.8 45.545077000000006
10013.7 45.714077
10019.5 45.877577
10025.4 46.03417700000001
10031.2 46.182877000000005
10037.1 46.322877000000005
10043.0 46.45347700000001
10048.8 46.574577000000005
10054.7 46.685877000000005
10060.5 46.787477
10066.4 46.879777000000004
10072.3 46.963077000000006
10078.1 47.038177000000005
10084.0 47.10567700000001
10089.8 47.166577000000004
10095.7 47.22167700000001
10101.6 47.27197700000001
10107.4 47.318277
10113.3 47.36167700000001
10119.1 47.40277700000001
10125.0 47.44237700000001
10130.9 47.481077000000006
10136.7 47.519277
10142.6 47.55707700000001
10148.4 47.59477700000001
10154.3 47.632077
10160.2 47.668777000000006
10166.0 47.704377
10171.9 47.738277000000004
10177.7 47.769777000000005
10183.6 47.797977
10189.5 47.822177
10195.3 47.841177
10201.2 47.85437700000001
10207.0 47.860677
10212.9 47.859377
10218.8 47.84967700000001
10224.6 47.83107700000001
10230.5 47.802877
10236.3 47.764877000000006
10242.2 47.71677700000001
10248.0 47.658677000000004
10253.9 47.59047700000001
10259.8 47.512677000000004
10265.6 47.425477
10271.5 47.32957700000001
10277.3 47.225677000000005
10283.2 47.114477
10289.1 46.996977
10294.9 46.874177
10300.8 46.746877000000005
10306.6 46.616277000000004
10312.5 46.483377000000004
10318.4 46.348877
10324.2 46.21377700000001
10330.1 46.078777
10335.9 45.944477000000006
10341.8 45.81137700000001
10347.7 45.679777
10353.5 45.549877
10359.4 45.421877
10365.2 45.295677000000005
10371.1 45.17117700000001
10377.0 45.048577
10382.8 44.92757700000001
10388.7 44.808477
10394.5 44.691477000000006
10400.4 44.57677700000001
10406.2 44.465177000000004
10412.1 44.35737700000001
10418.0 44.254577000000005
10423.8 44.157977
10429.7 44.069177
10435.5 43.98987700000001
10441.4 43.921977000000005
10447.3 43.867277
10453.1 43.827677
10459.0 43.804877000000005
10464.8 43.800577000000004
10470.7 43.81587700000001
10476.6 43.851977000000005
10482.4 43.909477
10488.3 43.98857700000001
10494.1 44.089277
10500.0 44.211077
10505.9 44.353077000000006
10511.7 44.51427700000001
10517.6 44.693077
10523.4 44.88797700000001
10529.3 45.097177
10535.2 45.318777000000004
10541.0 45.550777000000004
10546.9 45.791277
10552.7 46.038377000000004
10558.6 46.29017700000001
10564.5 46.544977
10570.3 46.800977
10576.2 47.056577000000004
10582.0 47.310277000000006
10587.9 47.560777
10593.8 47.806577000000004
10599.6 48.046577000000006
10605.5 48.27967700000001
10611.3 48.50487700000001
10617.2 48.72127700000001
10623.0 48.928177000000005
10628.9 49.124877000000005
10634.8 49.310977
10640.6 49.486077
10646.5 49.64997700000001
10652.3 49.80257700000001
10658.2 49.943977000000004
10664.1 50.074177000000006
10669.9 50.193577000000005
10675.8 50.302477
10681.6 50.40127700000001
10687.5 50.490677000000005
10693.4 50.571077
10699.2 50.643077000000005
10705.1 50.707277000000005
10710.9 50.764377
10716.8 50.814877
10722.7 50.859277000000006
10728.5 50.897977000000004
10734.4 50.931377000000005
10740.2 50.959677000000006
10746.1 50.983177000000005
10752.0 51.001777000000004
10757.8 51.015477000000004
10763.7 51.024177
10769.5 51.027477000000005
10775.4 51.025277
10781.2 51.017177000000004
10787.1 51.002577
10793.0 50.981177
10798.8 50.952477
10804.7 50.916077
10810.5 50.871577
10816.4 50.818777000000004
10822.3 50.757377000000005
10828.1 50.687277
10834.0 50.60847700000001
10839.8 50.521177
10845.7 50.42567700000001
10851.6 50.322477000000006
10857.4 50.212077
10863.3 50.029177000000004
10869.1 49.90617700000001
10875.0 49.779777
10880.9 49.651377000000004
10886.7 49.522277
10892.6 49.394177000000006
10898.4 49.268677000000004
10904.3 49.213877000000004
10910.2 49.09777700000001
10916.0 48.988677
10921.9 48.888277
10927.7 48.797977
10933.6 48.719477000000005
10939.5 48.654077
10945.3 48.602977
10951.2 48.567077000000005
10957.0 48.547277
10962.9 48.543977000000005
10968.8 48.557377
10974.6 48.587577
10980.5 48.634177
10986.3 48.696577000000005
10992.2 48.774177
10998.0 48.865877000000005
11003.9 48.970377000000006
11009.8 49.086477
11015.6 49.212677000000006
11021.5 49.347277000000005
11027.3 49.488877
11033.2 49.63587700000001
11039.1 49.786677000000005
11044.9 49.93977700000001
11050.8 50.093877000000006
11056.6 50.247677
11062.5 50.400077
11068.4 50.550177000000005
11074.2 50.69707700000001
11080.1 50.84027700000001
11085.9 50.979277
11091.8 51.113777000000006
11097.7 51.243477000000006
11103.5 51.368477000000006
11109.4 51.488677
11115.2 51.60417700000001
11121.1 51.715177000000004
11127.0 51.821777000000004
11132.8 51.92417700000001
11138.7 52.022577000000005
11144.5 52.117077
11150.4 52.207677000000004
11156.2 52.294377000000004
11162.1 52.37707700000001
11168.0 52.45567700000001
11173.8 52.529877
11179.7 52.599277
11185.5 52.663577000000004
11191.4 52.722177
11197.3 52.77467700000001
11203.1 52.82047700000001
11209.0 52.85887700000001
11214.8 52.889477
11220.7 52.911677
11226.6 52.92487700000001
11232.4 52.928577000000004
11238.3 52.922577000000004
11244.1 52.906377000000006
11250.0 52.87987700000001
11255.9 52.842977000000005
11261.7 52.79557700000001
11267.6 52.737977
11273.4 52.670377
11279.3 52.593177
11285.2 52.506777
11291.0 52.41197700000001
11296.9 52.309477
11302.7 52.20007700000001
11308.6 52.084677000000006
11314.5 51.964277
11320.3 51.839977000000005
11326.2 51.712777
11332.0 51.583877
11337.9 51.454377
11343.8 51.325377
11349.6 51.197877000000005
11355.5 51.072977
11361.3 50.951677000000004
11367.2 50.834877000000006
11373.0 50.723477
11378.9 50.618177
11384.8 50.519777000000005
11390.6 50.428777000000004
11396.5 50.345877
11402.3 50.271477000000004
11408.2 50.205877
11414.1 50.149477000000005
11419.9 50.102377000000004
11425.8 50.064877
11431.6 50.036877000000004
11437.5 50.018377
11443.4 50.00937700000001
11449.2 50.00957700000001
11455.1 50.018877
11460.9 50.036777
11466.8 50.063177
11472.7 50.097377
11478.5 50.139177000000004
11484.4 50.18807700000001
11490.2 50.243477000000006
11496.1 50.304977
11502.0 50.372077000000004
11507.8 50.44427700000001
11513.7 50.521077000000005
11519.5 50.602077
11525.4 50.686877
11531.2 50.775177000000006
11537.1 50.866477
11543.0 50.960477000000004
11548.8 51.056977
11554.7 51.155477000000005
11560.5 51.255877000000005
11566.4 51.357677
11572.3 51.46057700000001
11578.1 51.564077000000005
11584.0 51.66797700000001
11589.8 51.771677000000004
11595.7 51.874677000000005
11601.6 51.976477
11607.4 52.076377
11613.3 52.173977
11619.1 52.268477000000004
11625.0 52.359277000000006
11630.9 52.44587700000001
11636.7 52.527477000000005
11642.6 52.603577
11648.4 52.673677
11654.3 52.737277000000006
11660.2 52.793977
11666.0 52.843377000000004
11671.9 52.885277
11677.7 52.919577000000004
11683.6 52.946077
11689.5 52.964977000000005
11695.3 52.97627700000001
11701.2 52.980277
11707.0 52.977277
11712.9 52.96767700000001
11718.8 52.95187700000001
11724.6 52.93037700000001
11730.5 52.90387700000001
11736.3 52.872877
11742.2 52.83797700000001
11748.0 52.79987700000001
11753.9 52.758977
11759.8 52.716077
11765.6 52.671677
11771.5 52.62607700000001
11777.3 52.579977
11783.2 52.53357700000001
11789.1 52.487277000000006
11794.9 52.441377
11800.8 52.395977
11806.6 52.35117700000001
11812.5 52.307177
11818.4 52.263977000000004
11824.2 52.221577
11830.1 52.179977
11835.9 52.139177000000004
11841.8 52.098977000000005
11847.7 52.059477
11853.5 52.020677000000006
11859.4 51.982577000000006
11865.2 51.945177
11871.1 51.908577
11877.0 51.872877
11882.8 51.838277000000005
11888.7 51.805077000000004
11894.5 51.773377
11900.4 51.743577
11906.2 51.715877000000006
11912.1 51.690677
11918.0 51.66837700000001
11923.8 51.649377
11929.7 51.633977
11935.5 51.622477
11941.4 51.615277000000006
11947.3 51.612777
11953.1 51.614977
11959.0 51.622277000000004
11964.8 51.63477700000001
11970.7 51.652477000000005
11976.6 51.675377000000005
11982.4 51.703377
11988.3 51.736377000000005
11994.1 51.773977
12000.0 51.81587700000001
12005.9 51.861777000000004
12011.7 51.910977
12017.6 51.963177
12023.4 52.017677000000006
12029.3 52.073977000000006
12035.2 52.131177
12041.0 52.188977
12046.9 52.246477000000006
12052.7 52.303177000000005
12058.6 52.358577000000004
12064.5 52.41207700000001
12070.3 52.463177
12076.2 52.511577
12082.0 52.556877
12087.9 52.598877
12093.8 52.637277
12099.6 52.672177000000005
12105.5 52.703277
12111.3 52.73097700000001
12117.2 52.755077
12123.0 52.775777000000005
12128.9 52.79347700000001
12134.8 52.808177
12140.6 52.820277000000004
12146.5 52.829977
12152.3 52.83747700000001
12158.2 52.842977000000005
12164.1 52.846677
12169.9 52.848777
12175.8 52.849377000000004
12181.6 52.848377
12187.5 52.845877
12193.4 52.841677000000004
12199.2 52.835577
12205.1 52.827577000000005
12210.9 52.817177
12216.8 52.804277
12222.7 52.78827700000001
12228.5 52.76907700000001
12234.4 52.746077
12240.2 52.719077
12246.1 52.68767700000001
12252.0 52.651477
12257.8 52.61027700000001
12263.7 52.56397700000001
12269.5 52.51217700000001
12275.4 52.455077
12281.2 52.392477
12287.1 52.324677
12293.0 52.251677
12298.8 52.173977
12304.7 52.09177700000001
12310.5 52.005677000000006
12316.4 51.916177000000005
12322.3 51.823977000000006
12328.1 51.729577000000006
12334.0 51.633777
12339.8 51.537377000000006
12345.7 51.44107700000001
12351.6 51.345577000000006
12357.4 51.251777000000004
12363.3 51.160177000000004
12369.1 51.071577000000005
12375.0 50.986477
12380.9 50.905377
12386.7 50.828677000000006
12392.6 50.75677700000001
12398.4 50.689877
12404.3 50.627977
12410.2 50.571277
12416.0 50.519677
12421.9 50.47297700000001
12427.7 50.430977000000006
12433.6 50.393477000000004
12439.5 50.36017700000001
12445.3 50.330577000000005
12451.2 50.304577
12457.0 50.281577000000006
12462.9 50.261377
12468.8 50.243577
12474.6 50.227977
12480.5 50.214277
12486.3 50.202377000000006
12492.2 50.192077000000005
12498.0 50.18337700000001
12503.9 50.176177
12509.8 50.170577
12515.6 50.16667700000001
12521.5 50.164577
12527.3 50.164377
12533.2 50.171077000000004
12539.1 50.176577
12544.9 50.184477
12550.8 50.194777
12556.6 50.207477000000004
12562.5 50.222677000000004
12568.4 50.24007700000001
12574.2 50.25957700000001
12580.1 50.272877
12585.9 50.29447700000001
12591.8 50.317177
12597.7 50.34047700000001
12603.5 50.364077
12609.4 50.387177
12615.2 50.409277
12621.1 50.429677000000005
12627.0 50.447777
12632.8 50.462777
12638.7 50.474177000000005
12644.5 50.481277000000006
12650.4 50.48347700000001
12656.2 50.480277
12662.1 50.47127700000001
12668.0 50.45627700000001
12673.8 50.434777000000004
12679.7 50.406877
12685.5 50.372477
12691.4 50.331777
12697.3 50.284877
12703.1 50.23217700000001
12709.0 50.173977
12714.8 50.110977000000005
12720.7 50.043577000000006
12726.6 49.972377
12732.4 49.89807700000001
12738.3 49.821077
12744.1 49.742077
12750.0 49.661477000000005
12755.9 49.57977700000001
12761.7 49.497277000000004
12767.6 49.414077000000006
12773.4 49.330377000000006
12779.3 49.245977
12785.2 49.160877000000006
12791.0 49.074577000000005
12796.9 48.98667700000001
12802.7 48.89657700000001
12808.6 48.803777000000004
12814.5 48.707277000000005
12820.3 48.606477000000005
12826.2 48.500477000000004
12832.0 48.388477
12837.9 48.269577000000005
12843.8 48.143077000000005
12849.6 48.008177
12855.5 47.864577000000004
12861.3 47.711577000000005
12867.2 47.549077000000004
12873.0 47.37687700000001
12878.9 47.195077000000005
12884.8 47.003977000000006
12890.6 46.804177
12896.5 46.596177000000004
12902.3 46.381077000000005
12908.2 46.159777000000005
12914.1 45.933777000000006
12919.9 45.704277000000005
12925.8 45.47297700000001
12931.6 45.24137700000001
12937.5 45.011177
12943.4 44.784077
12949.2 44.561677
12955.1 44.345377000000006
12960.9 44.136777
12966.8 43.936977000000006
12972.7 43.747077000000004
12978.5 43.568077
12984.4 43.400377000000006
12990.2 43.24457700000001
12996.1 43.100777
13002.0 42.968877000000006
13007.8 42.848777000000005
13013.7 42.73987700000001
13019.5 42.641577000000005
13025.4 42.553177000000005
13031.2 42.473677
13037.1 42.402277000000005
13043.0 42.337877000000006
13048.8 42.279577
13054.7 42.22637700000001
13060.5 42.177477
13066.4 42.132077
13072.3 42.089577000000006
13078.1 42.049477
13084.0 42.011377
13089.8 41.975277000000006
13095.7 41.940977000000004
13101.6 41.908677000000004
13107.4 41.878877
13113.3 41.851777000000006
13119.1 41.82827700000001
13125.0 41.808977000000006
13130.9 41.79467700000001
13136.7 41.786477000000005
13142.6 41.785377000000004
13148.4 41.792277000000006
13154.3 41.80817700000001
13160.2 41.83407700000001
13166.0 41.870777000000004
13171.9 41.918877
13177.7 41.978877000000004
13183.6 42.051277000000006
13189.5 42.13587700000001
13195.3 42.232777000000006
13201.2 42.341377
13207.0 42.461177000000006
13212.9 42.591177
13218.8 42.730277
13224.6 42.877177
13230.5 43.030377
13236.3 43.188177
13242.2 43.348777000000005
13248.0 43.510377000000005
13253.9 43.671077000000004
13259.8 43.828977
13265.6 43.982277
13271.5 44.129377000000005
13277.3 44.268477000000004
13283.2 44.398377
13289.1 44.517777
13294.9 44.62577700000001
13300.8 44.721577
13306.6 44.804577
13312.5 44.874677000000005
13318.4 44.931577000000004
13324.2 44.975677000000005
13330.1 45.007077
13335.9 45.026577
13341.8 45.034877
13347.7 45.032777
13353.5 45.021477000000004
13359.4 45.001977000000004
13365.2 44.975477000000005
13371.1 44.943477
13377.0 44.907077
13382.8 44.867577000000004
13388.7 44.826277000000005
13394.5 44.784277
13400.4 44.74267700000001
13406.2 44.702477
13412.1 44.664477000000005
13418.0 44.629277
13423.8 44.597477000000005
13429.7 44.569377
13435.5 44.545177
13441.4 44.52497700000001
13447.3 44.508777
13453.1 44.496377
13459.0 44.487477000000005
13464.8 44.481677000000005
13470.7 44.478677000000005
13476.6 44.478077000000006
13482.4 44.479477
13488.3 44.482577000000006
13494.1 44.486977
13500.0 44.49267700000001
13505.9 44.499377
13511.7 44.507077
13517.6 44.51597700000001
13523.4 44.52627700000001
13529.3 44.538277
13535.2 44.552477
13541.0 44.569177
13546.9 44.58917700000001
13552.7 44.612977
13558.6 44.641277
13564.5 44.674777000000006
13570.3 44.71397700000001
13576.2 44.75957700000001
13582.0 44.812077
13587.9 44.871977
13593.8 44.93937700000001
13599.6 45.014677000000006
13605.5 45.097877000000004
13611.3 45.188877000000005
13617.2 45.287477
13623.0 45.393177
13628.9 45.505577
13634.8 45.62387700000001
13640.6 45.74737700000001
13646.5 45.875077000000005
13652.3 46.005977
13658.2 46.138977000000004
13664.1 46.27307700000001
13669.9 46.406977000000005
13675.8 46.539677000000005
13681.6 46.669977
13687.5 46.796977000000005
13693.4 46.919577000000004
13699.2 47.036877000000004
13705.1 47.14827700000001
13710.9 47.252977
13716.8 47.350677000000005
13722.7 47.440977000000004
13728.5 47.523577
13734.4 47.598577000000006
13740.2 47.666077
13746.1 47.72617700000001
13752.0 47.77927700000001
13757.8 47.825777
13763.7 47.866277000000004
13769.5 47.90127700000001
13775.4 47.931277
13781.2 47.957077000000005
13787.1 47.979077000000004
13793.0 47.998077
13798.8 48.014377
13804.7 48.028577000000006
13810.5 48.040977000000005
13816.4 48.051877000000005
13822.3 48.061477000000004
13828.1 48.069777
13834.0 48.07697700000001
13839.8 48.08277700000001
13845.7 48.087077
13851.6 48.089677
13857.4 48.090177000000004
13863.3 48.088277000000005
13869.1 48.083677
13875.0 48.075977
13880.9 48.06477700000001
13886.7 48.049977000000005
13892.6 48.031277
13898.4 48.008477000000006
13904.3 47.981777
13910.2 47.950977
13916.0 47.916577000000004
13921.9 47.87857700000001
13927.7 47.837677000000006
13933.6 47.794377000000004
13939.5 47.749277000000006
13945.3 47.70307700000001
13951.2 47.656577000000006
13957.0 47.610777000000006
13962.9 47.566377
13968.8 47.524477000000005
13974.6 47.485677
13980.5 47.451077000000005
13986.3 47.42117700000001
13992.2 47.39677700000001
13998.0 47.37837700000001
14003.9 47.366277000000004
14009.8 47.360777000000006
14015.6 47.361977
14021.5 47.369777000000006
14027.3 47.383877000000005
14033.2 47.403977000000005
14039.1 47.429477000000006
14044.9 47.459677000000006
14050.8 47.493777
14056.6 47.53077700000001
14062.5 47.569777
14068.4 47.609677000000005
14074.2 47.649477000000005
14080.1 47.68807700000001
14085.9 47.72447700000001
14091.8 47.757577000000005
14097.7 47.786577
14103.5 47.810777
14109.4 47.829377
14115.2 47.841877000000004
14121.1 47.84797700000001
14127.0 47.847577
14132.8 47.84047700000001
14138.7 47.82697700000001
14144.5 47.807377
14150.4 47.782077
14156.2 47.751777000000004
14162.1 47.717277
14168.0 47.679277000000006
14173.8 47.638677
14179.7 47.596577
14185.5 47.553777000000004
14191.4 47.511177
14197.3 47.469677000000004
14203.1 47.416177000000005
14209.0 47.380877000000005
14214.8 47.348277
14220.7 47.318577000000005
14226.6 47.29167700000001
14232.4 47.267577
14238.3 47.245777000000004
14244.1 47.22597700000001
14250.0 47.207377
14255.9 47.199377000000005
14261.7 47.179477000000006
14267.6 47.158577
14273.4 47.13587700000001
14279.3 47.110277
14285.2 47.080877
14291.0 47.046577000000006
14296.9 47.00657700000001
14302.7 46.959877000000006
14308.6 46.905877000000004
14314.5 46.843877000000006
14320.3 46.773377
14326.2 46.693977000000004
14332.0 46.60567700000001
14337.9 46.508477000000006
14343.8 46.402577
14349.6 46.288277
14355.5 46.166177000000005
14361.3 46.036877000000004
14367.2 45.901377000000004
14373.0 45.760277
14378.9 45.614777000000004
14384.8 45.46567700000001
14390.6 45.313977
14396.5 45.16067700000001
14402.3 45.00657700000001
14408.2 44.85247700000001
14414.1 44.69877700000001
14419.9 44.54617700000001
14425.8 44.394677
14431.6 44.24457700000001
14437.5 44.095677
14443.4 43.947677000000006
14449.2 43.799977000000005
14455.1 43.651877000000006
14460.9 43.502577
14466.8 43.350877000000004
14472.7 43.19557700000001
14478.5 43.035377000000004
14484.4 42.868677000000005
14490.2 42.694177
14496.1 42.510177000000006
14502.0 42.315277
14507.8 42.107877
14513.7 41.886677000000006
14519.5 41.650377000000006
14525.4 41.39807700000001
14531.2 41.128677
14537.1 40.84177700000001
14543.0 40.53697700000001
14548.8 40.214277
14554.7 39.874177
14560.5 39.51727700000001
14566.4 39.144977000000004
14572.3 38.758977
14578.1 38.361577000000004
14584.0 37.955377000000006
14589.8 37.543877
14595.7 37.130877000000005
14601.6 36.720777000000005
14607.4 36.318277
14613.3 35.928377000000005
14619.1 35.556277
14625.0 35.207177
14630.9 34.88587700000001
14636.7 34.596977
14642.6 34.344677000000004
14648.4 34.132277
14654.3 33.962677000000006
14660.2 33.837977
14666.0 33.75937700000001
14671.9 33.727577000000004
14677.7 33.742477
14683.6 33.802977000000006
14689.5 33.90767700000001
14695.3 34.05407700000001
14701.2 34.239277
14707.0 34.459677000000006
14712.9 34.711077
14718.8 34.988777000000006
14724.6 35.287777000000006
14730.5 35.603077000000006
14736.3 35.929577
14742.2 36.262177
14748.0 36.59627700000001
14753.9 36.927777000000006
14759.8 37.252977
14765.6 37.56887700000001
14771.5 37.872977000000006
14777.3 38.163577000000004
14783.2 38.439277000000004
14789.1 38.699577000000005
14794.9 38.943977000000004
14800.8 39.17267700000001
14806.6 39.38627700000001
14812.5 39.58557700000001
14818.4 39.77157700000001
14824.2 39.94537700000001
14830.1 40.108377000000004
14835.9 40.261977
14841.8 40.407577
14847.7 40.54637700000001
14853.5 40.679677000000005
14859.4 40.808777000000006
14865.2 40.934377000000005
14871.1 41.057377
14877.0 41.178477
14882.8 41.298077000000006
14888.7 41.416277
14894.5 41.533077000000006
14900.4 41.648377
14906.2 41.761677000000006
14912.1 41.872477
14918.0 41.980077
14923.8 42.083577000000005
14929.7 42.18207700000001
14935.5 42.274577
14941.4 42.36017700000001
14947.3 42.437977000000004
14953.1 42.506977000000006
14959.0 42.566477000000006
14964.8 42.615977
14970.7 42.655077000000006
14976.6 42.68337700000001
14982.4 42.701177
14988.3 42.708477
14994.1 42.705877
15000.0 42.69387700000001
15005.9 42.673277000000006
15011.7 42.644977000000004
15017.6 42.610077000000004
15023.4 42.569477000000006
15029.3 42.524377
15035.2 42.475677000000005
15041.0 42.424577000000006
15046.9 42.371677000000005
15052.7 42.317877
15058.6 42.263677
15064.5 42.20947700000001
15070.3 42.155677000000004
15076.2 42.102077
15082.0 42.048577
15087.9 41.994777000000006
15093.8 41.940277
15099.6 41.884177
15105.5 41.825777
15111.3 41.763977000000004
15117.2 41.697877000000005
15123.0 41.626477
15128.9 41.548577
15134.8 41.463577
15140.6 41.370477
15146.5 41.269077
15152.3 41.15897700000001
15158.2 41.040677
15164.1 40.914577
15169.9 40.781977000000005
15175.8 40.644377000000006
15181.6 40.503677
15187.5 40.362377
15193.4 40.22277700000001
15199.2 40.087777
15205.1 39.959677000000006
15210.9 39.841077000000006
15216.8 39.734077000000006
15222.7 39.640277000000005
15228.5 39.561177
15234.4 39.49757700000001
15240.2 39.45007700000001
15246.1 39.418677
15252.0 39.402877000000004
15257.8 39.402077000000006
15263.7 39.415077000000004
15269.5 39.440177000000006
15275.4 39.475377
15281.2 39.518277000000005
15287.1 39.566377
15293.0 39.616677
15298.8 39.666077
15304.7 39.711777000000005
15310.5 39.750977000000006
15316.4 39.781377000000006
15322.3 39.801377
15328.1 39.809777000000004
15334.0 39.806477
15339.8 39.79187700000001
15345.7 39.76747700000001
15351.6 39.73497700000001
15357.4 39.69687700000001
15363.3 39.65577700000001
15369.1 39.614477
15375.0 39.575577
15380.9 39.54167700000001
15386.7 39.514777
15392.6 39.496877000000005
15398.4 39.489277
15404.3 39.49307700000001
15410.2 39.508677000000006
15416.0 39.536477000000005
15421.9 39.576177
15427.7 39.62707700000001
15433.6 39.68807700000001
15439.5 39.757677
15445.3 39.833977000000004
15451.2 39.914677000000005
15457.0 39.997077000000004
15462.9 40.07847700000001
15468.8 40.15597700000001
15474.6 40.226977000000005
15480.5 40.288977
15486.3 40.340077
15492.2 40.37857700000001
15498.0 40.403677
15503.9 40.41517700000001
15509.8 40.413277
15515.6 40.398977
15521.5 40.373577000000004
15527.3 40.33897700000001
15533.2 40.297177000000005
15539.1 40.250477000000004
15544.9 40.201277000000005
15550.8 40.152177
15556.6 40.105277
15562.5 40.062777000000004
15568.4 40.026577
15574.2 39.998377000000005
15580.1 39.97937700000001
15585.9 39.970577000000006
15591.8 39.972477000000005
15597.7 39.985477
15603.5 40.009277000000004
15609.4 40.04337700000001
15615.2 40.086777000000005
15621.1 40.138377000000006
15627.0 40.196477
15632.8 40.259277000000004
15638.7 40.324577000000005
15644.5 40.390277000000005
15650.4 40.453877000000006
15656.2 40.513177000000006
15662.1 40.565677
15668.0 40.609277000000006
15673.8 40.642177000000004
15679.7 40.662477
15685.5 40.668977000000005
15691.4 40.66067700000001
15697.3 40.636777
15703.1 40.597177
15709.0 40.541977
15714.8 40.471777
15720.7 40.38757700000001
15726.6 40.290877
15732.4 40.18317700000001
15738.3 40.066777
15744.1 39.943977000000004
15750.0 39.817177
15755.9 39.689077000000005
15761.7 39.562377000000005
15767.6 39.43957700000001
15773.4 39.323177
15779.3 39.21527700000001
15785.2 39.117977
15791.0 39.032977
15796.9 38.961477
15802.7 38.90447700000001
15808.6 38.862877000000005
15814.5 38.836777000000005
15820.3 38.826177
15826.2 38.830677
15832.0 38.84947700000001
15837.9 38.88137700000001
15843.8 38.924977000000005
15849.6 38.978477000000005
15855.5 39.039877000000004
15861.3 39.10697700000001
15867.2 39.17737700000001
15873.0 39.278077
15878.9 39.343777
15884.8 39.405477000000005
15890.6 39.461577000000005
15896.5 39.510177000000006
15902.3 39.550177000000005
15908.2 39.580377000000006
15914.1 39.599977
15919.9 39.608277
15925.8 39.605177000000005
15931.6 39.577277
15937.5 39.557377
15943.4 39.526777
15949.2 39.485977000000005
15955.1 39.435877000000005
15960.9 39.37727700000001
15966.8 39.31137700000001
15972.7 39.239577000000004
15978.5 39.162977000000005
15984.4 39.083277
15990.2 39.001677
15996.1 38.91967700000001
16002.0 38.838677000000004
16007.8 38.759977000000006
16013.7 38.684777000000004
16019.5 38.614177000000005
16025.4 38.54917700000001
16031.2 38.490677000000005
16037.1 38.439277000000004
16043.0 38.395677000000006
16048.8 38.360277
16054.7 38.333477
16060.5 38.315377000000005
16066.4 38.305877
16072.3 38.305077000000004
16078.1 38.312477
16084.0 38.327877
16089.8 38.350677000000005
16095.7 38.38027700000001
16101.6 38.415977000000005
16107.4 38.457177
16113.3 38.503177
16119.1 38.553177000000005
16125.0 38.606677000000005
16130.9 38.662977000000005
16136.7 38.721577
16142.6 38.782177000000004
16148.4 38.844477000000005
16154.3 38.908077000000006
16160.2 38.972877000000004
16166.0 39.038977
16171.9 39.106177
16177.7 39.174677
16183.6 39.244677
16189.5 39.316177
16195.3 39.38947700000001
16201.2 39.464777000000005
16207.0 39.542377
16212.9 39.62257700000001
16218.8 39.705577000000005
16224.6 39.79167700000001
16230.5 39.880977
16236.3 39.973877
16242.2 40.070277000000004
16248.0 40.170577
16253.9 40.274677000000004
16259.8 40.382577000000005
16265.6 40.494277000000004
16271.5 40.609777
16277.3 40.728777
16283.2 40.85097700000001
16289.1 40.976277
16294.9 41.104077000000004
16300.8 41.234077000000006
16306.6 41.365877000000005
16312.5 41.498777000000004
16318.4 41.632377000000005
16324.2 41.76597700000001
16330.1 41.899077000000005
16335.9 42.03117700000001
16341.8 42.161577
16347.7 42.28997700000001
16353.5 42.415877
16359.4 42.538777
16365.2 42.658577
16371.1 42.77477700000001
16377.0 42.887477000000004
16382.8 42.996477000000006
16388.7 43.101677
16394.5 43.203177000000004
16400.4 43.30107700000001
16406.2 43.395577
16412.1 43.486777000000004
16418.0 43.574777000000005
16423.8 43.659877
16429.7 43.742377000000005
16435.5 43.82227700000001
16441.4 43.89977700000001
16447.3 43.975177
16453.1 44.048477000000005
16459.0 44.119877
16464.8 44.18937700000001
16470.7 44.257077
16476.6 44.322977
16482.4 44.387177
16488.3 44.449477
16494.1 44.509877
16500.0 44.568477
16505.9 44.625077000000005
16511.7 44.679777
16517.6 44.732477
16523.4 44.783077000000006
16529.3 44.831877000000006
16535.2 44.878677
16541.0 44.923777
16546.9 44.967277
16552.7 45.00937700000001
16558.6 45.050277
16564.5 45.090377000000004
16570.3 45.12987700000001
16576.2 45.169377000000004
16582.0 45.20907700000001
16587.9 45.249477000000006
16593.8 45.291077
16599.6 45.33427700000001
16605.5 45.379477
16611.3 45.42717700000001
16617.2 45.477777
16623.0 45.531477
16628.9 45.588677000000004
16634.8 45.649477000000005
16640.6 45.71417700000001
16646.5 45.782877000000006
16652.3 45.855377000000004
16658.2 45.931777000000004
16664.1 46.011777
16669.9 46.095277
16675.8 46.18187700000001
16681.6 46.271077000000005
16687.5 46.362577
16693.4 46.455777000000005
16699.2 46.550077
16705.1 46.644977000000004
16710.9 46.739777000000004
16716.8 46.833877
16722.7 46.926577
16728.5 47.01727700000001
16734.4 47.105377000000004
16740.2 47.190177000000006
16746.1 47.271277000000005
16752.0 47.348077
16757.8 47.420277000000006
16763.7 47.487277000000006
16769.5 47.548977
16775.4 47.604877
16781.2 47.655077000000006
16787.1 47.699177000000006
16793.0 47.737377
16798.8 47.769377000000006
16804.7 47.795377
16810.5 47.815377000000005
16816.4 47.829477000000004
16822.3 47.837777
16828.1 47.840377000000004
16834.0 47.837377000000004
16839.8 47.828977
16845.7 47.815277
16851.6 47.79637700000001
16857.4 47.772277
16863.3 47.74307700000001
16869.1 47.708877
16875.0 47.66967700000001
16880.9 47.625477000000004
16886.7 47.576277000000005
16892.6 47.52197700000001
16898.4 47.462577
16904.3 47.39807700000001
16910.2 47.328377
16916.0 47.253677
16921.9 47.173777
16927.7 47.08877700000001
16933.6 46.99887700000001
16939.5 46.904177000000004
16945.3 46.804877000000005
16951.2 46.701277000000005
16957.0 46.59367700000001
16962.9 46.482577000000006
16968.8 46.368577
16974.6 46.25207700000001
16980.5 46.133877000000005
16986.3 46.014777
16992.2 45.895377
16998.0 45.77667700000001
17003.9 45.659577000000006
17009.8 45.544977
17015.6 45.433677
17021.5 45.32657700000001
17027.3 45.22467700000001
17033.2 45.12857700000001
17039.1 45.039077000000006
17044.9 44.956877000000006
17050.8 44.882277
17056.6 44.81587700000001
17062.5 44.757977000000004
17068.4 44.708577000000005
17074.2 44.667777
17080.1 44.635477
17085.9 44.611477
17091.8 44.595377000000006
17097.7 44.586677
17103.5 44.584777
17109.4 44.58917700000001
17115.2 44.598877
17121.1 44.61317700000001
17127.0 44.631177
17132.8 44.651877000000006
17138.7 44.674577000000006
17144.5 44.698277000000004
17150.4 44.722177
17156.2 44.745377000000005
17162.1 44.767177000000004
17168.0 44.786877000000004
17173.8 44.80407700000001
17179.7 44.818277
17185.5 44.829177
17191.4 44.836477
17197.3 44.840177000000004
17203.1 44.84027700000001
17209.0 44.836877
17214.8 44.830177000000006
17220.7 44.82057700000001
17226.6 44.80837700000001
17232.4 44.793977000000005
17238.3 44.77797700000001
17244.1 44.760777000000004
17250.0 44.742977
17255.9 44.724977
17261.7 44.707277000000005
17267.6 44.690277
17273.4 44.674477
17279.3 44.660177000000004
17285.2 44.647677
17291.0 44.637077000000005
17296.9 44.628477000000004
17302.7 44.622077000000004
17308.6 44.617777000000004
17314.5 44.615377
17320.3 44.614777000000004
17326.2 44.615777
17332.0 44.617977
17337.9 44.621177
17343.8 44.624777
17349.6 44.628677
17355.5 44.632277
17361.3 44.635277
17367.2 44.637377
17373.0 44.638277
17378.9 44.63777700000001
17384.8 44.635677
17390.6 44.632077
17396.5 44.626977000000004
17402.3 44.620577000000004
17408.2 44.613077000000004
17414.1 44.604877
17419.9 44.596577
17425.8 44.588677000000004
17431.6 44.581777
17437.5 44.57657700000001
17443.4 44.57377700000001
17449.2 44.574077
17455.1 44.57807700000001
17460.9 44.586577000000005
17466.8 44.599877000000006
17472.7 44.618677000000005
17478.5 44.643177
17484.4 44.673577
17490.2 44.710077000000005
17496.1 44.752677000000006
17502.0 44.80107700000001
17507.8 44.855077
17513.7 44.914277000000006
17519.5 44.97787700000001
17525.4 45.045377
17531.2 45.115877000000005
17537.1 45.188577
17543.0 45.262277000000005
17548.8 45.369077000000004
17554.7 45.438477000000006
17560.5 45.505377
17566.4 45.568577000000005
17572.3 45.62727700000001
17578.1 45.680477
17584.0 45.72747700000001
17589.8 45.767577
17595.7 45.800277
17601.6 45.82507700000001
17607.4 45.816677000000006
17613.3 45.82957700000001
17619.1 45.834977
17625.0 45.83297700000001
17630.9 45.823977000000006
17636.7 45.80837700000001
17642.6 45.787077000000004
17648.4 45.760677
17654.3 45.730077
17660.2 45.696177000000006
17666.0 45.659877
17671.9 45.62217700000001
17677.7 45.58407700000001
17683.6 45.546277
17689.5 45.50977700000001
17695.3 45.475177
17701.2 45.443177000000006
17707.0 45.414277000000006
17712.9 45.388777000000005
17718.8 45.367077
17724.6 45.349177000000005
17730.5 45.335177
17736.3 45.324877
17742.2 45.317977000000006
17748.0 45.314177
17753.9 45.312777000000004
17759.8 45.313177
17765.6 45.314677
17771.5 45.316377
17777.3 45.31737700000001
17783.2 45.316777
17789.1 45.313477000000006
17794.9 45.306577000000004
17800.8 45.295077000000006
17806.6 45.27817700000001
17812.5 45.25487700000001
17818.4 45.224777
17824.2 45.186977000000006
17830.1 45.141277
17835.9 45.087377000000004
17841.8 45.025077
17847.7 44.954377
17853.5 44.875477000000004
17859.4 44.78867700000001
17865.2 44.694477000000006
17871.1 44.59347700000001
17877.0 44.486077
17882.8 44.373177000000005
17888.7 44.255377
17894.5 44.133477000000006
17900.4 44.008177
17906.2 43.880177
17912.1 43.750277000000004
17918.0 43.619077000000004
17923.8 43.487077000000006
17929.7 43.354877
17935.5 43.222877000000004
17941.4 43.091577
17947.3 42.961177000000006
17953.1 42.832077000000005
17959.0 42.704477000000004
17964.8 42.57847700000001
17970.7 42.454177
17976.6 42.331777
17982.4 42.211377000000006
17988.3 42.092877
17994.1 41.97637700000001
18000.0 41.862077000000006
18005.9 41.749977
18011.7 41.640277000000005
18017.6 41.533177
18023.4 41.428977
18029.3 41.327877
18035.2 41.230577000000004
18041.0 41.137277000000005
18046.9 41.048777
18052.7 40.965577
18058.6 40.888477
18064.5 40.817877
18070.3 40.754677
18076.2 40.699377000000005
18082.0 40.652577
18087.9 40.614777000000004
18093.8 40.586277
18099.6 40.567277000000004
18105.5 40.558077000000004
18111.3 40.558477
18117.2 40.568277
18123.0 40.587077
18128.9 40.614477
18134.8 40.649677000000004
18140.6 40.691977
18146.5 40.740177
18152.3 40.793277
18158.2 40.850077000000006
18164.1 40.90917700000001
18169.9 40.969277000000005
18175.8 41.028977000000005
18181.6 41.086677
18187.5 41.141077
18193.4 41.19087700000001
18199.2 41.234677000000005
18205.1 41.271277000000005
18210.9 41.299877
18216.8 41.319677000000006
18222.7 41.32997700000001
18228.5 41.330677
18234.4 41.321677
18240.2 41.303177000000005
18246.1 41.275677
18252.0 41.239977
18257.8 41.19707700000001
18263.7 41.147877
18269.5 41.09367700000001
18275.4 41.035777
18281.2 40.975377
18287.1 40.913577000000004
18293.0 40.851577000000006
18298.8 40.79017700000001
18304.7 40.730377000000004
18310.5 40.672777
18316.4 40.617777000000004
18322.3 40.565777000000004
18328.1 40.516877
18334.0 40.471077
18339.8 40.428077
18345.7 40.38757700000001
18351.6 40.348877
18357.4 40.311277000000004
18363.3 40.273877000000006
18369.1 40.235577000000006
18375.0 40.195177
18380.9 40.151377000000004
18386.7 40.10267700000001
18392.6 40.047777
18398.4 39.985277
18404.3 39.914077000000006
18410.2 39.833077
18416.0 39.741677
18421.9 39.63947700000001
18427.7 39.52647700000001
18433.6 39.403277
18439.5 39.270677000000006
18445.3 39.130177
18451.2 38.983277
18457.0 38.832177
18462.9 38.67907700000001
18468.8 38.526177000000004
18474.6 38.375877
18480.5 38.230377000000004
18486.3 38.091677000000004
18492.2 37.961577000000005
18498.0 37.841677000000004
18503.9 37.733277
18509.8 37.637277000000005
18515.6 37.554577
18521.5 37.485577000000006
18527.3 37.43057700000001
18533.2 37.38947700000001
18539.1 37.362077000000006
18544.9 37.347677000000004
18550.8 37.345577000000006
18556.6 37.354477
18562.5 37.373077
18568.4 37.399577
18574.2 37.43187700000001
18580.1 37.467677
18585.9 37.504477
18591.8 37.539677000000005
18597.7 37.570677
18603.5 37.59497700000001
18609.4 37.610277
18615.2 37.614577000000004
18621.1 37.606577
18627.0 37.585277000000005
18632.8 37.550277
18638.7 37.501977000000004
18644.5 37.441377
18650.4 37.369877
18656.2 37.289577
18662.1 37.20307700000001
18668.0 37.113077000000004
18673.8 37.022277
18679.7 36.93357700000001
18685.5 36.849377000000004
18691.4 36.772177000000006
18697.3 36.703577
18703.1 36.645377
18709.0 36.598677
18714.8 36.56437700000001
18720.7 36.543077000000004
18726.6 36.534977000000005
18732.4 36.54037700000001
18738.3 36.558977000000006
18744.1 36.59047700000001
18750.0 36.63437700000001
18755.9 36.689677
18761.7 36.755377
18767.6 36.82997700000001
18773.4 36.911677000000005
18779.3 36.998577000000004
18785.2 37.088077000000006
18791.0 37.17757700000001
18796.9 37.26447700000001
18802.7 37.345977000000005
18808.6 37.41947700000001
18814.5 37.482877
18820.3 37.534477
18826.2 37.573077000000005
18832.0 37.59817700000001
18837.9 37.609777
18843.8 37.608577000000004
18849.6 37.595577000000006
18855.5 37.572577
18861.3 37.541177000000005
18867.2 37.503677
18873.0 37.46227700000001
18878.9 37.419277
18884.8 37.37687700000001
18890.6 37.33727700000001
18896.5 37.302677
18902.3 37.274677000000004
18908.2 37.25507700000001
18914.1 37.245377000000005
18919.9 37.246577
18925.8 37.25977700000001
18931.6 37.285577
18937.5 37.324477
18943.4 37.376577000000005
18949.2 37.441877000000005
18955.1 37.519877
18960.9 37.60997700000001
18966.8 37.711277
18972.7 37.822777
18978.5 37.942877
18984.4 38.070177
18990.2 38.202977000000004
18996.1 38.339477
19002.0 38.477977
19007.8 38.616877
19013.7 38.754577000000005
19019.5 38.889677000000006
19025.4 39.021177
19031.2 39.14827700000001
19037.1 39.27047700000001
19043.0 39.387677000000004
19048.8 39.499977
19054.7 39.607977000000005
19060.5 39.712177000000004
19066.4 39.813577
19072.3 39.913177000000005
19078.1 40.012177
19084.0 40.111477
19089.8 40.212377000000004
19095.7 40.31587700000001
19101.6 40.422777
19107.4 40.533877000000004
19113.3 40.64977700000001
19119.1 40.771077000000005
19125.0 40.897877
19130.9 41.030577
19136.7 41.168877
19142.6 41.31287700000001
19148.4 41.461977000000005
19154.3 41.615877000000005
19160.2 41.773577
19166.0 41.934477
19171.9 42.097477000000005
19177.7 42.26127700000001
19183.6 42.424577000000006
19189.5 42.586077
19195.3 42.74417700000001
19201.2 42.897377000000006
19207.0 43.044277
19212.9 43.183477
19218.8 43.350077000000006
19224.6 43.464277
19230.5 43.568177000000006
19236.3 43.661377
19242.2 43.743777
19248.0 43.815477
19253.9 43.876777000000004
19259.8 43.928177000000005
19265.6 43.970477
19271.5 44.004477
19277.3 44.03117700000001
19283.2 44.029177000000004
19289.1 44.049977000000005
19294.9 44.06627700000001
19300.8 44.078877000000006
19306.6 44.08877700000001
19312.5 44.097077000000006
19318.4 44.104277
19324.2 44.111377000000005
19330.1 44.118977
19335.9 44.127477000000006
19341.8 44.137377
19347.7 44.149077000000005
19353.5 44.162677
19359.4 44.178377000000005
19365.2 44.196077
19371.1 44.21567700000001
19377.0 44.237077000000006
19382.8 44.25977700000001
19388.7 44.283677000000004
19394.5 44.308077000000004
19400.4 44.332677000000004
19406.2 44.356877000000004
19412.1 44.38007700000001
19418.0 44.401877000000006
19423.8 44.421577000000006
19429.7 44.438977
19435.5 44.453577
19441.4 44.465177000000004
19447.3 44.473577000000006
19453.1 44.478777
19459.0 44.48087700000001
19464.8 44.479977000000005
19470.7 44.476577000000006
19476.6 44.470977000000005
19482.4 44.463477000000005
19488.3 44.45477700000001
19494.1 44.44537700000001
19500.0 44.435777
19505.9 44.426377
19511.7 44.417777
19517.6 44.410377000000004
19523.4 44.40447700000001
19529.3 44.400577000000006
19535.2 44.398677000000006
19541.0 44.398977
19546.9 44.40167700000001
19552.7 44.406477
19558.6 44.41347700000001
19564.5 44.42247700000001
19570.3 44.432977
19576.2 44.444877000000005
19582.0 44.457477000000004
19587.9 44.470477
19593.8 44.483177000000005
19599.6 44.494977000000006
19605.5 44.50527700000001
19611.3 44.513477
19617.2 44.51897700000001
19623.0 44.521177
19628.9 44.519477
19634.8 44.513577000000005
19640.6 44.503077000000005
19646.5 44.487877000000005
19652.3 44.467777000000005
19658.2 44.442977000000006
19664.1 44.413777
19669.9 44.380377
19675.8 44.343577
19681.6 44.303777000000004
19687.5 44.261877000000005
19693.4 44.21867700000001
19699.2 44.175177000000005
19705.1 44.132177000000006
19710.9 44.090777
19716.8 44.051777
19722.7 44.016177000000006
19728.5 43.984877000000004
19734.4 43.958477
19740.2 43.937677
19746.1 43.923077000000006
19752.0 43.91517700000001
19757.8 43.914277000000006
19763.7 43.920577
19769.5 43.934277
19775.4 43.955177000000006
19781.2 43.983277
19787.1 44.018077000000005
19793.0 44.059277
19798.8 44.106277000000006
19804.7 44.158377
19810.5 44.214777000000005
19816.4 44.274477000000005
19822.3 44.336377000000006
19828.1 44.399477000000005
19834.0 44.46247700000001
19839.8 44.524077000000005
19845.7 44.583077
19851.6 44.638077
19857.4 44.687777000000004
19863.3 44.730777
19869.1 44.765877
19875.0 44.791777
19880.9 44.807377
19886.7 44.811277000000004
19892.6 44.80257700000001
19898.4 44.780177
19904.3 44.74287700000001
19910.2 44.68977700000001
19916.0 44.619777000000006
19921.9 44.531977000000005
19927.7 44.425277
19933.6 44.298677000000005
19939.5 44.151077
19945.3 43.981377
19951.2 43.788377000000004
19957.0 43.570877
19962.9 43.327277
19968.8 43.056277
19974.6 42.755977
19980.5 42.424677
19986.3 42.059977
19992.2 41.659677
19998.0 41.220677
