20.0 54.349892
20.290899 54.976891
20.586 55.590893
20.8855 56.190891
21.189301 56.771893
21.497499 57.335892
21.8102 57.882893
22.127399 58.41489
22.4492 58.932892
22.775801 59.437893
23.1071 59.933891
23.443199 60.420891
23.7841 60.903893
24.1301 61.385891
24.4811 61.867893
24.8372 62.350891
25.1984 62.837891
25.564899 63.326893
25.9368 63.81789
26.3141 64.309891
26.6968 64.801888
27.0851 65.291893
27.479099 65.777893
27.878799 66.259888
28.2843 66.735893
28.6957 67.205887
29.1131 67.669891
29.536501 68.126892
29.966101 68.577888
30.402 69.022888
30.8442 69.461891
31.2929 69.968887
31.748 70.480888
32.209801 70.728889
32.678299 71.124893
33.153599 71.511887
33.635899 71.87989
34.125099 72.220886
34.621498 72.53289
35.125 72.813889
35.635899 73.06089
36.154301 73.279892
36.680199 73.476891
37.213699 73.659889
37.755 73.83989
38.3041 74.028893
38.861301 74.232887
39.426498 74.456886
40.0 74.698891
40.581799 74.955887
41.1721 75.220886
41.771 75.488892
42.378502 75.75489
42.9949 76.015892
43.6203 76.277893
44.254799 76.585892
44.898499 76.784889
45.551498 76.996887
46.2141 77.232887
46.886299 77.465889
47.568298 77.694893
48.260201 77.920891
48.962101 78.142891
49.674301 78.361893
50.396801 78.56722729186163
51.129902 78.7684228207226
51.8736 78.96647764007336
52.628101 79.16238899515696
53.3936 79.35515527831515
54.1702 79.54476711216947
54.958099 79.73322784894386
55.7575 79.91854477399919
56.568501 80.14269257682007
57.391399 80.31969228574235
58.226101 80.44952914441848
59.073 80.61720389741409
59.932301 80.77571180334486
60.804 80.92605691570127
61.6884 81.06423218258352
62.585701 81.19023292947037
63.496 81.29905485921896
64.419601 81.38870890655694
65.356598 81.45517281445933
66.307297 81.49845949090856
67.271698 81.51556193590463
68.250198 81.51247884052277
69.242897 81.48820286750237
70.250099 81.45673595157105
71.271896 81.42407486244903
72.308601 81.38321041451051
73.360298 81.33714948445655
74.427399 81.28387756277328
75.509903 81.21839966283335
76.608299 81.13670924543217
77.722603 81.03581009660807
78.853104 80.9146963516778
80.0 80.77435936286527
81.163597 80.60679903815291
82.3442 80.43901129889578
83.541901 80.28699291481408
84.757 80.16574087412589
85.989899 80.05225380104342
87.240601 79.97852865544886
88.509598 79.95456285801987
89.797 79.98634293776969
91.103104 80.07388092303427
92.4282 80.2131579357577
93.772598 80.42518383043203
95.136597 80.63693860864792
96.520401 80.84443154239366
97.924301 81.05466174024079
99.348602 81.26860912354435
100.794 81.46428438497027
102.26 81.63868014395872
103.747 81.79679707821238
105.256 81.94261781512478
106.787 82.09714035469592
108.34 82.22037669692587
109.916 82.30629646920814
111.515 82.36791367154274
113.137 82.36922630392971
114.783 82.29321399376258
116.452 82.1478941136478
118.146 81.96724391837253
119.865 81.78425240793675
121.608 81.66394395494689
123.377 81.60828981419013
125.171 81.59530135827286
126.992 81.62195184198227
128.839 81.67025063792474
130.713 81.72118737349389
132.615 81.75175267608327
134.543 81.73797129090576
136.5 81.68779910014204
138.486 81.61424410379217
140.5 81.52230867446252
142.544 81.42497506694029
144.617 81.34025465383189
146.721 81.27311768992446
148.855 81.22058554782444
151.02 81.18462985492539
153.217 81.1722492386209
155.445 81.18345507151743
157.706 81.22122060840208
160.0 81.27154484927487
162.327 81.32442679413582
164.688 81.37885207037847
167.084 81.43681530539644
169.514 81.48432187179613
171.98 81.4703420243647
174.481 81.38289713570859
177.019 81.22195846061493
179.594 80.99352299908374
182.206 80.73759375111503
184.856 80.55015534410234
187.545 80.45419940543927
190.273 80.40371893512585
193.041 80.38070356055562
195.849 80.35214828172859
198.697 80.30006309864478
201.587 80.22941826609133
204.52 80.14919641146182
207.494 80.07443027996909
210.512 80.0170657537939
213.574 79.98512183293623
216.681 79.97057314478967
219.833 79.9774266893542
223.03 80.00467346662984
226.274 80.03129273140377
229.565 80.04127648367593
232.905 79.99561297823354
236.292 79.88732396028941
239.729 79.73136131202426
243.216 79.56773403343814
246.754 79.45242175192462
250.343 79.41542146748367
253.984 79.44173580750889
257.678 79.49433539939385
261.426 79.53721687053213
265.229 79.55436184831734
269.087 79.55376533274945
273.001 79.55242695122203
276.972 79.56032933112868
281.0 79.57646347246941
285.088 79.59379525742494
289.234 79.61434843120811
293.441 79.60909287599968
297.709 79.53502059179964
302.04 79.44109983339514
306.433 79.36135797339261
310.89 79.3157562665792
315.412 79.3542843403485
320.0 79.4279258220941
324.655 79.44567833920956
329.377 79.40153689169489
334.168 79.31346673433724
339.028 79.24147286713662
343.959 79.24953754488018
348.962 79.33463439496153
354.038 79.44675504477422
359.188 79.53288512171184
364.412 79.5050266257744
369.713 79.34213543914261
375.09 79.1542339344229
380.546 78.99727299379606
386.081 78.90825661726201
391.697 78.93715205960797
397.394 78.98796732083392
403.175 78.9866642831206
409.039 78.93624731907441
414.989 78.83867531087613
421.025 78.73095725852573
427.149 78.6400684168104
433.362 78.58398541312367
439.665 78.55205787485917
446.06 78.52717805680405
452.548 78.49202958635186
459.131 78.4366057182898
465.809 78.37853045261784
472.584 78.31585504412315
479.458 78.2326677475929
486.432 78.12764219042066
493.507 78.011677
503.906 78.011677
509.766 78.181377
515.625 78.34437700000001
521.484 78.500477
527.344 78.64917700000001
533.203 78.790277
539.062 78.923277
544.922 79.04767700000001
550.781 79.16287700000001
556.641 79.268477
562.5 79.36407700000001
568.359 79.449077
574.219 79.523177
580.078 79.586077
585.938 79.637377
591.797 79.676877
597.656 79.704577
603.516 79.720477
609.375 79.72457700000001
615.234 79.717077
621.094 79.698277
626.953 79.668577
632.812 79.628377
638.672 79.57817700000001
644.531 79.51867700000001
650.391 79.450477
656.25 79.374477
662.109 79.29127700000001
667.969 79.201777
673.828 79.10677700000001
679.688 79.007177
685.547 78.903577
691.406 78.796677
697.266 78.68727700000001
703.125 78.575777
708.984 78.46257700000001
714.844 78.348177
720.703 78.232477
726.562 78.11577700000001
732.422 77.997877
738.281 77.878577
744.141 77.757577
750.0 77.63457700000001
755.859 77.509077
761.719 77.380577
767.578 77.248777
773.438 77.112977
779.297 76.972977
785.156 76.828377
791.016 76.67877700000001
796.875 76.524077
802.734 76.364277
808.594 76.199477
814.453 76.029977
820.312 75.856077
826.172 75.678377
832.031 75.497577
837.891 75.222977
843.75 75.131477
849.609 74.947877
855.469 74.76557700000001
861.328 74.58587700000001
867.188 74.410177
873.047 74.239677
878.906 74.07557700000001
884.766 73.919077
890.625 73.770877
896.484 73.631877
902.344 73.50237700000001
908.203 73.38247700000001
914.062 73.272177
919.922 73.17107700000001
925.781 73.07857700000001
931.641 72.993877
937.5 72.916077
943.359 72.844277
949.219 72.77757700000001
955.078 72.71507700000001
960.938 72.65607700000001
966.797 72.599877
972.656 72.546277
978.516 72.494877
984.375 72.445977
990.234 72.39957700000001
996.094 72.35637700000001
1001.95 72.316877
1007.81 72.281977
1013.67 72.252577
1019.53 72.229577
1025.39 72.21377700000001
1031.25 72.20617700000001
1037.11 72.207177
1042.97 72.217377
1048.83 72.23697700000001
1054.69 72.265777
1060.55 72.303477
1066.41 72.34947700000001
1072.27 72.402777
1078.12 72.462377
1083.98 72.52717700000001
1089.84 72.59567700000001
1095.7 72.666577
1101.56 72.73867700000001
1107.42 72.810477
1113.28 72.881077
1119.14 72.94927700000001
1125.0 73.014277
1130.86 73.075377
1136.72 73.13207700000001
1142.58 73.183977
1148.44 73.231077
1154.3 73.27327700000001
1160.16 73.310877
1166.02 73.344077
1171.88 73.373377
1177.73 73.399477
1183.59 73.42277700000001
1189.45 73.44407700000001
1195.31 73.464177
1201.17 73.483777
1207.03 73.503577
1212.89 73.524277
1218.75 73.546377
1224.61 73.57037700000001
1230.47 73.59657700000001
1236.33 73.62527700000001
1242.19 73.656577
1248.05 73.690377
1253.91 73.726477
1259.77 73.764577
1265.62 73.804077
1271.48 73.844677
1277.34 73.885677
1283.2 73.926377
1289.06 73.966177
1294.92 74.004377
1300.78 74.04047700000001
1306.64 74.073777
1312.5 74.10387700000001
1318.36 74.130277
1324.22 74.15267700000001
1330.08 74.170877
1335.94 74.18477700000001
1341.8 74.194277
1347.66 74.199577
1353.52 74.20097700000001
1359.38 74.198577
1365.23 74.192977
1371.09 74.184477
1376.95 74.173777
1382.81 74.161477
1388.67 74.147977
1394.53 74.134077
1400.39 74.120177
1406.25 74.106977
1412.11 74.09477700000001
1417.97 74.08407700000001
1423.83 74.074977
1429.69 74.067677
1435.55 74.062177
1441.41 74.058277
1447.27 74.05587700000001
1453.12 74.05457700000001
1458.98 74.053877
1464.84 74.053377
1470.7 74.052377
1476.56 74.050377
1482.42 74.04687700000001
1488.28 74.041177
1494.14 74.032877
1500.0 74.021477
1505.86 74.006777
1511.72 73.98827700000001
1517.58 73.966077
1523.44 73.940077
1529.3 73.91027700000001
1535.16 73.87697700000001
1541.02 73.84057700000001
1546.88 73.801377
1552.73 73.76007700000001
1558.59 73.717077
1564.45 73.67317700000001
1570.31 73.628977
1576.17 73.585177
1582.03 73.542477
1587.89 73.501377
1593.75 73.462477
1599.61 73.42617700000001
1605.47 73.39277700000001
1611.33 73.36237700000001
1617.19 73.33497700000001
1623.05 73.310377
1628.91 73.28837700000001
1634.77 73.268477
1640.62 73.250077
1646.48 73.23267700000001
1652.34 73.215677
1658.2 73.198177
1664.06 73.179677
1669.92 73.159377
1675.78 73.13677700000001
1681.64 73.111377
1687.5 73.08277700000001
1693.36 73.050577
1699.22 73.014677
1705.08 72.97497700000001
1710.94 72.931477
1716.8 72.884477
1722.66 72.83417700000001
1728.52 72.78097700000001
1734.38 72.72537700000001
1740.23 72.667877
1746.09 72.609077
1751.95 72.549577
1757.81 72.489877
1763.67 72.43047700000001
1769.53 72.371977
1775.39 72.314777
1781.25 72.259077
1787.11 72.205077
1792.97 72.152977
1798.83 72.10247700000001
1804.69 72.053577
1810.55 72.005977
1816.41 71.959277
1822.27 71.912977
1828.12 71.86667700000001
1833.98 71.819777
1839.84 71.771777
1845.7 71.722177
1851.56 71.67057700000001
1857.42 71.616477
1863.28 71.559577
1869.14 71.499677
1875.0 71.436777
1880.86 71.370677
1886.72 71.30157700000001
1892.58 71.229577
1898.44 71.15517700000001
1904.3 71.078677
1910.16 71.000477
1916.02 70.921277
1921.88 70.841677
1927.73 70.76217700000001
1933.59 70.68347700000001
1939.45 70.606277
1945.31 70.53107700000001
1951.17 70.458377
1957.03 70.388577
1962.89 70.32207700000001
1968.75 70.258977
1974.61 70.199377
1980.47 70.143277
1986.33 70.090377
1992.19 70.040377
1998.05 69.99297700000001
2003.91 69.947477
2009.77 69.90347700000001
2015.62 69.86027700000001
2021.48 69.817277
2027.34 69.773877
2033.2 69.729477
2039.06 69.683577
2044.92 69.635777
2050.78 69.585677
2056.64 69.533077
2062.5 69.477777
2068.36 69.41977700000001
2074.22 69.359177
2080.08 69.296177
2085.94 69.231277
2091.8 69.164777
2097.66 69.09737700000001
2103.52 69.029577
2109.38 68.96217700000001
2115.23 68.895877
2121.09 68.83157700000001
2126.95 68.76987700000001
2132.81 68.71167700000001
2138.67 68.657577
2144.53 68.608177
2150.39 68.564077
2156.25 68.52547700000001
2162.11 68.492577
2167.97 68.46557700000001
2173.83 68.444377
2179.69 68.42877700000001
2185.55 68.418277
2191.41 68.412577
2197.27 68.410977
2203.12 68.412977
2208.98 68.417877
2214.84 68.424977
2220.7 68.433577
2226.56 68.443177
2232.42 68.45307700000001
2238.28 68.462777
2244.14 68.471877
2250.0 68.479977
2255.86 68.486877
2261.72 68.49247700000001
2267.58 68.49677700000001
2273.44 68.49977700000001
2279.3 68.501777
2285.16 68.502977
2291.02 68.50367700000001
2296.88 68.504377
2302.73 68.505577
2308.59 68.507577
2314.45 68.511077
2320.31 68.516377
2326.17 68.523977
2332.03 68.53407700000001
2337.89 68.547077
2343.75 68.562877
2349.61 68.581677
2355.47 68.603277
2361.33 68.62737700000001
2367.19 68.65347700000001
2373.05 68.68127700000001
2378.91 68.70997700000001
2384.77 68.738877
2390.62 68.76737700000001
2396.48 68.794477
2402.34 68.81957700000001
2408.2 68.84187700000001
2414.06 68.860577
2419.92 68.87517700000001
2425.78 68.884977
2431.64 68.889477
2437.5 68.88847700000001
2443.36 68.88157700000001
2449.22 68.86877700000001
2455.08 68.84997700000001
2460.94 68.825377
2466.8 68.79517700000001
2472.66 68.759777
2478.52 68.719477
2484.38 68.674777
2490.23 68.626277
2496.09 68.57467700000001
2501.95 68.52037700000001
2507.81 68.43517700000001
2513.67 68.377077
2519.53 68.347577
2525.39 68.288577
2531.25 68.229177
2537.11 68.16977700000001
2542.97 68.11017700000001
2548.83 68.050477
2554.69 67.990477
2560.55 67.929877
2566.41 67.868177
2572.27 67.805077
2578.12 67.73997700000001
2583.98 67.672177
2589.84 67.60127700000001
2595.7 67.526577
2601.56 67.44757700000001
2607.42 67.363877
2613.28 67.274977
2619.14 67.180677
2625.0 67.08067700000001
2630.86 66.975077
2636.72 66.86367700000001
2642.58 66.746977
2648.44 66.624977
2654.3 66.498277
2660.16 66.36747700000001
2666.02 66.23307700000001
2671.88 66.095977
2677.73 65.956777
2683.59 65.816477
2689.45 65.67577700000001
2695.31 65.535577
2701.17 65.396477
2707.03 65.259277
2712.89 65.124477
2718.75 64.992377
2724.61 64.86317700000001
2730.47 64.73697700000001
2736.33 64.613777
2742.19 64.493077
2748.05 64.374477
2753.91 64.257377
2759.77 64.141177
2765.62 64.024977
2771.48 63.908077000000006
2777.34 63.78957700000001
2783.2 63.668777000000006
2789.06 63.544877
2794.92 63.417277
2800.78 63.285477
2806.64 63.148977
2812.5 63.007677
2818.36 62.861377000000005
2824.22 62.710277000000005
2830.08 62.554677
2835.94 62.395077
2841.8 62.232077000000004
2847.66 62.066677
2853.52 61.899777
2859.38 61.732477
2865.23 61.56617700000001
2871.09 61.401977
2876.95 61.24117700000001
2882.81 61.085077
2888.67 60.93477700000001
2894.53 60.791077
2900.39 60.654577
2906.25 60.525777000000005
2912.11 60.404577
2917.97 60.290677
2923.83 60.18347700000001
2929.69 60.081877000000006
2935.55 59.98477700000001
2941.41 59.89067700000001
2947.27 59.79777700000001
2953.12 59.704677000000004
2958.98 59.609577
2964.84 59.51097700000001
2970.7 59.40737700000001
2976.56 59.297577000000004
2982.42 59.180677
2988.28 59.056077
2994.14 58.923477000000005
3000.0 58.78317700000001
3005.86 58.63587700000001
3011.72 58.48267700000001
3017.58 58.32507700000001
3023.44 58.165277
3029.3 58.005877
3035.16 57.84957700000001
3041.02 57.699577000000005
3046.88 57.559077
3052.73 57.431177000000005
3058.59 57.31867700000001
3064.45 57.223977000000005
3070.31 57.148577
3076.17 57.093177
3082.03 57.057777
3087.89 57.04137700000001
3093.75 57.042077000000006
3099.61 57.057477000000006
3105.47 57.08497700000001
3111.33 57.12137700000001
3117.19 57.163977
3123.05 57.20997700000001
3128.91 57.257177
3134.77 57.303877
3140.62 57.34907700000001
3146.48 57.39227700000001
3152.34 57.433777000000006
3158.2 57.474377000000004
3164.06 57.51557700000001
3169.92 57.55927700000001
3175.78 57.60767700000001
3181.64 57.663177000000005
3187.5 57.728277000000006
3193.36 57.805077
3199.22 57.895477
3205.08 58.00067700000001
3210.94 58.121177
3216.8 58.256977000000006
3222.66 58.407077
3228.52 58.569777
3234.38 58.743077
3240.23 58.92437700000001
3246.09 59.110877
3251.95 59.299677
3257.81 59.487977
3263.67 59.673377
3269.53 59.853477
3275.39 60.02627700000001
3281.25 60.190477
3287.11 60.34477700000001
3292.97 60.488477
3298.83 60.621477
3304.69 60.743577
3310.55 60.855277
3316.41 60.957277000000005
3322.27 61.050577000000004
3328.12 61.13627700000001
3333.98 61.215677
3339.84 61.29007700000001
3345.7 61.36107700000001
3351.56 61.42997700000001
3357.42 61.497977000000006
3363.28 61.566277
3369.14 61.635677
3375.0 61.706877000000006
3380.86 61.78017700000001
3386.72 61.855677
3392.58 61.932877000000005
3398.44 62.01137700000001
3404.3 62.09047700000001
3410.16 62.169077
3416.02 62.246077
3421.88 62.32037700000001
3427.73 62.39067700000001
3433.59 62.455977000000004
3439.45 62.515277
3445.31 62.56737700000001
3451.17 62.611777000000004
3457.03 62.647777000000005
3462.89 62.675077
3468.75 62.693377
3474.61 62.70267700000001
3480.47 62.703377
3486.33 62.69587700000001
3492.19 62.680677
3498.05 62.658777
3503.91 62.630877
3509.77 62.598077
3515.62 62.561677
3521.48 62.522677
3527.34 62.48227700000001
3533.2 62.44157700000001
3539.06 62.40177700000001
3544.92 62.36357700000001
3550.78 62.327777
3556.64 62.295077000000006
3562.5 62.26557700000001
3568.36 62.23957700000001
3574.22 62.216977
3580.08 62.197477000000006
3585.94 62.180577
3591.8 62.165777000000006
3597.66 62.152277
3603.52 62.139477
3609.38 62.126577
3615.23 62.112877
3621.09 62.097677000000004
3626.95 62.080377
3632.81 62.060477000000006
3638.67 62.037777000000006
3644.53 62.011977
3650.39 61.983177
3656.25 61.95137700000001
3662.11 61.916977
3667.97 61.880477
3673.83 61.842477
3679.69 61.80367700000001
3685.55 61.764977
3691.41 61.727377000000004
3697.27 61.691877000000005
3703.12 61.659577
3708.98 61.63167700000001
3714.84 61.609077
3720.7 61.59307700000001
3726.56 61.584377
3732.42 61.583877
3738.28 61.592077
3744.14 61.609677000000005
3750.0 61.636677000000006
3755.86 61.67317700000001
3761.72 61.71897700000001
3767.58 61.773577
3773.44 61.836477
3779.3 61.906677
3785.16 61.98347700000001
3791.02 62.06577700000001
3796.88 62.152377
3802.73 62.242277
3808.59 62.334377
3814.45 62.427577
3820.31 62.52077700000001
3826.17 62.61327700000001
3832.03 62.704077
3837.89 62.792677
3843.75 62.87857700000001
3849.61 62.96127700000001
3855.47 63.04047700000001
3861.33 63.11627700000001
3867.19 63.18857700000001
3873.05 63.25747700000001
3878.91 63.32337700000001
3884.77 63.386577
3890.62 63.447377
3896.48 63.506377
3902.34 63.564077
3908.2 63.62097700000001
3914.06 63.677577
3919.92 63.734277000000006
3925.78 63.79137700000001
3931.64 63.849377000000004
3937.5 63.908277
3943.36 63.968177
3949.22 64.029077
3955.08 64.090777
3960.94 64.15307700000001
3966.8 64.215477
3972.66 64.27767700000001
3978.52 64.339177
3984.38 64.39917700000001
3990.23 64.45737700000001
3996.09 64.51307700000001
4001.95 64.56567700000001
4007.81 64.614777
4013.67 64.65987700000001
4019.53 64.70057700000001
4025.39 64.736677
4031.25 64.767877
4037.11 64.794177
4042.97 64.815577
4048.83 64.832077
4054.69 64.84397700000001
4060.55 64.851577
4066.41 64.855177
4072.27 64.855177
4078.12 64.85207700000001
4083.98 64.846377
4089.84 64.838477
4095.7 64.82897700000001
4101.56 64.818177
4107.42 64.806577
4113.28 64.794377
4119.14 64.781977
4125.0 64.769377
4130.86 64.756777
4136.72 64.743977
4142.58 64.73097700000001
4148.44 64.717377
4154.3 64.702977
4160.16 64.687377
4166.02 64.670077
4171.88 64.650677
4177.73 64.615177
4183.59 64.58837700000001
4189.45 64.55797700000001
4195.31 64.53917700000001
4201.17 64.502577
4207.03 64.461777
4212.89 64.416477
4218.75 64.366777
4224.61 64.312577
4230.47 64.25407700000001
4236.33 64.191477
4242.19 64.125077
4248.05 64.05537700000001
4253.91 63.98267700000001
4259.77 63.907577
4265.62 63.83067700000001
4271.48 63.752577
4277.34 63.673777
4283.2 63.594977
4289.06 63.516777000000005
4294.92 63.439577
4300.78 63.363877
4306.64 63.290177
4312.5 63.21857700000001
4318.36 63.149477000000005
4324.22 63.08277700000001
4330.08 63.01857700000001
4335.94 62.956777
4341.8 62.897277
4347.66 62.839777
4353.52 62.78407700000001
4359.38 62.729777
4365.23 62.676677
4371.09 62.624277000000006
4376.95 62.572477000000006
4382.81 62.520977
4388.67 62.469577
4394.53 62.418177
4400.39 62.366777
4406.25 62.31527700000001
4412.11 62.26387700000001
4417.97 62.212877000000006
4423.83 62.16247700000001
4429.69 62.11317700000001
4435.55 62.06527700000001
4441.41 62.01947700000001
4447.27 61.976377
4453.12 61.93647700000001
4458.98 61.900377000000006
4464.84 61.868877
4470.7 61.842477
4476.56 61.821777
4482.42 61.80717700000001
4488.28 61.79907700000001
4494.14 61.79777700000001
4500.0 61.803477
4505.86 61.81617700000001
4511.72 61.835577
4517.58 61.86157700000001
4523.44 61.89367700000001
4529.3 61.931477
4535.16 61.97407700000001
4541.02 62.020877
4546.88 62.071077
4552.73 62.123777000000004
4558.59 62.178077
4564.45 62.233177
4570.31 62.28827700000001
4576.17 62.342477
4582.03 62.395077
4587.89 62.445577
4593.75 62.493277000000006
4599.61 62.53787700000001
4605.47 62.57897700000001
4611.33 62.61657700000001
4617.19 62.650577
4623.05 62.68087700000001
4628.91 62.707977
4634.77 62.731877
4640.62 62.75317700000001
4646.48 62.772177
4652.34 62.78957700000001
4658.2 62.80587700000001
4664.06 62.821777
4669.92 62.837677
4675.78 62.85427700000001
4681.64 62.872077000000004
4687.5 62.891377000000006
4693.36 62.912577
4699.22 62.935777
4705.08 62.961177000000006
4710.94 62.98857700000001
4716.8 63.017677000000006
4722.66 63.048277
4728.52 63.07977700000001
4734.38 63.111677
4740.23 63.14317700000001
4746.09 63.173677
4751.95 63.202377
4757.81 63.228477
4763.67 63.251177
4769.53 63.26987700000001
4775.39 63.283777
4781.25 63.292477000000005
4787.11 63.295377
4792.97 63.292277
4798.83 63.28267700000001
4804.69 63.266677
4810.55 63.24417700000001
4816.41 63.215377000000004
4822.27 63.18037700000001
4828.12 63.139677000000006
4833.98 63.093777
4839.84 63.043177
4845.7 62.988477
4851.56 62.93037700000001
4857.42 62.869777
4863.28 62.807277
4869.14 62.743677000000005
4875.0 62.679777
4880.86 62.61627700000001
4886.72 62.55367700000001
4892.58 62.492677
4898.44 62.43347700000001
4904.3 62.376577
4910.16 62.32217700000001
4916.02 62.27027700000001
4921.88 62.22107700000001
4927.73 62.174177
4933.59 62.129677
4939.45 62.087277
4945.31 62.046577
4951.17 62.007577
4957.03 61.96977700000001
4962.89 61.933077
4968.75 61.897177
4974.61 61.86197700000001
4980.47 61.827477
4986.33 61.793677
4992.19 61.760577
4998.05 61.72837700000001
5003.91 61.697477000000006
5009.77 61.66797700000001
5015.62 61.640377
5021.48 61.615177
5027.34 61.592777
5033.2 61.57377700000001
5039.06 61.558677
5044.92 61.547977
5050.78 61.542277
5056.64 61.541977
5062.5 61.547377
5068.36 61.558977
5074.22 61.576977
5080.08 61.601377
5085.94 61.632177
5091.8 61.669377
5097.66 61.712677
5103.52 61.761677000000006
5109.38 61.815977000000004
5115.23 61.874877
5121.09 61.93767700000001
5126.95 62.003777
5132.81 62.07217700000001
5138.67 62.142177000000004
5144.53 62.21297700000001
5150.39 62.28357700000001
5156.25 62.353277000000006
5162.11 62.42147700000001
5167.97 62.487277000000006
5173.83 62.550177000000005
5179.69 62.60977700000001
5185.55 62.665677
5191.41 62.717477
5197.27 62.76517700000001
5203.12 62.808677
5208.98 62.847977
5214.84 62.88337700000001
5220.7 62.91497700000001
5226.56 62.943077
5232.42 62.968177
5238.28 62.990577
5244.14 63.01087700000001
5250.0 63.02927700000001
5255.86 63.04637700000001
5261.72 63.062577000000005
5267.58 63.077977000000004
5273.44 63.092977000000005
5279.3 63.10767700000001
5285.16 63.121977
5291.02 63.13597700000001
5296.88 63.149377
5302.73 63.16197700000001
5308.59 63.17317700000001
5314.45 63.182677
5320.31 63.18987700000001
5326.17 63.19407700000001
5332.03 63.194777
5337.89 63.191277
5343.75 63.18297700000001
5349.61 63.16927700000001
5355.47 63.14967700000001
5361.33 63.123577
5367.19 63.090777
5373.05 63.05077700000001
5378.91 63.003477000000004
5384.77 62.94877700000001
5390.62 62.886677000000006
5396.48 62.817177
5402.34 62.740677000000005
5408.2 62.65727700000001
5414.06 62.567577
5419.92 62.47197700000001
5425.78 62.37087700000001
5431.64 62.264977
5437.5 62.15467700000001
5443.36 62.040777000000006
5449.22 61.92357700000001
5455.08 61.803577000000004
5460.94 61.68127700000001
5466.8 61.55677700000001
5472.66 61.43037700000001
5478.52 61.30197700000001
5484.38 61.17147700000001
5490.23 61.03867700000001
5496.09 60.903177
5501.95 60.76437700000001
5507.81 60.62177700000001
5513.67 60.47447700000001
5519.53 60.32167700000001
5525.39 60.162777000000006
5531.25 59.99677700000001
5537.11 59.82297700000001
5542.97 59.640477000000004
5548.83 59.448677
5554.69 59.246977
5560.55 59.03487700000001
5566.41 58.812077
5572.27 58.57847700000001
5578.12 58.333877
5583.98 58.07857700000001
5589.84 57.81307700000001
5595.7 57.537777000000006
5601.56 57.25367700000001
5607.42 56.96167700000001
5613.28 56.66327700000001
5619.14 56.35977700000001
5625.0 56.05327700000001
5630.86 55.74547700000001
5636.72 55.438777
5642.58 55.135677
5648.44 54.838677000000004
5654.3 54.55067700000001
5660.16 54.274477000000005
5666.02 54.01297700000001
5671.88 53.769277
5677.73 53.54607700000001
5683.59 53.346177
5689.45 53.17187700000001
5695.31 53.025177
5701.17 52.90777700000001
5707.03 52.820577
5712.89 52.76397700000001
5718.75 52.73777700000001
5724.61 52.740877
5730.47 52.771877
5736.33 52.82847700000001
5742.19 52.908077000000006
5748.05 53.007777000000004
5753.91 53.12437700000001
5759.77 53.25447700000001
5765.62 53.394977
5771.48 53.542677
5777.34 53.694677
5783.2 53.848477
5789.06 54.001777000000004
5794.92 54.152777
5800.78 54.29987700000001
5806.64 54.44197700000001
5812.5 54.578277
5818.36 54.70827700000001
5824.22 54.831677
5830.08 54.948677
5835.94 55.059477
5841.8 55.164477000000005
5847.66 55.26427700000001
5853.52 55.403177
5859.38 55.493077
5865.23 55.579977
5871.09 55.620777000000004
5876.95 55.70437700000001
5882.81 55.785977
5888.67 55.865877
5894.53 55.94417700000001
5900.39 56.02077700000001
5906.25 56.095477
5912.11 56.16797700000001
5917.97 56.23777700000001
5923.83 56.304477000000006
5929.69 56.367377000000005
5935.55 56.42577700000001
5941.41 56.479077000000004
5947.27 56.526577
5953.12 56.567677
5958.98 56.601777
5964.84 56.62857700000001
5970.7 56.64747700000001
5976.56 56.658377
5982.42 56.661077000000006
5988.28 56.65557700000001
5994.14 56.64197700000001
6000.0 56.620577
6005.86 56.591577
6011.72 56.555577
6017.58 56.51297700000001
6023.44 56.464477
6029.3 56.41077700000001
6035.16 56.35247700000001
6041.02 56.29037700000001
6046.88 56.225077
6052.73 56.157177000000004
6058.59 56.087377000000004
6064.45 56.016177
6070.31 55.943877
6076.17 55.87087700000001
6082.03 55.797477
6087.89 55.723577000000006
6093.75 55.649277
6099.61 55.574377
6105.47 55.49887700000001
6111.33 55.422477
6117.19 55.34487700000001
6123.05 55.265877
6128.91 55.18517700000001
6134.77 55.102677
6140.62 55.01817700000001
6146.48 54.93167700000001
6152.34 54.843377000000004
6158.2 54.75327700000001
6164.06 54.66197700000001
6169.92 54.56997700000001
6175.78 54.477777
6181.64 54.38637700000001
6187.5 54.296577
6193.36 54.20957700000001
6199.22 54.126577
6205.08 54.048777
6210.94 53.977677
6216.8 53.91457700000001
6222.66 53.860777
6228.52 53.817677
6234.38 53.78657700000001
6240.23 53.768477000000004
6246.09 53.76437700000001
6251.95 53.77497700000001
6257.81 53.800877
6263.67 53.84227700000001
6269.53 53.899077000000005
6275.39 53.971177
6281.25 54.05797700000001
6287.11 54.15857700000001
6292.97 54.27207700000001
6298.83 54.397177
6304.69 54.532577
6310.55 54.676777
6316.41 54.82817700000001
6322.27 54.985077000000004
6328.12 55.145977
6333.98 55.309377
6339.84 55.473577000000006
6345.7 55.637377
6351.56 55.79937700000001
6357.42 55.958577000000005
6363.28 56.113977000000006
6369.14 56.264877
6375.0 56.41067700000001
6380.86 56.55077700000001
6386.72 56.68507700000001
6392.58 56.813477000000006
6398.44 56.936077
6404.3 57.05287700000001
6410.16 57.164377
6416.02 57.270877
6421.88 57.372877
6427.73 57.470977000000005
6433.59 57.56567700000001
6439.45 57.657577
6445.31 57.747077000000004
6451.17 57.834777
6457.03 57.92097700000001
6462.89 58.006077000000005
6468.75 58.09017700000001
6474.61 58.173277
6480.47 58.255477
6486.33 58.336377
6492.19 58.415977
6498.05 58.493677000000005
6503.91 58.56907700000001
6509.77 58.641677
6515.62 58.710977
6521.48 58.77637700000001
6527.34 58.837377000000004
6533.2 58.893477000000004
6539.06 58.94417700000001
6544.92 58.989277
6550.78 59.028377000000006
6556.64 59.061277000000004
6562.5 59.088177
6568.36 59.10897700000001
6574.22 59.12397700000001
6580.08 59.133477
6585.94 59.137877
6591.8 59.13767700000001
6597.66 59.133677000000006
6603.52 59.12647700000001
6609.38 59.116777
6615.23 59.10547700000001
6621.09 59.093277
6626.95 59.080977000000004
6632.81 59.069377
6638.67 59.058977
6644.53 59.050377
6650.39 59.044077
6656.25 59.040277
6662.11 59.039277
6667.97 59.04087700000001
6673.83 59.04517700000001
6679.69 59.051777
6685.55 59.060277
6691.41 59.070177
6697.27 59.080877
6703.12 59.09177700000001
6708.98 59.102177
6714.84 59.111377000000005
6720.7 59.118577
6726.56 59.123277
6732.42 59.124677000000005
6738.28 59.122477
6744.14 59.116077000000004
6750.0 59.10507700000001
6755.86 59.089477
6761.72 59.068977000000004
6767.58 59.043677
6773.44 59.013677
6779.3 58.979077000000004
6785.16 58.940377
6791.02 58.897977
6796.88 58.852377000000004
6802.73 58.80407700000001
6808.59 58.75367700000001
6814.45 58.70187700000001
6820.31 58.64917700000001
6826.17 58.59607700000001
6832.03 58.543177
6837.89 58.49077700000001
6843.75 58.439077
6849.61 58.388377000000006
6855.47 58.338477
6861.33 58.289277
6867.19 58.24037700000001
6873.05 58.191477000000006
6878.91 58.14187700000001
6884.77 58.090877000000006
6890.62 58.037677
6896.48 57.981477
6902.34 57.92147700000001
6908.2 57.85677700000001
6914.06 57.786477000000005
6919.92 57.70997700000001
6925.78 57.626377000000005
6931.64 57.53537700000001
6937.5 57.436277000000004
6943.36 57.328877000000006
6949.22 57.213077
6955.08 57.088677000000004
6960.94 56.955877
6966.8 56.814977
6972.66 56.666477
6978.52 56.51087700000001
6984.38 56.348777
6990.23 56.181177000000005
6996.09 56.008877
7001.95 55.83287700000001
7007.81 55.654177000000004
7013.67 55.473777
7019.53 55.292677
7025.39 55.11197700000001
7031.25 54.932477000000006
7037.11 54.75497700000001
7042.97 54.58027700000001
7048.83 54.40907700000001
7054.69 54.24167700000001
7060.55 54.07857700000001
7066.41 53.919977
7072.27 53.76597700000001
7078.12 53.61667700000001
7083.98 53.472177
7089.84 53.332277000000005
7095.7 53.196977000000004
7101.56 53.06617700000001
7107.42 52.939677
7113.28 52.817677
7119.14 52.699977000000004
7125.0 52.58667700000001
7130.86 52.47787700000001
7136.72 52.373677
7142.58 52.274377
7148.44 52.180077000000004
7154.3 52.091177
7160.16 52.007977000000004
7166.02 51.930777000000006
7171.88 51.860077000000004
7177.73 51.79617700000001
7183.59 51.739477
7189.45 51.690277
7195.31 51.649077000000005
7201.17 51.615977
7207.03 51.591177
7212.89 51.574977000000004
7218.75 51.567177
7224.61 51.567677
7230.47 51.576377
7236.33 51.592877
7242.19 51.61657700000001
7248.05 51.64697700000001
7253.91 51.68317700000001
7259.77 51.72447700000001
7265.62 51.769877
7271.48 51.818477
7277.34 51.86917700000001
7283.2 51.920877000000004
7289.06 51.972877000000004
7294.92 52.023977
7300.78 52.07357700000001
7306.64 52.12087700000001
7312.5 52.16517700000001
7318.36 52.206177000000004
7324.22 52.243577
7330.08 52.277177
7335.94 52.306977
7341.8 52.333277
7347.66 52.356277000000006
7353.52 52.376577000000005
7359.38 52.394677
7365.23 52.41117700000001
7371.09 52.426877000000005
7376.95 52.44237700000001
7382.81 52.458477
7388.67 52.475677000000005
7394.53 52.49457700000001
7400.39 52.51557700000001
7406.25 52.53877700000001
7412.11 52.564277000000004
7417.97 52.59187700000001
7423.83 52.621277000000006
7429.69 52.65177700000001
7435.55 52.682677
7441.41 52.713077
7447.27 52.741877
7453.12 52.768077000000005
7458.98 52.79037700000001
7464.84 52.807777
7470.7 52.818977000000004
7476.56 52.823077
7482.42 52.81907700000001
7488.28 52.80627700000001
7494.14 52.78407700000001
7500.0 52.752077
7505.86 52.710177
7511.72 52.658477000000005
7517.58 52.597277000000005
7523.44 52.48307700000001
7529.3 52.402277
7535.16 52.315277
7541.02 52.223377000000006
7546.88 52.173777
7552.73 52.078777
7558.59 51.982577000000006
7564.45 51.886577
7570.31 51.792377
7576.17 51.700877000000006
7582.03 51.61317700000001
7587.89 51.530077000000006
7593.75 51.451677000000004
7599.61 51.378177
7605.47 51.309277
7611.33 51.24417700000001
7617.19 51.181977
7623.05 51.121377
7628.91 51.060977
7634.77 50.999177
7640.62 50.934277
7646.48 50.86467700000001
7652.34 50.788777
7658.2 50.705077
7664.06 50.612477000000005
7669.92 50.50977700000001
7675.78 50.39657700000001
7681.64 50.272277
7687.5 50.136977
7693.36 49.991077000000004
7699.22 49.835077000000005
7705.08 49.670277000000006
7710.94 49.497877
7716.8 49.319677000000006
7722.66 49.137377
7728.52 48.953177000000004
7734.38 48.769077
7740.23 48.587177000000004
7746.09 48.409477
7751.95 48.237777
7757.81 48.073277000000004
7763.67 47.917077000000006
7769.53 47.769877
7775.39 47.631477000000004
7781.25 47.501677
7787.11 47.379477
7792.97 47.263577000000005
7798.83 47.152377
7804.69 47.043777000000006
7810.55 46.935677000000005
7816.41 46.825977
7822.27 46.712577
7828.12 46.59327700000001
7833.98 46.466377
7839.84 46.330277
7845.7 46.183777000000006
7851.56 46.026077
7857.42 45.856677000000005
7863.28 45.675477
7869.14 45.482977000000005
7875.0 45.279877000000006
7880.86 45.067677
7886.72 44.847877000000004
7892.58 44.62257700000001
7898.44 44.394177000000006
7904.3 44.165477
7910.16 43.93937700000001
7916.02 43.718777
7921.88 43.50677700000001
7927.73 43.305977000000006
7933.59 43.119077000000004
7939.45 42.948077000000005
7945.31 42.794577000000004
7951.17 42.659677
7957.03 42.543577000000006
7962.89 42.446077
7968.75 42.36617700000001
7974.61 42.302277000000004
7980.47 42.252477000000006
7986.33 42.214277
7992.19 42.185177
7998.05 42.162277
8003.91 42.142877000000006
8009.77 42.124277000000006
8015.62 42.10437700000001
8021.48 42.080877
8027.34 42.05237700000001
8033.2 42.017677000000006
8039.06 41.97617700000001
8044.92 41.927677
8050.78 41.872777000000006
8056.64 41.812377000000005
8062.5 41.748077
8068.36 41.681777000000004
8074.22 41.615877000000005
8080.08 41.552977000000006
8085.94 41.49587700000001
8091.8 41.447377
8097.66 41.409977000000005
8103.52 41.38587700000001
8109.38 41.37687700000001
8115.23 41.383877000000005
8121.09 41.407377000000004
8126.95 41.446677
8132.81 41.50057700000001
8138.67 41.567077000000005
8144.53 41.643277000000005
8150.39 41.72617700000001
8156.25 41.811877
8162.11 41.896477000000004
8167.97 41.976077000000004
8173.83 42.046677
8179.69 42.104577000000006
8185.55 42.146177
8191.41 42.168677
8197.27 42.169377000000004
8203.12 42.145977
8208.98 42.097177
8214.84 42.021677000000004
8220.7 41.919177000000005
8226.56 41.78997700000001
8232.42 41.634977000000006
8238.28 41.45627700000001
8244.14 41.256677
8250.0 41.039877000000004
8255.86 40.810977
8261.72 40.575777
8267.58 40.340877000000006
8273.44 40.11317700000001
8279.3 39.89977700000001
8285.16 39.707077000000005
8291.02 39.540477
8296.88 39.404177000000004
8302.73 39.300477
8308.59 39.229677
8314.45 39.190577000000005
8320.31 39.179577
8326.17 39.191477000000006
8332.03 39.21977700000001
8337.89 39.256477000000004
8343.75 39.29337700000001
8349.61 39.321777000000004
8355.47 39.333477
8361.33 39.320977000000006
8367.19 39.277577
8373.05 39.197577
8378.91 39.076677000000004
8384.77 38.911577
8390.62 38.700577
8396.48 38.443477
8402.34 38.14227700000001
8408.2 37.801477000000006
8414.06 37.428977
8419.92 37.036177
8425.78 36.637877
8431.64 36.251677
8437.5 35.895877000000006
8443.36 35.58747700000001
8449.22 35.340577
8455.08 35.165077000000004
8460.94 35.066977
8466.8 35.047777
8472.66 35.105077
8478.52 35.23197700000001
8484.38 35.417677000000005
8490.23 35.647377000000006
8496.09 35.903477
8501.95 36.167777
8507.81 36.423377
8513.67 36.65617700000001
8519.53 36.855977
8525.39 37.016277
8531.25 37.133977
8537.11 37.208677
8542.97 37.242277
8548.83 37.238677
8554.69 37.203377
8560.55 37.143377
8566.41 37.066977
8572.27 36.983277
8578.12 36.90167700000001
8583.98 36.831577
8589.84 36.781777000000005
8595.7 36.759477000000004
8601.56 36.770377
8607.42 36.818277
8613.28 36.904777
8619.14 37.02927700000001
8625.0 37.189177
8630.86 37.38007700000001
8636.72 37.596177000000004
8642.58 37.830577000000005
8648.44 38.075977
8654.3 38.325177000000004
8660.16 38.571977000000004
8666.02 38.810877000000005
8671.88 39.037677
8677.73 39.249577
8683.59 39.445077000000005
8689.45 39.62387700000001
8695.31 39.786577
8701.17 39.935277000000006
8707.03 40.072377
8712.89 40.20157700000001
8718.75 40.32677700000001
8724.61 40.452477
8730.47 40.583177000000006
8736.33 40.723577000000006
8742.19 40.877577
8748.05 41.048977
8753.91 41.240377
8759.77 41.453677000000006
8765.62 41.68957700000001
8771.48 41.947677000000006
8777.34 42.22637700000001
8783.2 42.52327700000001
8789.06 42.835177
8794.92 43.157977
8800.78 43.487377
8806.64 43.81907700000001
8812.5 44.148577
8818.36 44.471877000000006
8824.22 44.78547700000001
8830.08 45.086177000000006
8835.94 45.371777
8841.8 45.640277000000005
8847.66 45.89057700000001
8853.52 46.122077000000004
8859.38 46.334677000000006
8865.23 46.528877
8871.09 46.705577000000005
8876.95 46.865877000000005
8882.81 47.011377
8888.67 47.144077
8894.53 47.26577700000001
8900.39 47.37877700000001
8906.25 47.48517700000001
8912.11 47.587177000000004
8917.97 47.686777000000006
8923.83 47.78567700000001
8929.69 47.885377000000005
8935.55 47.987177
8941.41 48.091677000000004
8947.27 48.199277
8953.12 48.309977
8958.98 48.423177
8964.84 48.538277
8970.7 48.654077
8976.56 48.769277
8982.42 48.882477
8988.28 48.992077
8994.14 49.096577
9000.0 49.194777
9005.86 49.285377000000004
9011.72 49.367277
9017.58 49.439877
9023.44 49.502677000000006
9029.3 49.55557700000001
9035.16 49.598777000000005
9041.02 49.63287700000001
9046.88 49.658577
9052.73 49.677077000000004
9058.59 49.68957700000001
9064.45 49.697877000000005
9070.31 49.70347700000001
9076.17 49.708177000000006
9082.03 49.713677000000004
9087.89 49.72167700000001
9093.75 49.733777
9099.61 49.751177000000006
9105.47 49.774877000000004
9111.33 49.805477
9117.19 49.84327700000001
9123.05 49.888277
9128.91 49.939677
9134.77 49.996877000000005
9140.62 50.05857700000001
9146.48 50.123177000000005
9152.34 50.189177
9158.2 50.254677
9164.06 50.317877
9169.92 50.376777000000004
9175.78 50.429777
9181.64 50.474977
9187.5 50.51107700000001
9193.36 50.533377
9199.22 50.540877
9205.08 50.535977
9210.94 50.518377
9216.8 50.488077000000004
9222.66 50.45477700000001
9228.52 50.406477
9234.38 50.346877000000006
9240.23 50.276877000000006
9246.09 50.197677000000006
9251.95 50.110677
9257.81 50.017677000000006
9263.67 49.920677000000005
9269.53 49.821477
9275.39 49.722377
9281.25 49.62537700000001
9287.11 49.532777
9292.97 49.446477
9298.83 49.368177
9304.69 49.299677
9310.55 49.241977000000006
9316.41 49.196177000000006
9322.27 49.162877
9328.12 49.142177000000004
9333.98 49.133877000000005
9339.84 49.137677000000004
9345.7 49.15277700000001
9351.56 49.178077
9357.42 49.212377000000004
9363.28 49.254477
9369.14 49.302777000000006
9375.0 49.356077000000006
9380.86 49.412977000000005
9386.72 49.472277000000005
9392.58 49.532877000000006
9398.44 49.593977
9404.3 49.65467700000001
9410.16 49.714577000000006
9416.02 49.773377
9421.88 49.830777000000005
9427.73 49.886877000000005
9433.59 49.941977
9439.45 49.996377
9445.31 50.050477
9451.17 50.105177000000005
9457.03 50.160977
9462.89 50.218877000000006
9468.75 50.279577
9474.61 50.343977
9480.47 50.413077
9486.33 50.487577
9492.19 50.568277
9498.05 50.65577700000001
9503.91 50.750477000000004
9509.77 50.85287700000001
9515.62 50.962877000000006
9521.48 51.080477
9527.34 51.205377000000006
9533.2 51.336977000000005
9539.06 51.47467700000001
9544.92 51.617577000000004
9550.78 51.76447700000001
9556.64 51.914377
9562.5 52.065977000000004
9568.36 52.218077
9574.22 52.369277000000004
9580.08 52.518377
9585.94 52.66417700000001
9591.8 52.805677
9597.66 52.941777
9603.52 53.071877
9609.38 53.195277000000004
9615.23 53.31137700000001
9621.09 53.419877
9626.95 53.52077700000001
9632.81 53.613977000000006
9638.67 53.699577000000005
9644.53 53.777877000000004
9650.39 53.849177
9656.25 53.91417700000001
9662.11 53.973077
9667.97 54.02667700000001
9673.83 54.075377
9679.69 54.11967700000001
9685.55 54.16027700000001
9691.41 54.197477000000006
9697.27 54.231677000000005
9703.12 54.263177
9708.98 54.292077000000006
9714.84 54.318477
9720.7 54.34227700000001
9726.56 54.363377
9732.42 54.38157700000001
9738.28 54.396377
9744.14 54.407477
9750.0 54.414477000000005
9755.86 54.41677700000001
9761.72 54.413977
9767.58 54.405477000000005
9773.44 54.39097700000001
9779.3 54.37007700000001
9785.16 54.34227700000001
9791.02 54.30757700000001
9796.88 54.26567700000001
9802.73 54.216577
9808.59 54.16037700000001
9814.45 54.097077
9820.31 54.026977
9826.17 53.950277
9832.03 53.86747700000001
9837.89 53.77887700000001
9843.75 53.684877
9849.61 53.58587700000001
9855.47 53.482377
9861.33 53.374677000000005
9867.19 53.26307700000001
9873.05 53.147777000000005
9878.91 53.028977
9884.77 52.906777000000005
9890.62 52.78107700000001
9896.48 52.651877
9902.34 52.51897700000001
9908.2 52.38207700000001
9914.06 52.24117700000001
9919.92 52.095777000000005
9925.78 51.94577700000001
9931.64 51.790977000000005
9937.5 51.631277000000004
9943.36 51.46677700000001
9949.22 51.297777
9955.08 51.124577
9960.94 50.947777
9966.8 50.768377
9972.66 50.587377000000004
9978.52 50.406277
9984.38 50.226677
9990.23 50.050477
9996.09 49.879677
10002.0 49.71677700000001
10007.8 49.563977
10013.7 49.423777
10019.5 49.298677000000005
10025.4 49.19107700000001
10031.2 49.103177
10037.1 49.036877000000004
10043.0 48.993977
10048.8 48.975677000000005
10054.7 48.983077
10060.5 49.016477
10066.4 49.076077000000005
10072.3 49.161277000000005
10078.1 49.271177
10084.0 49.404577
10089.8 49.559577000000004
10095.7 49.734177
10101.6 49.926177
10107.4 50.132977000000004
10113.3 50.351877
10119.1 50.580177000000006
10125.0 50.815277
10130.9 51.054277000000006
10136.7 51.29487700000001
10142.6 51.534477
10148.4 51.770977
10154.3 52.00227700000001
10160.2 52.226777000000006
10166.0 52.44287700000001
10171.9 52.649277
10177.7 52.845077
10183.6 53.029577
10189.5 53.202177000000006
10195.3 53.362677000000005
10201.2 53.511077
10207.0 53.647677
10212.9 53.77287700000001
10218.8 53.88717700000001
10224.6 53.991477
10230.5 54.086577000000005
10236.3 54.17357700000001
10242.2 54.253477000000004
10248.0 54.327577000000005
10253.9 54.396877
10259.8 54.46257700000001
10265.6 54.525677
10271.5 54.587277
10277.3 54.648077
10283.2 54.708777
10289.1 54.769977
10294.9 54.831777
10300.8 54.89447700000001
10306.6 54.95787700000001
10312.5 55.021777
10318.4 55.085677000000004
10324.2 55.148877
10330.1 55.21077700000001
10335.9 55.270577
10341.8 55.32727700000001
10347.7 55.380077
10353.5 55.428177000000005
10359.4 55.470477
10365.2 55.506477000000004
10371.1 55.53537700000001
10377.0 55.55677700000001
10382.8 55.570077
10388.7 55.57517700000001
10394.5 55.571877
10400.4 55.560277
10406.2 55.540577
10412.1 55.513177
10418.0 55.47837700000001
10423.8 55.436977
10429.7 55.389577
10435.5 55.336977000000005
10441.4 55.280077000000006
10447.3 55.219577
10453.1 55.156377000000006
10459.0 55.09137700000001
10464.8 55.025277
10470.7 54.958777
10476.6 54.892477
10482.4 54.82687700000001
10488.3 54.762377
10494.1 54.698977
10500.0 54.636877
10505.9 54.576077
10511.7 54.516177
10517.6 54.45697700000001
10523.4 54.397977
10529.3 54.33877700000001
10535.2 54.27887700000001
10541.0 54.217577000000006
10546.9 54.15437700000001
10552.7 54.088677000000004
10558.6 54.020177000000004
10564.5 53.948277000000004
10570.3 53.872777
10576.2 53.79347700000001
10582.0 53.710077
10587.9 53.622777
10593.8 53.53147700000001
10599.6 53.436677
10605.5 53.338477
10611.3 53.237477
10617.2 53.13417700000001
10623.0 53.029077
10628.9 52.922977
10634.8 52.81657700000001
10640.6 52.710477
10646.5 52.60557700000001
10652.3 52.502477
10658.2 52.401877
10664.1 52.304477000000006
10669.9 52.21077700000001
10675.8 52.121277000000006
10681.6 52.036377
10687.5 51.95627700000001
10693.4 51.88137700000001
10699.2 51.811677
10705.1 51.74717700000001
10710.9 51.68787700000001
10716.8 51.633577
10722.7 51.58407700000001
10728.5 51.539277000000006
10734.4 51.498777000000004
10740.2 51.46247700000001
10746.1 51.430077000000004
10752.0 51.40127700000001
10757.8 51.376077
10763.7 51.35417700000001
10769.5 51.33557700000001
10775.4 51.32037700000001
10781.2 51.308477
10787.1 51.300077
10793.0 51.295277000000006
10798.8 51.294377000000004
10804.7 51.29747700000001
10810.5 51.305077000000004
10816.4 51.317277000000004
10822.3 51.334377
10828.1 51.356577
10834.0 51.384177
10839.8 51.417277000000006
10845.7 51.455877
10851.6 51.499977
10857.4 51.549577000000006
10863.3 51.63927700000001
10869.1 51.700877000000006
10875.0 51.766677
10880.9 51.836177000000006
10886.7 51.908877000000004
10892.6 51.983977
10898.4 52.060977
10904.3 52.100877000000004
10910.2 52.178377000000005
10916.0 52.256177
10921.9 52.333377000000006
10927.7 52.409577
10933.6 52.484077
10939.5 52.556477
10945.3 52.62647700000001
10951.2 52.69367700000001
10957.0 52.75787700000001
10962.9 52.81917700000001
10968.8 52.87737700000001
10974.6 52.932877000000005
10980.5 52.98567700000001
10986.3 53.03617700000001
10992.2 53.084677
10998.0 53.131877
11003.9 53.177977
11009.8 53.223477
11015.6 53.26897700000001
11021.5 53.31477700000001
11027.3 53.361277
11033.2 53.408777
11039.1 53.45737700000001
11044.9 53.50707700000001
11050.8 53.55797700000001
11056.6 53.60977700000001
11062.5 53.662277
11068.4 53.714877
11074.2 53.767077
11080.1 53.81827700000001
11085.9 53.867777000000004
11091.8 53.914677
11097.7 53.958177000000006
11103.5 53.99757700000001
11109.4 54.031777000000005
11115.2 54.06017700000001
11121.1 54.08197700000001
11127.0 54.09647700000001
11132.8 54.103077
11138.7 54.101477
11144.5 54.091177
11150.4 54.071977000000004
11156.2 54.04387700000001
11162.1 54.006977000000006
11168.0 53.961377
11173.8 53.90767700000001
11179.7 53.84607700000001
11185.5 53.777377
11191.4 53.70227700000001
11197.3 53.621477
11203.1 53.535877
11209.0 53.446477
11214.8 53.353977
11220.7 53.259477000000004
11226.6 53.16367700000001
11232.4 53.06737700000001
11238.3 52.971177
11244.1 52.875777
11250.0 52.78147700000001
11255.9 52.68857700000001
11261.7 52.597277000000005
11267.6 52.507577
11273.4 52.419177000000005
11279.3 52.331977
11285.2 52.245577000000004
11291.0 52.159377000000006
11296.9 52.072977
11302.7 51.985877
11308.6 51.897377000000006
11314.5 51.80707700000001
11320.3 51.714477
11326.2 51.619277000000004
11332.0 51.521277000000005
11337.9 51.420377
11343.8 51.316677000000006
11349.6 51.210477000000004
11355.5 51.102077
11361.3 50.992177000000005
11367.2 50.881677
11373.0 50.771277000000005
11378.9 50.662377000000006
11384.8 50.555877
11390.6 50.45327700000001
11396.5 50.35587700000001
11402.3 50.265077000000005
11408.2 50.182277000000006
11414.1 50.108577000000004
11419.9 50.045377
11425.8 49.993677000000005
11431.6 49.954377
11437.5 49.928177000000005
11443.4 49.915477
11449.2 49.91667700000001
11455.1 49.931477
11460.9 49.959877000000006
11466.8 50.001177000000006
11472.7 50.054777
11478.5 50.119677
11484.4 50.194677000000006
11490.2 50.278477
11496.1 50.369877
11502.0 50.46717700000001
11507.8 50.568977000000004
11513.7 50.673777
11519.5 50.780177
11525.4 50.886877000000005
11531.2 50.992377000000005
11537.1 51.095877
11543.0 51.196277
11548.8 51.292877000000004
11554.7 51.385077
11560.5 51.472577
11566.4 51.555277000000004
11572.3 51.63307700000001
11578.1 51.706177000000004
11584.0 51.77497700000001
11589.8 51.839977000000005
11595.7 51.901777
11601.6 51.960877
11607.4 52.018077000000005
11613.3 52.073877
11619.1 52.129077
11625.0 52.184177000000005
11630.9 52.239477
11636.7 52.295377
11642.6 52.351977000000005
11648.4 52.409377000000006
11654.3 52.46717700000001
11660.2 52.525277
11666.0 52.58287700000001
11671.9 52.639477
11677.7 52.69417700000001
11683.6 52.746077
11689.5 52.794177000000005
11695.3 52.83747700000001
11701.2 52.874877
11707.0 52.905277
11712.9 52.92787700000001
11718.8 52.94157700000001
11724.6 52.945577
11730.5 52.93947700000001
11736.3 52.922477
11742.2 52.89447700000001
11748.0 52.855277
11753.9 52.804877000000005
11759.8 52.743677000000005
11765.6 52.672077
11771.5 52.59057700000001
11777.3 52.50027700000001
11783.2 52.401977
11789.1 52.296977000000005
11794.9 52.18637700000001
11800.8 52.071577000000005
11806.6 51.953877000000006
11812.5 51.834677000000006
11818.4 51.71527700000001
11824.2 51.596877000000006
11830.1 51.480577000000004
11835.9 51.367177000000005
11841.8 51.257477
11847.7 51.151877000000006
11853.5 51.05067700000001
11859.4 50.953977
11865.2 50.861377000000005
11871.1 50.772577000000005
11877.0 50.686777000000006
11882.8 50.603277000000006
11888.7 50.521077000000005
11894.5 50.439077000000005
11900.4 50.356277000000006
11906.2 50.271377
11912.1 50.183477
11918.0 50.091577
11923.8 49.994677
11929.7 49.892177000000004
11935.5 49.783477000000005
11941.4 49.66837700000001
11947.3 49.546577000000006
11953.1 49.41837700000001
11959.0 49.28417700000001
11964.8 49.144477
11970.7 49.000077000000005
11976.6 48.852177000000005
11982.4 48.70197700000001
11988.3 48.550977
11994.1 48.400577000000006
12000.0 48.252677000000006
12005.9 48.108977
12011.7 47.971177000000004
12017.6 47.841277000000005
12023.4 47.720877
12029.3 47.61167700000001
12035.2 47.514977
12041.0 47.432177
12046.9 47.364177000000005
12052.7 47.311777000000006
12058.6 47.275277
12064.5 47.254977000000004
12070.3 47.25057700000001
12076.2 47.261777
12082.0 47.287577000000006
12087.9 47.327077
12093.8 47.379077
12099.6 47.442177
12105.5 47.514677000000006
12111.3 47.59517700000001
12117.2 47.681777000000004
12123.0 47.772877
12128.9 47.866977000000006
12134.8 47.96247700000001
12140.6 48.058077000000004
12146.5 48.152577
12152.3 48.244877
12158.2 48.334177000000004
12164.1 48.419977
12169.9 48.501677
12175.8 48.579277000000005
12181.6 48.652677000000004
12187.5 48.722077000000006
12193.4 48.787777000000006
12199.2 48.850277000000006
12205.1 48.909977000000005
12210.9 48.967577000000006
12216.8 49.023777
12222.7 49.079077000000005
12228.5 49.134177
12234.4 49.18957700000001
12240.2 49.24567700000001
12246.1 49.302777000000006
12252.0 49.361177000000005
12257.8 49.420677000000005
12263.7 49.481277000000006
12269.5 49.542577
12275.4 49.60417700000001
12281.2 49.665477
12287.1 49.725677000000005
12293.0 49.78397700000001
12298.8 49.839477
12304.7 49.891277
12310.5 49.938377
12316.4 49.979777000000006
12322.3 50.014577
12328.1 50.041977
12334.0 50.061277000000004
12339.8 50.07187700000001
12345.7 50.07337700000001
12351.6 50.065477
12357.4 50.04787700000001
12363.3 50.020877000000006
12369.1 49.984477000000005
12375.0 49.939177
12380.9 49.885477
12386.7 49.823877
12392.6 49.75527700000001
12398.4 49.680477
12404.3 49.600177
12410.2 49.515377
12416.0 49.426877000000005
12421.9 49.335377
12427.7 49.241677
12433.6 49.146277000000005
12439.5 49.049677
12445.3 48.95197700000001
12451.2 48.853277000000006
12457.0 48.753477000000004
12462.9 48.652377
12468.8 48.549277000000004
12474.6 48.443777000000004
12480.5 48.334977
12486.3 48.221877000000006
12492.2 48.103777
12498.0 47.979477
12503.9 47.84797700000001
12509.8 47.708477
12515.6 47.55987700000001
12521.5 47.40147700000001
12527.3 47.232677
12533.2 46.943777000000004
12539.1 46.74757700000001
12544.9 46.540877
12550.8 46.323977000000006
12556.6 46.097577
12562.5 45.862777
12568.4 45.620777000000004
12574.2 45.373277
12580.1 45.24307700000001
12585.9 44.994077000000004
12591.8 44.745277
12597.7 44.499177
12603.5 44.258377
12609.4 44.025977000000005
12615.2 43.804777
12621.1 43.59777700000001
12627.0 43.408077000000006
12632.8 43.23837700000001
12638.7 43.091177
12644.5 42.968877000000006
12650.4 42.873277
12656.2 42.805777000000006
12662.1 42.76747700000001
12668.0 42.758877000000005
12673.8 42.779777
12679.7 42.82977700000001
12685.5 42.907977
12691.4 43.01277700000001
12697.3 43.142377
12703.1 43.29447700000001
12709.0 43.466877000000004
12714.8 43.656577000000006
12720.7 43.860877
12726.6 44.076877
12732.4 44.301777
12738.3 44.532877000000006
12744.1 44.767577
12750.0 45.003677
12755.9 45.239377000000005
12761.7 45.47297700000001
12767.6 45.70327700000001
12773.4 45.929577
12779.3 46.151177000000004
12785.2 46.367977
12791.0 46.57997700000001
12796.9 46.787477
12802.7 46.990677000000005
12808.6 47.190277
12814.5 47.386777
12820.3 47.580777000000005
12826.2 47.772677
12832.0 47.963077000000006
12837.9 48.152277000000005
12843.8 48.340577
12849.6 48.527877000000004
12855.5 48.714377000000006
12861.3 48.899677000000004
12867.2 49.083577000000005
12873.0 49.265377
12878.9 49.444577
12884.8 49.620477
12890.6 49.792277000000006
12896.5 49.95907700000001
12902.3 50.120077
12908.2 50.274377
12914.1 50.42117700000001
12919.9 50.559777000000004
12925.8 50.689677
12931.6 50.810177
12937.5 50.921077000000004
12943.4 51.022277
12949.2 51.113477
12955.1 51.195077000000005
12960.9 51.267177000000004
12966.8 51.330277
12972.7 51.384977000000006
12978.5 51.43187700000001
12984.4 51.471577
12990.2 51.50507700000001
12996.1 51.533077000000006
13002.0 51.556277
13007.8 51.575577
13013.7 51.591677000000004
13019.5 51.604977000000005
13025.4 51.616077000000004
13031.2 51.62537700000001
13037.1 51.632977000000004
13043.0 51.638977000000004
13048.8 51.643377
13054.7 51.645777
13060.5 51.645777
13066.4 51.642977
13072.3 51.636577
13078.1 51.625977000000006
13084.0 51.610277
13089.8 51.588577
13095.7 51.56007700000001
13101.6 51.523877000000006
13107.4 51.479077000000004
13113.3 51.425077
13119.1 51.361077
13125.0 51.286677000000005
13130.9 51.201277000000005
13136.7 51.104777000000006
13142.6 50.997077000000004
13148.4 50.878077000000005
13154.3 50.748277
13160.2 50.607777000000006
13166.0 50.457277000000005
13171.9 50.297377000000004
13177.7 50.128877
13183.6 49.952577000000005
13189.5 49.769277
13195.3 49.580077
13201.2 49.385777000000004
13207.0 49.187077
13212.9 48.98497700000001
13218.8 48.779977
13224.6 48.572677000000006
13230.5 48.36357700000001
13236.3 48.152877000000004
13242.2 47.940677
13248.0 47.727077
13253.9 47.511877000000005
13259.8 47.295077000000006
13265.6 47.076277000000005
13271.5 46.855377000000004
13277.3 46.632077
13283.2 46.406477
13289.1 46.178477
13294.9 45.94837700000001
13300.8 45.71677700000001
13306.6 45.484577
13312.5 45.252877000000005
13318.4 45.02327700000001
13324.2 44.79767700000001
13330.1 44.577977000000004
13335.9 44.36657700000001
13341.8 44.165877
13347.7 43.978477000000005
13353.5 43.806777000000004
13359.4 43.65297700000001
13365.2 43.519377000000006
13371.1 43.407877000000006
13377.0 43.320077000000005
13382.8 43.257477
13388.7 43.221077
13394.5 43.211377000000006
13400.4 43.228777
13406.2 43.273177000000004
13412.1 43.343977
13418.0 43.440277
13423.8 43.560777
13429.7 43.703677000000006
13435.5 43.867277
13441.4 44.049277000000004
13447.3 44.247477
13453.1 44.459577
13459.0 44.683077000000004
13464.8 44.915877
13470.7 45.155477000000005
13476.6 45.399877000000004
13482.4 45.64697700000001
13488.3 45.894577000000005
13494.1 46.14097700000001
13500.0 46.384277000000004
13505.9 46.622877
13511.7 46.855177000000005
13517.6 47.07977700000001
13523.4 47.295377
13529.3 47.500977000000006
13535.2 47.69557700000001
13541.0 47.878677
13546.9 48.049677
13552.7 48.208377000000006
13558.6 48.354577000000006
13564.5 48.488477
13570.3 48.610277
13576.2 48.720577000000006
13582.0 48.819977
13587.9 48.909077
13593.8 48.988877
13599.6 49.06007700000001
13605.5 49.12387700000001
13611.3 49.180977000000006
13617.2 49.232477
13623.0 49.27927700000001
13628.9 49.32207700000001
13634.8 49.36187700000001
13640.6 49.399177
13646.5 49.434477
13652.3 49.468377000000004
13658.2 49.500977000000006
13664.1 49.53247700000001
13669.9 49.562977000000004
13675.8 49.592377000000006
13681.6 49.620377000000005
13687.5 49.64677700000001
13693.4 49.67117700000001
13699.2 49.693077
13705.1 49.71227700000001
13710.9 49.728177
13716.8 49.740277000000006
13722.7 49.748377000000005
13728.5 49.752177
13734.4 49.751377000000005
13740.2 49.74587700000001
13746.1 49.735677
13752.0 49.720877
13757.8 49.70177700000001
13763.7 49.678577000000004
13769.5 49.65167700000001
13775.4 49.621677000000005
13781.2 49.58917700000001
13787.1 49.554477000000006
13793.0 49.518477000000004
13798.8 49.481677000000005
13804.7 49.444477000000006
13810.5 49.40747700000001
13816.4 49.37107700000001
13822.3 49.33557700000001
13828.1 49.301177
13834.0 49.267877000000006
13839.8 49.235677
13845.7 49.204377
13851.6 49.173577
13857.4 49.142877000000006
13863.3 49.111777000000004
13869.1 49.079677000000004
13875.0 49.045777
13880.9 49.009277000000004
13886.7 48.969577
13892.6 48.92587700000001
13898.4 48.877477000000006
13904.3 48.82377700000001
13910.2 48.76407700000001
13916.0 48.698177
13921.9 48.62557700000001
13927.7 48.546277
13933.6 48.460377
13939.5 48.36787700000001
13945.3 48.269377000000006
13951.2 48.165477
13957.0 48.05687700000001
13962.9 47.944477000000006
13968.8 47.82957700000001
13974.6 47.713177
13980.5 47.59667700000001
13986.3 47.481577
13992.2 47.369277000000004
13998.0 47.26127700000001
14003.9 47.158877000000004
14009.8 47.063577
14015.6 46.97637700000001
14021.5 46.898677000000006
14027.3 46.831177000000004
14033.2 46.774677000000004
14039.1 46.729677
14044.9 46.696577000000005
14050.8 46.675377000000005
14056.6 46.665877
14062.5 46.667777
14068.4 46.680477
14074.2 46.703177000000004
14080.1 46.73497700000001
14085.9 46.77477700000001
14091.8 46.821477
14097.7 46.873677
14103.5 46.93037700000001
14109.4 46.990277000000006
14115.2 47.052077000000004
14121.1 47.11487700000001
14127.0 47.177677
14132.8 47.239577000000004
14138.7 47.299977000000005
14144.5 47.358377000000004
14150.4 47.414477000000005
14156.2 47.468177000000004
14162.1 47.519477
14168.0 47.568577000000005
14173.8 47.615777
14179.7 47.661677000000005
14185.5 47.706677000000006
14191.4 47.751277
14197.3 47.796277
14203.1 47.868477000000006
14209.0 47.917377
14214.8 47.967877
14220.7 48.02027700000001
14226.6 48.074677
14232.4 48.131077000000005
14238.3 48.189077000000005
14244.1 48.248377000000005
14250.0 48.30837700000001
14255.9 48.339377000000006
14261.7 48.397577000000005
14267.6 48.454477000000004
14273.4 48.509177
14279.3 48.560577
14285.2 48.607677
14291.0 48.649477000000005
14296.9 48.684977
14302.7 48.713077000000006
14308.6 48.732877
14314.5 48.743577
14320.3 48.74457700000001
14326.2 48.73517700000001
14332.0 48.715077
14337.9 48.684077
14343.8 48.642177000000004
14349.6 48.589577000000006
14355.5 48.526577
14361.3 48.453877000000006
14367.2 48.372077000000004
14373.0 48.282077
14378.9 48.184777000000004
14384.8 48.08127700000001
14390.6 47.972677000000004
14396.5 47.86017700000001
14402.3 47.744777000000006
14408.2 47.627577
14414.1 47.509677
14419.9 47.391777000000005
14425.8 47.274877000000004
14431.6 47.159377000000006
14437.5 47.04597700000001
14443.4 46.934977
14449.2 46.826377
14455.1 46.720377000000006
14460.9 46.616777000000006
14466.8 46.515277000000005
14472.7 46.415477
14478.5 46.316777
14484.4 46.21867700000001
14490.2 46.120477
14496.1 46.02157700000001
14502.0 45.921077000000004
14507.8 45.818577000000005
14513.7 45.713377
14519.5 45.605177000000005
14525.4 45.493477000000006
14531.2 45.378177
14537.1 45.25937700000001
14543.0 45.137277000000005
14548.8 45.012177
14554.7 44.88477700000001
14560.5 44.755877000000005
14566.4 44.626277
14572.3 44.497277000000004
14578.1 44.369877
14584.0 44.24567700000001
14589.8 44.12577700000001
14595.7 44.011877000000005
14601.6 43.905177
14607.4 43.807277000000006
14613.3 43.719277000000005
14619.1 43.64247700000001
14625.0 43.57807700000001
14630.9 43.526777
14636.7 43.489477
14642.6 43.466677000000004
14648.4 43.458777000000005
14654.3 43.465977
14660.2 43.48817700000001
14666.0 43.525177000000006
14671.9 43.576477000000004
14677.7 43.641477
14683.6 43.719477000000005
14689.5 43.809477
14695.3 43.91047700000001
14701.2 44.021477000000004
14707.0 44.141177000000006
14712.9 44.268477000000004
14718.8 44.402277000000005
14724.6 44.541377000000004
14730.5 44.68487700000001
14736.3 44.831677000000006
14742.2 44.980977
14748.0 45.132077
14753.9 45.284377000000006
14759.8 45.437177000000005
14765.6 45.59027700000001
14771.5 45.743177
14777.3 45.895577
14783.2 46.04747700000001
14789.1 46.198677
14794.9 46.348977000000005
14800.8 46.498377000000005
14806.6 46.646677000000004
14812.5 46.793777000000006
14818.4 46.93937700000001
14824.2 47.083477
14830.1 47.225577
14835.9 47.365577
14841.8 47.502877000000005
14847.7 47.637177
14853.5 47.767877000000006
14859.4 47.894577000000005
14865.2 48.016677
14871.1 48.133477000000006
14877.0 48.24457700000001
14882.8 48.34947700000001
14888.7 48.447477000000006
14894.5 48.538377000000004
14900.4 48.621677000000005
14906.2 48.69727700000001
14912.1 48.764977
14918.0 48.824677
14923.8 48.876777000000004
14929.7 48.921277
14935.5 48.958577000000005
14941.4 48.989277
14947.3 49.013977000000004
14953.1 49.033077000000006
14959.0 49.04747700000001
14964.8 49.057777
14970.7 49.06457700000001
14976.6 49.068677
14982.4 49.07057700000001
14988.3 49.070677
14994.1 49.069477000000006
15000.0 49.067177
15005.9 49.063877000000005
15011.7 49.059577000000004
15017.6 49.054177
15023.4 49.047177000000005
15029.3 49.038377000000004
15035.2 49.026977
15041.0 49.012377
15046.9 48.993677000000005
15052.7 48.970277
15058.6 48.940977000000004
15064.5 48.904977
15070.3 48.861277
15076.2 48.808977000000006
15082.0 48.747277000000004
15087.9 48.675377000000005
15093.8 48.592777000000005
15099.6 48.498777000000004
15105.5 48.393277000000005
15111.3 48.275977000000005
15117.2 48.14697700000001
15123.0 48.00657700000001
15128.9 47.854977000000005
15134.8 47.692977000000006
15140.6 47.521377
15146.5 47.341077000000006
15152.3 47.15317700000001
15158.2 46.958977000000004
15164.1 46.75977700000001
15169.9 46.556977
15175.8 46.352077
15181.6 46.146477000000004
15187.5 45.941577
15193.4 45.738877
15199.2 45.539577
15205.1 45.34497700000001
15210.9 45.15597700000001
15216.8 44.973677
15222.7 44.798777
15228.5 44.632077
15234.4 44.473977000000005
15240.2 44.324877
15246.1 44.184977
15252.0 44.054577
15257.8 43.93357700000001
15263.7 43.821977000000004
15269.5 43.719677000000004
15275.4 43.626577000000005
15281.2 43.542377
15287.1 43.467077
15293.0 43.400477
15298.8 43.342477
15304.7 43.29297700000001
15310.5 43.25207700000001
15316.4 43.21977700000001
15322.3 43.196177000000006
15328.1 43.181577000000004
15334.0 43.175977
15339.8 43.179677000000005
15345.7 43.192977000000006
15351.6 43.215977
15357.4 43.24887700000001
15363.3 43.29187700000001
15369.1 43.34497700000001
15375.0 43.408277000000005
15380.9 43.481677000000005
15386.7 43.564977000000006
15392.6 43.657977
15398.4 43.760277
15404.3 43.871477000000006
15410.2 43.990977
15416.0 44.118177
15421.9 44.252477000000006
15427.7 44.392877000000006
15433.6 44.538777
15439.5 44.689077000000005
15445.3 44.843077
15451.2 44.999677000000005
15457.0 45.158077000000006
15462.9 45.31737700000001
15468.8 45.476577000000006
15474.6 45.63477700000001
15480.5 45.791177000000005
15486.3 45.945077000000005
15492.2 46.095577000000006
15498.0 46.242077
15503.9 46.383977
15509.8 46.520677000000006
15515.6 46.65167700000001
15521.5 46.776777
15527.3 46.895377
15533.2 47.007477
15539.1 47.112777
15544.9 47.211277
15550.8 47.302677
15556.6 47.387177
15562.5 47.464677
15568.4 47.53527700000001
15574.2 47.598977000000005
15580.1 47.655677000000004
15585.9 47.705477
15591.8 47.748377000000005
15597.7 47.78417700000001
15603.5 47.81287700000001
15609.4 47.834177000000004
15615.2 47.84797700000001
15621.1 47.853877000000004
15627.0 47.851577000000006
15632.8 47.840577
15638.7 47.82057700000001
15644.5 47.791077
15650.4 47.751377000000005
15656.2 47.701077000000005
15662.1 47.639577
15668.0 47.56627700000001
15673.8 47.480777
15679.7 47.382477
15685.5 47.270977
15691.4 47.145777
15697.3 47.006677
15703.1 46.853477000000005
15709.0 46.685977
15714.8 46.504077
15720.7 46.307877000000005
15726.6 46.097577
15732.4 45.873477
15738.3 45.635777000000004
15744.1 45.385077
15750.0 45.121777
15755.9 44.84647700000001
15761.7 44.559777000000004
15767.6 44.262377
15773.4 43.95477700000001
15779.3 43.63777700000001
15785.2 43.312077
15791.0 42.978277000000006
15796.9 42.637477000000004
15802.7 42.29037700000001
15808.6 41.93827700000001
15814.5 41.582677000000004
15820.3 41.225377
15826.2 40.869077000000004
15832.0 40.516577000000005
15837.9 40.171777000000006
15843.8 39.838877000000004
15849.6 39.522577000000005
15855.5 39.22767700000001
15861.3 38.958977000000004
15867.2 38.720777000000005
15873.0 38.495377000000005
15878.9 38.354577000000006
15884.8 38.251777000000004
15890.6 38.187777000000004
15896.5 38.162677
15902.3 38.176477000000006
15908.2 38.228577
15914.1 38.318177000000006
15919.9 38.444177
15925.8 38.605177000000005
15931.6 38.757677
15937.5 38.957177
15943.4 39.18507700000001
15949.2 39.438377
15955.1 39.713677000000004
15960.9 40.006877
15966.8 40.313777
15972.7 40.629777000000004
15978.5 40.95047700000001
15984.4 41.271877
15990.2 41.590577
15996.1 41.903977000000005
16002.0 42.209977
16007.8 42.507077
16013.7 42.79447700000001
16019.5 43.071577000000005
16025.4 43.338177
16031.2 43.594277000000005
16037.1 43.839877
16043.0 44.07507700000001
16048.8 44.299977000000005
16054.7 44.514777
16060.5 44.719577
16066.4 44.914177
16072.3 45.098677
16078.1 45.272977000000004
16084.0 45.436977000000006
16089.8 45.59067700000001
16095.7 45.73367700000001
16101.6 45.86617700000001
16107.4 45.987777
16113.3 46.098777000000005
16119.1 46.198977000000006
16125.0 46.288577000000004
16130.9 46.367777000000004
16136.7 46.436677
16142.6 46.49587700000001
16148.4 46.545577
16154.3 46.586177000000006
16160.2 46.618377
16166.0 46.64247700000001
16171.9 46.659077
16177.7 46.668577000000006
16183.6 46.671477
16189.5 46.66817700000001
16195.3 46.65877700000001
16201.2 46.64377700000001
16207.0 46.623077
16212.9 46.59667700000001
16218.8 46.564477000000004
16224.6 46.52627700000001
16230.5 46.481777
16236.3 46.43037700000001
16242.2 46.371677000000005
16248.0 46.304877000000005
16253.9 46.22937700000001
16259.8 46.144377000000006
16265.6 46.04917700000001
16271.5 45.942877
16277.3 45.824877
16283.2 45.694377
16289.1 45.55087700000001
16294.9 45.39397700000001
16300.8 45.223577000000006
16306.6 45.039477000000005
16312.5 44.842077
16318.4 44.63177700000001
16324.2 44.409277
16330.1 44.175577000000004
16335.9 43.93167700000001
16341.8 43.678977
16347.7 43.418577000000006
16353.5 43.152077000000006
16359.4 42.880477000000006
16365.2 42.604977000000005
16371.1 42.326677000000004
16377.0 42.046077000000004
16382.8 41.763677
16388.7 41.479777000000006
16394.5 41.194177
16400.4 40.906477
16406.2 40.615877000000005
16412.1 40.321477
16418.0 40.021877
16423.8 39.715577
16429.7 39.400677
16435.5 39.07527700000001
16441.4 38.737277000000006
16447.3 38.384877
16453.1 38.016477
16459.0 37.631077000000005
16464.8 37.229077000000004
16470.7 36.812077
16476.6 36.383877000000005
16482.4 35.95007700000001
16488.3 35.517777
16494.1 35.094877000000004
16500.0 34.688577
16505.9 34.30537700000001
16511.7 33.95027700000001
16517.6 33.626777000000004
16523.4 33.337777
16529.3 33.085377
16535.2 32.871577
16541.0 32.69837700000001
16546.9 32.568077
16552.7 32.482777000000006
16558.6 32.445277000000004
16564.5 32.45777700000001
16570.3 32.522777000000005
16576.2 32.641877
16582.0 32.81587700000001
16587.9 33.044377000000004
16593.8 33.324877
16599.6 33.65317700000001
16605.5 34.022577000000005
16611.3 34.425177000000005
16617.2 34.852077
16623.0 35.295177
16628.9 35.74717700000001
16634.8 36.202777000000005
16640.6 36.657777
16646.5 37.109277000000006
16652.3 37.555077000000004
16658.2 37.993577
16664.1 38.42287700000001
16669.9 38.841477000000005
16675.8 39.247777000000006
16681.6 39.639677000000006
16687.5 40.01557700000001
16693.4 40.373577000000004
16699.2 40.711977000000005
16705.1 41.029177000000004
16710.9 41.324177000000006
16716.8 41.595977000000005
16722.7 41.844277000000005
16728.5 42.068977000000004
16734.4 42.27027700000001
16740.2 42.448977000000006
16746.1 42.606177
16752.0 42.742977
16757.8 42.860877
16763.7 42.961777000000005
16769.5 43.047177000000005
16775.4 43.118977
16781.2 43.178977
16787.1 43.22897700000001
16793.0 43.270577
16798.8 43.305277000000004
16804.7 43.334377
16810.5 43.359077000000006
16816.4 43.380177
16822.3 43.398577
16828.1 43.414677000000005
16834.0 43.42867700000001
16839.8 43.440677
16845.7 43.450677000000006
16851.6 43.458077
16857.4 43.46247700000001
16863.3 43.463277000000005
16869.1 43.45947700000001
16875.0 43.450177000000004
16880.9 43.434377000000005
16886.7 43.410977
16892.6 43.379177000000006
16898.4 43.337877000000006
16904.3 43.286377
16910.2 43.224077
16916.0 43.150577000000006
16921.9 43.065577000000005
16927.7 42.969277000000005
16933.6 42.861977
16939.5 42.744077000000004
16945.3 42.61617700000001
16951.2 42.479277
16957.0 42.333977000000004
16962.9 42.181177000000005
16968.8 42.02177700000001
16974.6 41.856377
16980.5 41.685577
16986.3 41.509677
16992.2 41.328977
16998.0 41.143177
17003.9 40.952177000000006
17009.8 40.755177
17015.6 40.551377
17021.5 40.339477
17027.3 40.117977
17033.2 39.884877
17039.1 39.63797700000001
17044.9 39.374577
17050.8 39.09177700000001
17056.6 38.786177
17062.5 38.453977
17068.4 38.090777
17074.2 37.692277000000004
17080.1 37.253277000000004
17085.9 36.768377
17091.8 36.231877000000004
17097.7 35.637877
17103.5 34.981277000000006
17109.4 34.258977
17115.2 33.473977000000005
17121.1 32.64077700000001
17127.0 31.789077000000006
17132.8 30.955877
17138.7 30.169877000000007
17144.5 29.445677000000003
17150.4 28.788577000000004
17156.2 28.199477
17162.1 27.678777000000004
17168.0 27.227477000000007
17173.8 26.846977000000003
17179.7 26.539877000000004
17185.5 26.309277
17191.4 26.158777000000008
17197.3 26.092177000000007
17203.1 26.113677000000003
17209.0 26.227477000000007
17214.8 26.437977000000004
17220.7 26.749677000000005
17226.6 27.166277
17232.4 27.689277000000004
17238.3 28.314577000000007
17244.1 29.026377000000004
17250.0 29.793577000000006
17255.9 30.578277000000007
17261.7 31.351077000000004
17267.6 32.097077000000006
17273.4 32.810977
17279.3 33.491977000000006
17285.2 34.14057700000001
17291.0 34.756677
17296.9 35.34027700000001
17302.7 35.890477000000004
17308.6 36.406377000000006
17314.5 36.887277000000005
17320.3 37.332477000000004
17326.2 37.741877
17332.0 38.115977
17337.9 38.455377000000006
17343.8 38.761677000000006
17349.6 39.036377
17355.5 39.281777000000005
17361.3 39.500177
17367.2 39.69427700000001
17373.0 39.866677
17378.9 40.02027700000001
17384.8 40.157777
17390.6 40.281977000000005
17396.5 40.39527700000001
17402.3 40.499977
17408.2 40.59817700000001
17414.1 40.691677000000006
17419.9 40.782077
17425.8 40.870477
17431.6 40.95777700000001
17437.5 41.044777
17443.4 41.13177700000001
17449.2 41.218877000000006
17455.1 41.305977000000006
17460.9 41.392577
17466.8 41.478177
17472.7 41.561877
17478.5 41.642677000000006
17484.4 41.719377
17490.2 41.790977000000005
17496.1 41.856277000000006
17502.0 41.914077000000006
17507.8 41.963377
17513.7 42.003677
17519.5 42.034277
17525.4 42.055077000000004
17531.2 42.06627700000001
17537.1 42.068277
17543.0 42.061877
17548.8 42.025377000000006
17554.7 42.005677000000006
17560.5 41.981477000000005
17566.4 41.953977
17572.3 41.92417700000001
17578.1 41.892877000000006
17584.0 41.861077
17589.8 41.829177
17595.7 41.797977
17601.6 41.767577
17607.4 41.761877000000005
17613.3 41.732277
17619.1 41.702877
17625.0 41.673277000000006
17630.9 41.642977
17636.7 41.611477
17642.6 41.577977000000004
17648.4 41.541577000000004
17654.3 41.501177000000006
17660.2 41.455877
17666.0 41.404377000000004
17671.9 41.345677
17677.7 41.278577000000006
17683.6 41.202177000000006
17689.5 41.115677000000005
17695.3 41.018477000000004
17701.2 40.91027700000001
17707.0 40.790977000000005
17712.9 40.660777
17718.8 40.519977000000004
17724.6 40.36937700000001
17730.5 40.209777
17736.3 40.042177
17742.2 39.867577000000004
17748.0 39.687077
17753.9 39.501977000000004
17759.8 39.313177
17765.6 39.122077000000004
17771.5 38.929577
17777.3 38.736777000000004
17783.2 38.544777
17789.1 38.354577000000006
17794.9 38.167177
17800.8 37.983577000000004
17806.6 37.804977
17812.5 37.632477
17818.4 37.46697700000001
17824.2 37.30967700000001
17830.1 37.161777
17835.9 37.024177
17841.8 36.897877
17847.7 36.78377700000001
17853.5 36.682577
17859.4 36.59497700000001
17865.2 36.52157700000001
17871.1 36.462677000000006
17877.0 36.418777000000006
17882.8 36.390177
17888.7 36.37707700000001
17894.5 36.379977000000004
17900.4 36.399077000000005
17906.2 36.434777000000004
17912.1 36.487177
17918.0 36.556777000000004
17923.8 36.643477000000004
17929.7 36.747677
17935.5 36.869077000000004
17941.4 37.007577000000005
17947.3 37.162577000000006
17953.1 37.333677
17959.0 37.519677
17964.8 37.71977700000001
17970.7 37.932477000000006
17976.6 38.156477
17982.4 38.390077000000005
17988.3 38.631877
17994.1 38.88007700000001
18000.0 39.133177
18005.9 39.389577
18011.7 39.647677
18017.6 39.906077
18023.4 40.163377000000004
18029.3 40.41817700000001
18035.2 40.669277
18041.0 40.915477
18046.9 41.155577
18052.7 41.388477
18058.6 41.613277000000004
18064.5 41.828977
18070.3 42.034777000000005
18076.2 42.230077
18082.0 42.414277000000006
18087.9 42.586877
18093.8 42.747877
18099.6 42.896877
18105.5 43.03417700000001
18111.3 43.159877
18117.2 43.274177
18123.0 43.377677000000006
18128.9 43.470777000000005
18134.8 43.553977
18140.6 43.628077000000005
18146.5 43.693577000000005
18152.3 43.751177000000006
18158.2 43.801277000000006
18164.1 43.844677000000004
18169.9 43.881677
18175.8 43.912777000000006
18181.6 43.93827700000001
18187.5 43.958377000000006
18193.4 43.973277
18199.2 43.982977000000005
18205.1 43.987477000000005
18210.9 43.986577000000004
18216.8 43.980077
18222.7 43.967477
18228.5 43.94857700000001
18234.4 43.922777
18240.2 43.889577
18246.1 43.848377000000006
18252.0 43.798677000000005
18257.8 43.73967700000001
18263.7 43.67097700000001
18269.5 43.591877000000004
18275.4 43.501977000000004
18281.2 43.400977000000005
18287.1 43.288377000000004
18293.0 43.163977
18298.8 43.027677000000004
18304.7 42.879477
18310.5 42.719577
18316.4 42.547977
18322.3 42.365177
18328.1 42.171577000000006
18334.0 41.967677
18339.8 41.754077
18345.7 41.531477
18351.6 41.300777000000004
18357.4 41.06287700000001
18363.3 40.81887700000001
18369.1 40.569977
18375.0 40.317677
18380.9 40.063577
18386.7 39.809577000000004
18392.6 39.557777
18398.4 39.310277000000006
18404.3 39.069577
18410.2 38.838177
18416.0 38.618377
18421.9 38.412577000000006
18427.7 38.22277700000001
18433.6 38.05107700000001
18439.5 37.898777
18445.3 37.76727700000001
18451.2 37.65747700000001
18457.0 37.569977
18462.9 37.50507700000001
18468.8 37.463177
18474.6 37.44407700000001
18480.5 37.447877000000005
18486.3 37.474277
18492.2 37.522977000000004
18498.0 37.59347700000001
18503.9 37.685377
18509.8 37.797777
18515.6 37.929877000000005
18521.5 38.080677
18527.3 38.248777000000004
18533.2 38.432677000000005
18539.1 38.630677000000006
18544.9 38.840777
18550.8 39.061277000000004
18556.6 39.28997700000001
18562.5 39.525077
18568.4 39.764777
18574.2 40.007577000000005
18580.1 40.251977000000004
18585.9 40.496877000000005
18591.8 40.740977
18597.7 40.983577000000004
18603.5 41.223777000000005
18609.4 41.46077700000001
18615.2 41.693977000000004
18621.1 41.92247700000001
18627.0 42.145777
18632.8 42.363077000000004
18638.7 42.573677
18644.5 42.776777
18650.4 42.97167700000001
18656.2 43.157577
18662.1 43.333877
18668.0 43.499977
18673.8 43.655277000000005
18679.7 43.79937700000001
18685.5 43.93207700000001
18691.4 44.053077
18697.3 44.162577000000006
18703.1 44.260677
18709.0 44.347677000000004
18714.8 44.424077000000004
18720.7 44.490477000000006
18726.6 44.547577000000004
18732.4 44.595977000000005
18738.3 44.636577
18744.1 44.670077000000006
18750.0 44.697177
18755.9 44.71867700000001
18761.7 44.73517700000001
18767.6 44.747077000000004
18773.4 44.75507700000001
18779.3 44.759277000000004
18785.2 44.760077
18791.0 44.757477
18796.9 44.751477
18802.7 44.741977000000006
18808.6 44.728777
18814.5 44.711377000000006
18820.3 44.68937700000001
18826.2 44.662377000000006
18832.0 44.629577000000005
18837.9 44.590377000000004
18843.8 44.544277
18849.6 44.490377
18855.5 44.428177000000005
18861.3 44.357077000000004
18867.2 44.27667700000001
18873.0 44.186677
18878.9 44.086977000000005
18884.8 43.97747700000001
18890.6 43.858577000000004
18896.5 43.730577000000004
18902.3 43.594177
18908.2 43.45007700000001
18914.1 43.299077000000004
18919.9 43.142377
18925.8 42.980777
18931.6 42.815377000000005
18937.5 42.647277
18943.4 42.477377000000004
18949.2 42.306477
18955.1 42.135477
18960.9 41.964877
18966.8 41.795177
18972.7 41.626977000000004
18978.5 41.460277000000005
18984.4 41.295277000000006
18990.2 41.132077
18996.1 40.970477
19002.0 40.810177
19007.8 40.650877
19013.7 40.492177000000005
19019.5 40.333577000000005
19025.4 40.174477
19031.2 40.014377
19037.1 39.85267700000001
19043.0 39.688777
19048.8 39.522477
19054.7 39.353377
19060.5 39.181377000000005
19066.4 39.006877
19072.3 38.830177000000006
19078.1 38.652077000000006
19084.0 38.473477
19089.8 38.295777
19095.7 38.120577000000004
19101.6 37.949577000000005
19107.4 37.784777000000005
19113.3 37.628177
19119.1 37.482077000000004
19125.0 37.348377000000006
19130.9 37.22937700000001
19136.7 37.126677
19142.6 37.042177
19148.4 36.977277
19154.3 36.933077000000004
19160.2 36.91047700000001
19166.0 36.910077
19171.9 36.931977
19177.7 36.976277
19183.6 37.042277000000006
19189.5 37.129377000000005
19195.3 37.236577000000004
19201.2 37.362477000000005
19207.0 37.505477000000006
19212.9 37.663777
19218.8 37.944177
19224.6 38.124477000000006
19230.5 38.312077
19236.3 38.504477
19242.2 38.699377000000005
19248.0 38.894277
19253.9 39.086877
19259.8 39.275177000000006
19265.6 39.457077000000005
19271.5 39.630877000000005
19277.3 39.795377
19283.2 39.843777
19289.1 39.991677
19294.9 40.129177000000006
19300.8 40.256177
19306.6 40.372877
19312.5 40.479577000000006
19318.4 40.577077
19324.2 40.666077
19330.1 40.747777000000006
19335.9 40.822977
19341.8 40.892777
19347.7 40.958177000000006
19353.5 41.020177000000004
19359.4 41.079377
19365.2 41.136677000000006
19371.1 41.192477000000004
19377.0 41.24737700000001
19382.8 41.301577
19388.7 41.355277
19394.5 41.408477000000005
19400.4 41.461077
19406.2 41.51277700000001
19412.1 41.56327700000001
19418.0 41.611777000000004
19423.8 41.657877000000006
19429.7 41.700577
19435.5 41.738877
19441.4 41.77197700000001
19447.3 41.798477000000005
19453.1 41.817477000000004
19459.0 41.827777000000005
19464.8 41.828377
19470.7 41.818377000000005
19476.6 41.796977000000005
19482.4 41.763877
19488.3 41.718977
19494.1 41.662277
19500.0 41.594377
19505.9 41.516177000000006
19511.7 41.428577000000004
19517.6 41.333077
19523.4 41.230977
19529.3 41.12387700000001
19535.2 41.013177000000006
19541.0 40.900277
19546.9 40.786677000000005
19552.7 40.673277000000006
19558.6 40.561277000000004
19564.5 40.451477000000004
19570.3 40.344477000000005
19576.2 40.240877000000005
19582.0 40.141077
19587.9 40.045177
19593.8 39.953377
19599.6 39.865577
19605.5 39.781677
19611.3 39.701477000000004
19617.2 39.624377
19623.0 39.549877
19628.9 39.47747700000001
19634.8 39.406277
19640.6 39.335477000000004
19646.5 39.264377
19652.3 39.191977
19658.2 39.117777000000004
19664.1 39.041277
19669.9 38.96227700000001
19675.8 38.880977
19681.6 38.798077000000006
19687.5 38.714477
19693.4 38.631677
19699.2 38.551277000000006
19705.1 38.475177
19710.9 38.405177
19716.8 38.34327700000001
19722.7 38.291177000000005
19728.5 38.250277000000004
19734.4 38.222077000000006
19740.2 38.20757700000001
19746.1 38.207477000000004
19752.0 38.222577
19757.8 38.252977
19763.7 38.299077000000004
19769.5 38.360777000000006
19775.4 38.437677
19781.2 38.529377000000004
19787.1 38.635277
19793.0 38.754177000000006
19798.8 38.885077
19804.7 39.02627700000001
19810.5 39.175977
19816.4 39.331977
19822.3 39.491677
19828.1 39.652177
19834.0 39.810377
19839.8 39.962877000000006
19845.7 40.106077000000006
19851.6 40.236577000000004
19857.4 40.35097700000001
19863.3 40.446077
19869.1 40.51897700000001
19875.0 40.566977
19880.9 40.587777
19886.7 40.579177
19892.6 40.539577
19898.4 40.467277
19904.3 40.361077
19910.2 40.219477000000005
19916.0 40.041777
19921.9 39.82677700000001
19927.7 39.573877
19933.6 39.282377000000004
19939.5 38.951877
19945.3 38.582077000000005
19951.2 38.173077000000006
19957.0 37.725277000000006
19962.9 37.239477
19968.8 36.717277
19974.6 36.160777
19980.5 35.572677000000006
19986.3 34.95647700000001
19992.2 34.315977000000004
19998.0 33.655377
