20.0 54.349892
20.290899 54.976891
20.586 55.590893
20.8855 56.190891
21.189301 56.771893
21.497499 57.335892
21.8102 57.882893
22.127399 58.41489
22.4492 58.932892
22.775801 59.437893
23.1071 59.933891
23.443199 60.420891
23.7841 60.903893
24.1301 61.385891
24.4811 61.867893
24.8372 62.350891
25.1984 62.837891
25.564899 63.326893
25.9368 63.81789
26.3141 64.309891
26.6968 64.801888
27.0851 65.291893
27.479099 65.777893
27.878799 66.259888
28.2843 66.735893
28.6957 67.205887
29.1131 67.669891
29.536501 68.126892
29.966101 68.577888
30.402 69.022888
30.8442 69.461891
31.2929 69.968887
31.748 70.480888
32.209801 70.728889
32.678299 71.124893
33.153599 71.511887
33.635899 71.87989
34.125099 72.220886
34.621498 72.53289
35.125 72.813889
35.635899 73.06089
36.154301 73.279892
36.680199 73.476891
37.213699 73.659889
37.755 73.83989
38.3041 74.028893
38.861301 74.232887
39.426498 74.456886
40.0 74.698891
40.581799 74.955887
41.1721 75.220886
41.771 75.488892
42.378502 75.75489
42.9949 76.015892
43.6203 76.277893
44.254799 76.585892
44.898499 76.784889
45.551498 76.996887
46.2141 77.232887
46.886299 77.465889
47.568298 77.694893
48.260201 77.920891
48.962101 78.142891
49.674301 78.361893
50.396801 78.55576304810162
51.129902 78.74532612220176
51.8736 78.93158033926069
52.628101 79.11551967582363
53.3936 79.29613943007658
54.1702 79.4734285902921
54.958099 79.64938736693603
55.7575 79.82201982427371
56.568501 80.03329909677817
57.391399 80.19724150014802
58.226101 80.31383375371
59.073 80.46807036611584
59.932301 80.61294334315082
60.804 80.74945680177522
61.6884 80.87359888224731
62.585701 80.98536173655269
63.496 81.0797395284044
64.419601 81.1547383688206
65.356598 81.20633450923455
66.307297 81.23453600218426
67.271698 81.23633584766974
68.250198 81.21772643738245
69.242897 81.17769884731524
70.250099 81.13025018848624
71.271896 81.08137577080888
72.308601 81.02406144214063
73.360298 80.96131274631549
74.427399 80.89110863642385
75.509903 80.8084541417058
76.608299 80.70933496376618
77.722603 80.59075463476387
78.853104 80.45170270431812
80.0 80.29316738289468
81.163597 80.10714372303157
82.3442 79.9206228065069
83.541901 79.74959994323403
84.757 79.60906736119146
85.989899 79.47601730587027
87.240601 79.38244668955026
88.509598 79.33834512611611
89.797 79.34969739915988
91.103104 79.41651082438027
92.4282 79.53476192215642
93.772598 79.72545562806607
95.136597 79.91556719932777
96.520401 80.10110267096681
97.924301 80.28905653412235
99.348602 80.48040387057245
100.794 80.6531443292271
102.26 80.8042783839219
103.747 80.93880039710822
105.256 81.06067712871423
106.787 81.19090657873996
108.34 81.2895007471854
109.916 81.3504133939787
111.515 81.38665851911986
113.137 81.36223412260892
114.783 81.26010396437401
116.452 81.08830128448696
118.146 80.88077160280413
119.865 80.67050391932551
121.608 80.52253847412291
123.377 80.4388147870527
125.171 80.39736009818671
126.992 80.39511592738126
128.839 80.41410751470816
130.713 80.43530862009564
132.615 80.43569400347181
134.543 80.39132014498038
136.5 80.31009532440581
138.486 80.20502754174815
140.5 80.08113503707918
142.544 79.95136833025525
144.617 79.83375466134822
146.721 79.73323255021441
148.855 79.64683923692566
151.02 79.57653048141009
153.217 79.52928904359594
155.445 79.505142163555
157.706 79.50703136114362
160.0 79.52095563636179
162.327 79.53691398920951
164.688 79.55387617961495
167.084 79.5738209675063
169.514 79.58276959295536
171.98 79.52966057581848
174.481 79.40253115616751
177.019 79.20132085385873
179.594 78.9320266688922
182.206 78.63465160126792
184.856 78.40516441091403
187.545 78.26654085775867
190.273 78.1727739418019
193.041 78.10583742297186
195.849 78.03272630126857
198.697 77.93545057669199
201.587 77.8189487690985
204.52 77.69218763841623
207.494 77.57023166478886
210.512 77.46497912800092
213.574 77.38444902805239
216.681 77.3206001248714
219.833 77.27743941845802
223.03 77.25395790881218
226.274 77.22910311579028
229.565 77.18686703939228
232.905 77.08820619947454
236.292 76.9261740761807
239.729 76.71567494929528
243.216 76.49671781881827
246.754 76.32526644467787
250.343 76.23131782687402
253.984 76.19985872533495
257.678 76.19384389998879
261.426 76.17725411076373
265.229 76.13405511758793
269.087 76.07224192046138
273.001 76.00879827931226
276.972 75.95369095406872
281.0 75.9059109447308
285.088 75.85837653108297
289.234 75.8131431932689
293.441 75.7411332110731
297.709 75.59933858449557
302.04 75.43669583339265
306.433 75.28724819783616
310.89 75.17092519768245
315.412 75.13770059285967
320.0 75.13854214329601
324.655 75.08243160891963
329.377 74.96336398973054
334.168 74.79927280558505
339.028 74.65016305648317
343.959 74.57998526228124
348.962 74.58569718290744
354.038 74.61727457828994
359.188 74.62168720835689
364.412 74.5109370731083
369.713 74.26393245232865
375.09 73.9907115860898
380.546 73.74717775417628
386.081 73.57033495658803
391.697 73.51011871318141
397.394 73.47053702395644
403.175 73.37750416869761
409.039 73.23404038747674
414.989 73.04205696007836
421.025 72.83856288650246
427.149 72.65050168660537
433.362 72.49583412031525
439.665 72.3638939475603
446.06 72.23754168819683
452.548 72.09944510215301
459.131 71.93956570928518
465.809 71.77552750959335
472.584 71.60535002293385
479.458 71.41308976916301
486.432 71.197404508209
493.507 70.969177
503.906 70.969177
509.766 71.491277
515.625 71.976177
521.484 72.42867700000001
527.344 72.853477
533.203 73.25407700000001
539.062 73.633877
544.922 73.99547700000001
550.781 74.34097700000001
556.641 74.67187700000001
562.5 74.989677
568.359 75.295077
574.219 75.588677
580.078 75.87087700000001
585.938 76.14187700000001
591.797 76.401677
597.656 76.650277
603.516 76.887377
609.375 77.112977
615.234 77.326977
621.094 77.529177
626.953 77.719577
632.812 77.898077
638.672 78.06487700000001
644.531 78.219877
650.391 78.363577
656.25 78.495977
662.109 78.61747700000001
667.969 78.728577
673.828 78.829677
679.688 78.921277
685.547 79.003877
691.406 79.078177
697.266 79.144777
703.125 79.204277
708.984 79.257377
714.844 79.304677
720.703 79.346777
726.562 79.384277
732.422 79.417777
738.281 79.447677
744.141 79.474377
750.0 79.498377
755.859 79.519777
761.719 79.53877700000001
767.578 79.555577
773.438 79.570277
779.297 79.582677
785.156 79.592777
791.016 79.60037700000001
796.875 79.605377
802.734 79.607477
808.594 79.606477
814.453 79.602177
820.312 79.594277
826.172 79.582477
832.031 79.566677
837.891 79.534777
843.75 79.521277
849.609 79.492777
855.469 79.459877
861.328 79.422777
867.188 79.381477
873.047 79.336077
878.906 79.28697700000001
884.766 79.23437700000001
890.625 79.178477
896.484 79.119777
902.344 79.058677
908.203 78.995577
914.062 78.93087700000001
919.922 78.865077
925.781 78.79857700000001
931.641 78.731877
937.5 78.665377
943.359 78.599377
949.219 78.534277
955.078 78.47027700000001
960.938 78.407577
966.797 78.34647700000001
972.656 78.286877
978.516 78.228977
984.375 78.172477
990.234 78.117577
996.094 78.063877
1001.95 78.011277
1007.81 77.959477
1013.67 77.908377
1019.53 77.857477
1025.39 77.80667700000001
1031.25 77.755577
1037.11 77.70397700000001
1042.97 77.651677
1048.83 77.598477
1054.69 77.54427700000001
1060.55 77.488877
1066.41 77.432277
1072.27 77.374477
1078.12 77.315577
1083.98 77.255677
1089.84 77.195077
1095.7 77.13377700000001
1101.56 77.072277
1107.42 77.010777
1113.28 76.949577
1119.14 76.889077
1125.0 76.829777
1130.86 76.771877
1136.72 76.715777
1142.58 76.661877
1148.44 76.610477
1154.3 76.561677
1160.16 76.515777
1166.02 76.472877
1171.88 76.43297700000001
1177.73 76.396077
1183.59 76.362177
1189.45 76.330977
1195.31 76.302277
1201.17 76.27587700000001
1207.03 76.251377
1212.89 76.228477
1218.75 76.206777
1224.61 76.185877
1230.47 76.165377
1236.33 76.144977
1242.19 76.12437700000001
1248.05 76.103277
1253.91 76.081377
1259.77 76.058577
1265.62 76.034677
1271.48 76.009777
1277.34 75.983777
1283.2 75.956677
1289.06 75.928877
1294.92 75.900377
1300.78 75.871577
1306.64 75.84267700000001
1312.5 75.81397700000001
1318.36 75.785977
1324.22 75.758877
1330.08 75.733177
1335.94 75.709177
1341.8 75.687077
1347.66 75.667277
1353.52 75.649877
1359.38 75.63507700000001
1365.23 75.622877
1371.09 75.613277
1376.95 75.606277
1382.81 75.60167700000001
1388.67 75.599177
1394.53 75.598577
1400.39 75.59947700000001
1406.25 75.601577
1412.11 75.604377
1417.97 75.60767700000001
1423.83 75.610977
1429.69 75.613777
1435.55 75.615877
1441.41 75.616977
1447.27 75.616777
1453.12 75.615077
1458.98 75.611677
1464.84 75.606577
1470.7 75.599777
1476.56 75.591177
1482.42 75.581177
1488.28 75.569677
1494.14 75.556977
1500.0 75.543377
1505.86 75.52927700000001
1511.72 75.51477700000001
1517.58 75.500277
1523.44 75.486277
1529.3 75.47277700000001
1535.16 75.46037700000001
1541.02 75.449177
1546.88 75.439277
1552.73 75.431077
1558.59 75.424377
1564.45 75.419377
1570.31 75.41587700000001
1576.17 75.413977
1582.03 75.41327700000001
1587.89 75.413577
1593.75 75.414677
1599.61 75.41627700000001
1605.47 75.417877
1611.33 75.41927700000001
1617.19 75.419977
1623.05 75.41977700000001
1628.91 75.418277
1634.77 75.415177
1640.62 75.41027700000001
1646.48 75.403277
1652.34 75.39407700000001
1658.2 75.382677
1664.06 75.368877
1669.92 75.352777
1675.78 75.334377
1681.64 75.31397700000001
1687.5 75.291577
1693.36 75.267577
1699.22 75.242177
1705.08 75.215677
1710.94 75.188377
1716.8 75.160577
1722.66 75.132677
1728.52 75.104977
1734.38 75.07767700000001
1740.23 75.05117700000001
1746.09 75.025677
1751.95 75.001377
1757.81 74.978277
1763.67 74.95657700000001
1769.53 74.936177
1775.39 74.91717700000001
1781.25 74.899277
1787.11 74.882577
1792.97 74.86667700000001
1798.83 74.851477
1804.69 74.83667700000001
1810.55 74.821977
1816.41 74.80717700000001
1822.27 74.792077
1828.12 74.77627700000001
1833.98 74.75957700000001
1839.84 74.741877
1845.7 74.722877
1851.56 74.70267700000001
1857.42 74.680977
1863.28 74.657877
1869.14 74.63337700000001
1875.0 74.60767700000001
1880.86 74.58067700000001
1886.72 74.552677
1892.58 74.523977
1898.44 74.494577
1904.3 74.464977
1910.16 74.435277
1916.02 74.405877
1921.88 74.376977
1927.73 74.348977
1933.59 74.32207700000001
1939.45 74.296377
1945.31 74.272177
1951.17 74.249577
1957.03 74.22877700000001
1962.89 74.209677
1968.75 74.192277
1974.61 74.176677
1980.47 74.16247700000001
1986.33 74.149777
1992.19 74.138277
1998.05 74.12777700000001
2003.91 74.11797700000001
2009.77 74.108677
2015.62 74.099677
2021.48 74.09057700000001
2027.34 74.081277
2033.2 74.071477
2039.06 74.061177
2044.92 74.049977
2050.78 74.037977
2056.64 74.025177
2062.5 74.01137700000001
2068.36 73.99677700000001
2074.22 73.981477
2080.08 73.965477
2085.94 73.949177
2091.8 73.93257700000001
2097.66 73.916077
2103.52 73.899777
2109.38 73.884077
2115.23 73.869277
2121.09 73.85547700000001
2126.95 73.842977
2132.81 73.83197700000001
2138.67 73.822777
2144.53 73.81527700000001
2150.39 73.809777
2156.25 73.806077
2162.11 73.804377
2167.97 73.80457700000001
2173.83 73.806377
2179.69 73.809777
2185.55 73.814477
2191.41 73.820277
2197.27 73.826977
2203.12 73.834177
2208.98 73.84177700000001
2214.84 73.849377
2220.7 73.856677
2226.56 73.863577
2232.42 73.869877
2238.28 73.875277
2244.14 73.87987700000001
2250.0 73.88337700000001
2255.86 73.88587700000001
2261.72 73.887377
2267.58 73.887977
2273.44 73.887777
2279.3 73.886877
2285.16 73.88547700000001
2291.02 73.88377700000001
2296.88 73.88207700000001
2302.73 73.880677
2308.59 73.879677
2314.45 73.879377
2320.31 73.879977
2326.17 73.881777
2332.03 73.884877
2337.89 73.889477
2343.75 73.895577
2349.61 73.903177
2355.47 73.91247700000001
2361.33 73.923077
2367.19 73.93517700000001
2373.05 73.948477
2378.91 73.962777
2384.77 73.977877
2390.62 73.993477
2396.48 74.009377
2402.34 74.025177
2408.2 74.040677
2414.06 74.055677
2419.92 74.069777
2425.78 74.08277700000001
2431.64 74.094677
2437.5 74.10507700000001
2443.36 74.11407700000001
2449.22 74.121477
2455.08 74.127277
2460.94 74.131477
2466.8 74.134377
2472.66 74.135777
2478.52 74.136077
2484.38 74.135377
2490.23 74.133877
2496.09 74.131777
2501.95 74.129377
2507.81 74.125877
2513.67 74.12387700000001
2519.53 74.123177
2525.39 74.121977
2531.25 74.121577
2537.11 74.121977
2542.97 74.123277
2548.83 74.125577
2554.69 74.128877
2560.55 74.133177
2566.41 74.138177
2572.27 74.143977
2578.12 74.150277
2583.98 74.15687700000001
2589.84 74.163577
2595.7 74.17017700000001
2601.56 74.176377
2607.42 74.182077
2613.28 74.18687700000001
2619.14 74.190577
2625.0 74.193177
2630.86 74.194277
2636.72 74.193977
2642.58 74.19197700000001
2648.44 74.188477
2654.3 74.183277
2660.16 74.17657700000001
2666.02 74.168377
2671.88 74.158877
2677.73 74.148077
2683.59 74.136277
2689.45 74.123677
2695.31 74.110477
2701.17 74.09697700000001
2707.03 74.083377
2712.89 74.069877
2718.75 74.05667700000001
2724.61 74.043977
2730.47 74.031977
2736.33 74.020677
2742.19 74.010377
2748.05 74.000977
2753.91 73.99247700000001
2759.77 73.984877
2765.62 73.978077
2771.48 73.971877
2777.34 73.96637700000001
2783.2 73.961077
2789.06 73.95607700000001
2794.92 73.95097700000001
2800.78 73.945577
2806.64 73.939777
2812.5 73.933177
2818.36 73.925777
2824.22 73.917377
2830.08 73.907877
2835.94 73.896977
2841.8 73.884777
2847.66 73.871277
2853.52 73.85637700000001
2859.38 73.840177
2865.23 73.822777
2871.09 73.80417700000001
2876.95 73.784677
2882.81 73.764277
2888.67 73.743277
2894.53 73.721777
2900.39 73.699977
2906.25 73.678077
2912.11 73.656377
2917.97 73.634877
2923.83 73.613777
2929.69 73.593277
2935.55 73.57337700000001
2941.41 73.554277
2947.27 73.53577700000001
2953.12 73.518077
2958.98 73.500977
2964.84 73.484577
2970.7 73.468677
2976.56 73.453177
2982.42 73.437977
2988.28 73.422977
2994.14 73.407877
3000.0 73.392677
3005.86 73.377277
3011.72 73.361377
3017.58 73.344977
3023.44 73.32807700000001
3029.3 73.310377
3035.16 73.29217700000001
3041.02 73.273177
3046.88 73.253477
3052.73 73.233277
3058.59 73.21257700000001
3064.45 73.191377
3070.31 73.169977
3076.17 73.148377
3082.03 73.126777
3087.89 73.105377
3093.75 73.084177
3099.61 73.06357700000001
3105.47 73.04347700000001
3111.33 73.024077
3117.19 73.00537700000001
3123.05 72.987677
3128.91 72.970777
3134.77 72.95487700000001
3140.62 72.93987700000001
3146.48 72.925577
3152.34 72.912177
3158.2 72.899377
3164.06 72.887077
3169.92 72.87517700000001
3175.78 72.863477
3181.64 72.851977
3187.5 72.840277
3193.36 72.828377
3199.22 72.816077
3205.08 72.803377
3210.94 72.78997700000001
3216.8 72.77587700000001
3222.66 72.761177
3228.52 72.745577
3234.38 72.72927700000001
3240.23 72.712277
3246.09 72.69457700000001
3251.95 72.676377
3257.81 72.657677
3263.67 72.638677
3269.53 72.619577
3275.39 72.600477
3281.25 72.58157700000001
3287.11 72.563077
3292.97 72.545077
3298.83 72.527777
3304.69 72.51137700000001
3310.55 72.495777
3316.41 72.481277
3322.27 72.467877
3328.12 72.455577
3333.98 72.444377
3339.84 72.434177
3345.7 72.424977
3351.56 72.416577
3357.42 72.40897700000001
3363.28 72.401877
3369.14 72.39527700000001
3375.0 72.388777
3380.86 72.382377
3386.72 72.375777
3392.58 72.368877
3398.44 72.361377
3404.3 72.35337700000001
3410.16 72.344477
3416.02 72.334777
3421.88 72.324077
3427.73 72.312377
3433.59 72.299777
3439.45 72.28617700000001
3445.31 72.271677
3451.17 72.256377
3457.03 72.240477
3462.89 72.223977
3468.75 72.207177
3474.61 72.190177
3480.47 72.173277
3486.33 72.15647700000001
3492.19 72.140077
3498.05 72.124277
3503.91 72.109177
3509.77 72.095077
3515.62 72.081877
3521.48 72.069877
3527.34 72.058977
3533.2 72.049277
3539.06 72.040777
3544.92 72.033377
3550.78 72.027077
3556.64 72.021777
3562.5 72.017277
3568.36 72.013577
3574.22 72.010377
3580.08 72.007577
3585.94 72.004977
3591.8 72.002477
3597.66 71.999877
3603.52 71.997077
3609.38 71.993877
3615.23 71.990277
3621.09 71.986177
3626.95 71.981477
3632.81 71.976177
3638.67 71.97027700000001
3644.53 71.963977
3650.39 71.957077
3656.25 71.949977
3662.11 71.942477
3667.97 71.934977
3673.83 71.927377
3679.69 71.920077
3685.55 71.912977
3691.41 71.90647700000001
3697.27 71.90047700000001
3703.12 71.895177
3708.98 71.890777
3714.84 71.88717700000001
3720.7 71.884477
3726.56 71.882677
3732.42 71.881777
3738.28 71.881777
3744.14 71.882377
3750.0 71.883677
3755.86 71.88547700000001
3761.72 71.887477
3767.58 71.889677
3773.44 71.891777
3779.3 71.893477
3785.16 71.894777
3791.02 71.895377
3796.88 71.895077
3802.73 71.893777
3808.59 71.891277
3814.45 71.887477
3820.31 71.882277
3826.17 71.87567700000001
3832.03 71.867577
3837.89 71.85807700000001
3843.75 71.847277
3849.61 71.835077
3855.47 71.821777
3861.33 71.807377
3867.19 71.79217700000001
3873.05 71.77627700000001
3878.91 71.759877
3884.77 71.743277
3890.62 71.726477
3896.48 71.709877
3902.34 71.693577
3908.2 71.677777
3914.06 71.662577
3919.92 71.648077
3925.78 71.634477
3931.64 71.621877
3937.5 71.61017700000001
3943.36 71.599377
3949.22 71.589577
3955.08 71.580577
3960.94 71.572377
3966.8 71.564777
3972.66 71.557877
3978.52 71.551277
3984.38 71.544977
3990.23 71.538877
3996.09 71.53277700000001
4001.95 71.526477
4007.81 71.519977
4013.67 71.513177
4019.53 71.505877
4025.39 71.498177
4031.25 71.490077
4037.11 71.48137700000001
4042.97 71.472277
4048.83 71.462777
4054.69 71.452977
4060.55 71.44287700000001
4066.41 71.432777
4072.27 71.422577
4078.12 71.412577
4083.98 71.402777
4089.84 71.393377
4095.7 71.384477
4101.56 71.376277
4107.42 71.36877700000001
4113.28 71.362077
4119.14 71.356277
4125.0 71.35127700000001
4130.86 71.347177
4136.72 71.34397700000001
4142.58 71.341577
4148.44 71.339877
4154.3 71.338877
4160.16 71.338277
4166.02 71.338077
4171.88 71.33797700000001
4177.73 71.337777
4183.59 71.337377
4189.45 71.336477
4195.31 71.335577
4201.17 71.333777
4207.03 71.331277
4212.89 71.327877
4218.75 71.323477
4224.61 71.318177
4230.47 71.311677
4236.33 71.30417700000001
4242.19 71.295677
4248.05 71.286077
4253.91 71.275577
4259.77 71.264177
4265.62 71.252077
4271.48 71.239277
4277.34 71.225977
4283.2 71.212377
4289.06 71.198477
4294.92 71.184477
4300.78 71.170477
4306.64 71.156677
4312.5 71.14317700000001
4318.36 71.129977
4324.22 71.117177
4330.08 71.104777
4335.94 71.092877
4341.8 71.081477
4347.66 71.070477
4353.52 71.059777
4359.38 71.04947700000001
4365.23 71.039377
4371.09 71.029477
4376.95 71.019577
4382.81 71.00957700000001
4388.67 70.999477
4394.53 70.989177
4400.39 70.978477
4406.25 70.967377
4412.11 70.955877
4417.97 70.943977
4423.83 70.931577
4429.69 70.918677
4435.55 70.905477
4441.41 70.89187700000001
4447.27 70.877977
4453.12 70.863977
4458.98 70.850077
4464.84 70.836177
4470.7 70.822677
4476.56 70.809577
4482.42 70.797077
4488.28 70.785377
4494.14 70.774477
4500.0 70.76477700000001
4505.86 70.75617700000001
4511.72 70.748777
4517.58 70.742777
4523.44 70.73817700000001
4529.3 70.734877
4535.16 70.732977
4541.02 70.732377
4546.88 70.73307700000001
4552.73 70.73477700000001
4558.59 70.737477
4564.45 70.741077
4570.31 70.745277
4576.17 70.749877
4582.03 70.75487700000001
4587.89 70.759777
4593.75 70.764677
4599.61 70.769277
4605.47 70.773477
4611.33 70.776977
4617.19 70.77977700000001
4623.05 70.781777
4628.91 70.782877
4634.77 70.783077
4640.62 70.782177
4646.48 70.780477
4652.34 70.777877
4658.2 70.774377
4664.06 70.77027700000001
4669.92 70.765477
4675.78 70.760277
4681.64 70.754677
4687.5 70.748977
4693.36 70.743277
4699.22 70.737677
4705.08 70.73227700000001
4710.94 70.727277
4716.8 70.722877
4722.66 70.71897700000001
4728.52 70.715677
4734.38 70.713077
4740.23 70.711077
4746.09 70.709777
4751.95 70.708977
4757.81 70.70867700000001
4763.67 70.708777
4769.53 70.709177
4775.39 70.70957700000001
4781.25 70.70997700000001
4787.11 70.710177
4792.97 70.710077
4798.83 70.709377
4804.69 70.708077
4810.55 70.705977
4816.41 70.70307700000001
4822.27 70.699077
4828.12 70.69407700000001
4833.98 70.688077
4839.84 70.680977
4845.7 70.672777
4851.56 70.663677
4857.42 70.653577
4863.28 70.642677
4869.14 70.631077
4875.0 70.618877
4880.86 70.60637700000001
4886.72 70.59357700000001
4892.58 70.580777
4898.44 70.567977
4904.3 70.55547700000001
4910.16 70.54347700000001
4916.02 70.531977
4921.88 70.521077
4927.73 70.510977
4933.59 70.501777
4939.45 70.49337700000001
4945.31 70.485877
4951.17 70.479177
4957.03 70.47327700000001
4962.89 70.468177
4968.75 70.463677
4974.61 70.459677
4980.47 70.455977
4986.33 70.452577
4992.19 70.449177
4998.05 70.445677
5003.91 70.44197700000001
5009.77 70.437877
5015.62 70.433277
5021.48 70.428077
5027.34 70.422177
5033.2 70.41547700000001
5039.06 70.407977
5044.92 70.39957700000001
5050.78 70.390377
5056.64 70.38037700000001
5062.5 70.369777
5068.36 70.35847700000001
5074.22 70.346577
5080.08 70.334377
5085.94 70.321877
5091.8 70.309177
5097.66 70.296577
5103.52 70.284177
5109.38 70.271977
5115.23 70.260277
5121.09 70.249077
5126.95 70.238477
5132.81 70.228677
5138.67 70.219477
5144.53 70.211077
5150.39 70.203377
5156.25 70.196477
5162.11 70.190077
5167.97 70.184377
5173.83 70.178977
5179.69 70.174077
5185.55 70.16927700000001
5191.41 70.16457700000001
5197.27 70.15987700000001
5203.12 70.155077
5208.98 70.149877
5214.84 70.144377
5220.7 70.138377
5226.56 70.131777
5232.42 70.124577
5238.28 70.116877
5244.14 70.10847700000001
5250.0 70.099577
5255.86 70.090177
5261.72 70.08027700000001
5267.58 70.070177
5273.44 70.059777
5279.3 70.049377
5285.16 70.039077
5291.02 70.029077
5296.88 70.019577
5302.73 70.010577
5308.59 70.00237700000001
5314.45 69.99507700000001
5320.31 69.988877
5326.17 69.983677
5332.03 69.979777
5337.89 69.97707700000001
5343.75 69.975677
5349.61 69.975477
5355.47 69.976477
5361.33 69.978577
5367.19 69.981577
5373.05 69.985477
5378.91 69.990077
5384.77 69.99507700000001
5390.62 70.000377
5396.48 70.00577700000001
5402.34 70.011077
5408.2 70.015977
5414.06 70.020377
5419.92 70.023977
5425.78 70.02677700000001
5431.64 70.02847700000001
5437.5 70.029077
5443.36 70.02847700000001
5449.22 70.026477
5455.08 70.02327700000001
5460.94 70.018777
5466.8 70.012877
5472.66 70.005877
5478.52 69.99767700000001
5484.38 69.988577
5490.23 69.978577
5496.09 69.967777
5501.95 69.956377
5507.81 69.944677
5513.67 69.932677
5519.53 69.920477
5525.39 69.908377
5531.25 69.896377
5537.11 69.88457700000001
5542.97 69.87307700000001
5548.83 69.86197700000001
5554.69 69.851177
5560.55 69.840777
5566.41 69.83067700000001
5572.27 69.82087700000001
5578.12 69.811177
5583.98 69.80157700000001
5589.84 69.79177700000001
5595.7 69.78187700000001
5601.56 69.77157700000001
5607.42 69.76087700000001
5613.28 69.749477
5619.14 69.73737700000001
5625.0 69.724377
5630.86 69.71037700000001
5636.72 69.69537700000001
5642.58 69.679377
5648.44 69.662277
5654.3 69.643977
5660.16 69.62477700000001
5666.02 69.604577
5671.88 69.583477
5677.73 69.561677
5683.59 69.53917700000001
5689.45 69.516277
5695.31 69.493077
5701.17 69.46977700000001
5707.03 69.446577
5712.89 69.423677
5718.75 69.401177
5724.61 69.379377
5730.47 69.358177
5736.33 69.337877
5742.19 69.318577
5748.05 69.30027700000001
5753.91 69.283077
5759.77 69.266777
5765.62 69.251577
5771.48 69.237277
5777.34 69.223877
5783.2 69.211077
5789.06 69.19887700000001
5794.92 69.187177
5800.78 69.175577
5806.64 69.164077
5812.5 69.152377
5818.36 69.140477
5824.22 69.127977
5830.08 69.114877
5835.94 69.100877
5841.8 69.086177
5847.66 69.07037700000001
5853.52 69.044077
5859.38 69.025677
5865.23 69.006377
5871.09 68.995577
5876.95 68.974877
5882.81 68.953277
5888.67 68.931077
5894.53 68.90817700000001
5900.39 68.884877
5906.25 68.861277
5912.11 68.837477
5917.97 68.813777
5923.83 68.790177
5929.69 68.766977
5935.55 68.744077
5941.41 68.721677
5947.27 68.699877
5953.12 68.67867700000001
5958.98 68.657977
5964.84 68.637977
5970.7 68.618477
5976.56 68.599377
5982.42 68.58067700000001
5988.28 68.56227700000001
5994.14 68.543777
6000.0 68.525277
6005.86 68.50657700000001
6011.72 68.48737700000001
6017.58 68.46767700000001
6023.44 68.447177
6029.3 68.425877
6035.16 68.403677
6041.02 68.380277
6046.88 68.355877
6052.73 68.33027700000001
6058.59 68.303577
6064.45 68.275777
6070.31 68.246977
6076.17 68.217377
6082.03 68.186977
6087.89 68.15597700000001
6093.75 68.124577
6099.61 68.09307700000001
6105.47 68.061677
6111.33 68.03057700000001
6117.19 68.000077
6123.05 67.970377
6128.91 67.941777
6134.77 67.914377
6140.62 67.88847700000001
6146.48 67.864177
6152.34 67.841577
6158.2 67.820777
6164.06 67.801877
6169.92 67.784777
6175.78 67.769577
6181.64 67.755977
6187.5 67.744077
6193.36 67.73347700000001
6199.22 67.724177
6205.08 67.715877
6210.94 67.708377
6216.8 67.70137700000001
6222.66 67.694677
6228.52 67.687977
6234.38 67.681077
6240.23 67.673677
6246.09 67.665677
6251.95 67.656977
6257.81 67.647177
6263.67 67.63637700000001
6269.53 67.624477
6275.39 67.61147700000001
6281.25 67.597277
6287.11 67.58197700000001
6292.97 67.56567700000001
6298.83 67.548477
6304.69 67.53057700000001
6310.55 67.512077
6316.41 67.493177
6322.27 67.47407700000001
6328.12 67.455077
6333.98 67.436277
6339.84 67.41797700000001
6345.7 67.400277
6351.56 67.38337700000001
6357.42 67.36747700000001
6363.28 67.352577
6369.14 67.338877
6375.0 67.326277
6380.86 67.314977
6386.72 67.304777
6392.58 67.295677
6398.44 67.287577
6404.3 67.280377
6410.16 67.273877
6416.02 67.267977
6421.88 67.262377
6427.73 67.25707700000001
6433.59 67.251677
6439.45 67.246077
6445.31 67.240277
6451.17 67.233877
6457.03 67.226977
6462.89 67.219277
6468.75 67.210977
6474.61 67.201777
6480.47 67.19197700000001
6486.33 67.181377
6492.19 67.17017700000001
6498.05 67.15857700000001
6503.91 67.14657700000001
6509.77 67.134477
6515.62 67.122377
6521.48 67.110577
6527.34 67.099177
6533.2 67.088477
6539.06 67.078777
6544.92 67.070177
6550.78 67.062877
6556.64 67.057077
6562.5 67.052977
6568.36 67.050577
6574.22 67.04987700000001
6580.08 67.051077
6585.94 67.054077
6591.8 67.058777
6597.66 67.065077
6603.52 67.072877
6609.38 67.08197700000001
6615.23 67.092177
6621.09 67.103277
6626.95 67.11497700000001
6632.81 67.126977
6638.67 67.139177
6644.53 67.151177
6650.39 67.162777
6656.25 67.173777
6662.11 67.183977
6667.97 67.19327700000001
6673.83 67.20137700000001
6679.69 67.208377
6685.55 67.213977
6691.41 67.218377
6697.27 67.221577
6703.12 67.223577
6708.98 67.224377
6714.84 67.224377
6720.7 67.223477
6726.56 67.22197700000001
6732.42 67.220077
6738.28 67.21807700000001
6744.14 67.21597700000001
6750.0 67.21427700000001
6755.86 67.212877
6761.72 67.212177
6767.58 67.212377
6773.44 67.21337700000001
6779.3 67.215477
6785.16 67.218677
6791.02 67.222977
6796.88 67.22837700000001
6802.73 67.234877
6808.59 67.242277
6814.45 67.250477
6820.31 67.259377
6826.17 67.268677
6832.03 67.278277
6837.89 67.28787700000001
6843.75 67.297377
6849.61 67.306477
6855.47 67.31487700000001
6861.33 67.32257700000001
6867.19 67.32937700000001
6873.05 67.33497700000001
6878.91 67.339477
6884.77 67.34267700000001
6890.62 67.344577
6896.48 67.345177
6902.34 67.344477
6908.2 67.34267700000001
6914.06 67.339877
6919.92 67.336177
6925.78 67.331777
6931.64 67.32687700000001
6937.5 67.321777
6943.36 67.31657700000001
6949.22 67.311677
6955.08 67.307277
6960.94 67.303577
6966.8 67.300777
6972.66 67.299177
6978.52 67.298777
6984.38 67.299977
6990.23 67.302577
6996.09 67.306877
7001.95 67.312777
7007.81 67.320177
7013.67 67.329077
7019.53 67.339377
7025.39 67.350877
7031.25 67.363377
7037.11 67.376677
7042.97 67.39057700000001
7048.83 67.40477700000001
7054.69 67.418977
7060.55 67.433077
7066.41 67.44667700000001
7072.27 67.45957700000001
7078.12 67.471677
7083.98 67.48267700000001
7089.84 67.49247700000001
7095.7 67.500977
7101.56 67.507977
7107.42 67.513577
7113.28 67.51777700000001
7119.14 67.520377
7125.0 67.521777
7130.86 67.521777
7136.72 67.520577
7142.58 67.518477
7148.44 67.515477
7154.3 67.51177700000001
7160.16 67.507577
7166.02 67.503077
7171.88 67.49847700000001
7177.73 67.49377700000001
7183.59 67.489277
7189.45 67.485077
7195.31 67.481177
7201.17 67.477677
7207.03 67.474577
7212.89 67.47197700000001
7218.75 67.469677
7224.61 67.46767700000001
7230.47 67.465877
7236.33 67.464177
7242.19 67.462477
7248.05 67.460477
7253.91 67.45827700000001
7259.77 67.455477
7265.62 67.451977
7271.48 67.447677
7277.34 67.442477
7283.2 67.436277
7289.06 67.428977
7294.92 67.42057700000001
7300.78 67.411077
7306.64 67.40047700000001
7312.5 67.388777
7318.36 67.376177
7324.22 67.36277700000001
7330.08 67.34867700000001
7335.94 67.334177
7341.8 67.319377
7347.66 67.304677
7353.52 67.290077
7359.38 67.276077
7365.23 67.262677
7371.09 67.25017700000001
7376.95 67.238877
7382.81 67.228877
7388.67 67.22027700000001
7394.53 67.213277
7400.39 67.207977
7406.25 67.20437700000001
7412.11 67.202377
7417.97 67.201977
7423.83 67.203177
7429.69 67.20567700000001
7435.55 67.209377
7441.41 67.214077
7447.27 67.219577
7453.12 67.225477
7458.98 67.231677
7464.84 67.23777700000001
7470.7 67.243677
7476.56 67.24887700000001
7482.42 67.253377
7488.28 67.256877
7494.14 67.259277
7500.0 67.260277
7505.86 67.259777
7511.72 67.25787700000001
7517.58 67.254377
7523.44 67.24507700000001
7529.3 67.237977
7535.16 67.229577
7541.02 67.220077
7546.88 67.214077
7552.73 67.203377
7558.59 67.19197700000001
7564.45 67.180077
7570.31 67.167877
7576.17 67.155777
7582.03 67.143777
7587.89 67.132177
7593.75 67.121077
7599.61 67.110777
7605.47 67.10127700000001
7611.33 67.09267700000001
7617.19 67.08497700000001
7623.05 67.078377
7628.91 67.072677
7634.77 67.06787700000001
7640.62 67.06397700000001
7646.48 67.060677
7652.34 67.057877
7658.2 67.05547700000001
7664.06 67.05327700000001
7669.92 67.051077
7675.78 67.048677
7681.64 67.045877
7687.5 67.04257700000001
7693.36 67.038577
7699.22 67.033677
7705.08 67.027977
7710.94 67.02117700000001
7716.8 67.01347700000001
7722.66 67.004677
7728.52 66.994877
7734.38 66.984277
7740.23 66.972877
7746.09 66.96077700000001
7751.95 66.948277
7757.81 66.935377
7763.67 66.922477
7769.53 66.909677
7775.39 66.897277
7781.25 66.885377
7787.11 66.874277
7792.97 66.863977
7798.83 66.854877
7804.69 66.84697700000001
7810.55 66.840377
7816.41 66.835077
7822.27 66.831177
7828.12 66.828477
7833.98 66.827077
7839.84 66.82687700000001
7845.7 66.827477
7851.56 66.82897700000001
7857.42 66.830877
7863.28 66.833177
7869.14 66.835477
7875.0 66.837477
7880.86 66.838977
7886.72 66.839777
7892.58 66.839477
7898.44 66.83797700000001
7904.3 66.83497700000001
7910.16 66.830377
7916.02 66.823977
7921.88 66.81567700000001
7927.73 66.80547700000001
7933.59 66.793377
7939.45 66.77927700000001
7945.31 66.76347700000001
7951.17 66.74587700000001
7957.03 66.726777
7962.89 66.706277
7968.75 66.684577
7974.61 66.66197700000001
7980.47 66.638677
7986.33 66.61497700000001
7992.19 66.591077
7998.05 66.567277
8003.91 66.543777
8009.77 66.52077700000001
8015.62 66.49847700000001
8021.48 66.476977
8027.34 66.456477
8033.2 66.43687700000001
8039.06 66.418277
8044.92 66.400777
8050.78 66.384077
8056.64 66.368177
8062.5 66.35297700000001
8068.36 66.338277
8074.22 66.323777
8080.08 66.309377
8085.94 66.29477700000001
8091.8 66.279877
8097.66 66.264177
8103.52 66.247777
8109.38 66.230277
8115.23 66.211577
8121.09 66.19157700000001
8126.95 66.170077
8132.81 66.14707700000001
8138.67 66.122577
8144.53 66.09647700000001
8150.39 66.068977
8156.25 66.040077
8162.11 66.009977
8167.97 65.97877700000001
8173.83 65.94667700000001
8179.69 65.913877
8185.55 65.880677
8191.41 65.847277
8197.27 65.813877
8203.12 65.780877
8208.98 65.748377
8214.84 65.716577
8220.7 65.685677
8226.56 65.655877
8232.42 65.62737700000001
8238.28 65.600077
8244.14 65.574177
8250.0 65.549677
8255.86 65.526377
8261.72 65.50447700000001
8267.58 65.483577
8273.44 65.46377700000001
8279.3 65.444777
8285.16 65.426477
8291.02 65.408477
8296.88 65.390877
8302.73 65.373177
8308.59 65.355277
8314.45 65.336977
8320.31 65.318177
8326.17 65.298677
8332.03 65.278277
8337.89 65.256877
8343.75 65.234577
8349.61 65.21127700000001
8355.47 65.186977
8361.33 65.161677
8367.19 65.135577
8373.05 65.108777
8378.91 65.081277
8384.77 65.053477
8390.62 65.025377
8396.48 64.99717700000001
8402.34 64.969177
8408.2 64.941477
8414.06 64.914377
8419.92 64.887877
8425.78 64.862277
8431.64 64.837677
8437.5 64.814077
8443.36 64.791477
8449.22 64.770077
8455.08 64.749677
8460.94 64.730277
8466.8 64.711777
8472.66 64.69407700000001
8478.52 64.676877
8484.38 64.660077
8490.23 64.643377
8496.09 64.626677
8501.95 64.609677
8507.81 64.592177
8513.67 64.573977
8519.53 64.554777
8525.39 64.53447700000001
8531.25 64.512877
8537.11 64.48997700000001
8542.97 64.46557700000001
8548.83 64.439577
8554.69 64.412177
8560.55 64.383277
8566.41 64.35297700000001
8572.27 64.32127700000001
8578.12 64.288577
8583.98 64.25487700000001
8589.84 64.220477
8595.7 64.18557700000001
8601.56 64.150377
8607.42 64.115177
8613.28 64.080377
8619.14 64.046077
8625.0 64.012477
8630.86 63.98007700000001
8636.72 63.94887700000001
8642.58 63.919077
8648.44 63.890877
8654.3 63.864377000000005
8660.16 63.83967700000001
8666.02 63.816777
8671.88 63.79557700000001
8677.73 63.77627700000001
8683.59 63.758477
8689.45 63.742277
8695.31 63.727377000000004
8701.17 63.713677000000004
8707.03 63.70097700000001
8712.89 63.689177
8718.75 63.677777000000006
8724.61 63.666877
8730.47 63.65597700000001
8736.33 63.645177000000004
8742.19 63.63417700000001
8748.05 63.622777
8753.91 63.610877
8759.77 63.598477
8765.62 63.585477
8771.48 63.571877
8777.34 63.557677
8783.2 63.542877000000004
8789.06 63.52757700000001
8794.92 63.51177700000001
8800.78 63.495677
8806.64 63.479477
8812.5 63.463077
8818.36 63.446877
8824.22 63.43087700000001
8830.08 63.415177
8835.94 63.399877000000004
8841.8 63.38507700000001
8847.66 63.370976999999996
8853.52 63.357477
8859.38 63.344577
8865.23 63.33237700000001
8871.09 63.320677
8876.95 63.309577000000004
8882.81 63.298777
8888.67 63.288177000000005
8894.53 63.277677
8900.39 63.267177000000004
8906.25 63.256277
8912.11 63.244977000000006
8917.97 63.23307700000001
8923.83 63.22027700000001
8929.69 63.20657700000001
8935.55 63.191677
8941.41 63.175577000000004
8947.27 63.15817700000001
8953.12 63.13937700000001
8958.98 63.119277
8964.84 63.09777700000001
8970.7 63.074977000000004
8976.56 63.05107700000001
8982.42 63.026077
8988.28 63.000277
8994.14 62.973877
9000.0 62.94707700000001
9005.86 62.92017700000001
9011.72 62.893477000000004
9017.58 62.867277
9023.44 62.84177700000001
9029.3 62.81737700000001
9035.16 62.794377
9041.02 62.77287700000001
9046.88 62.753277
9052.73 62.73567700000001
9058.59 62.72017700000001
9064.45 62.70697700000001
9070.31 62.696077
9076.17 62.687577000000005
9082.03 62.68127700000001
9087.89 62.677177
9093.75 62.675177000000005
9099.61 62.674977
9105.47 62.676477000000006
9111.33 62.679277
9117.19 62.683177
9123.05 62.687977000000004
9128.91 62.69327700000001
9134.77 62.69877700000001
9140.62 62.704177
9146.48 62.709277
9152.34 62.71377700000001
9158.2 62.717377
9164.06 62.719977
9169.92 62.721377000000004
9175.78 62.72147700000001
9181.64 62.72017700000001
9187.5 62.717377
9193.36 62.709277
9199.22 62.703177
9205.08 62.69587700000001
9210.94 62.687577000000005
9216.8 62.678377
9222.66 62.672776999999996
9228.52 62.66287700000001
9234.38 62.65257700000001
9240.23 62.642077
9246.09 62.63167700000001
9251.95 62.621677000000005
9257.81 62.612077
9263.67 62.603277000000006
9269.53 62.59527700000001
9275.39 62.58837700000001
9281.25 62.582577
9287.11 62.577977000000004
9292.97 62.57467700000001
9298.83 62.572677
9304.69 62.571977000000004
9310.55 62.572477000000006
9316.41 62.573977
9322.27 62.576577
9328.12 62.580077
9333.98 62.584277
9339.84 62.588977
9345.7 62.594077
9351.56 62.599277
9357.42 62.604577000000006
9363.28 62.609677000000005
9369.14 62.61447700000001
9375.0 62.618877
9380.86 62.62267700000001
9386.72 62.625777
9392.58 62.62817700000001
9398.44 62.62987700000001
9404.3 62.63077700000001
9410.16 62.630877
9416.02 62.63027700000001
9421.88 62.628977000000006
9427.73 62.627077
9433.59 62.624577
9439.45 62.621677000000005
9445.31 62.61837700000001
9451.17 62.61487700000001
9457.03 62.611177
9462.89 62.607377
9468.75 62.603677000000005
9474.61 62.599877000000006
9480.47 62.596277
9486.33 62.592877
9492.19 62.589477
9498.05 62.586377
9503.91 62.58327700000001
9509.77 62.580177000000006
9515.62 62.577177000000006
9521.48 62.573977
9527.34 62.570577
9533.2 62.56697700000001
9539.06 62.562877
9544.92 62.558177
9550.78 62.55287700000001
9556.64 62.54687700000001
9562.5 62.53997700000001
9568.36 62.532177000000004
9574.22 62.52327700000001
9580.08 62.51347700000001
9585.94 62.502477
9591.8 62.49037700000001
9597.66 62.477177
9603.52 62.46297700000001
9609.38 62.447677
9615.23 62.431477
9621.09 62.414477000000005
9626.95 62.396677
9632.81 62.37817700000001
9638.67 62.359277000000006
9644.53 62.339877
9650.39 62.320177
9656.25 62.30027700000001
9662.11 62.280377
9667.97 62.26047700000001
9673.83 62.240577
9679.69 62.220877
9685.55 62.20137700000001
9691.41 62.18207700000001
9697.27 62.162977
9703.12 62.14407700000001
9708.98 62.125277
9714.84 62.106677000000005
9720.7 62.08797700000001
9726.56 62.069277
9732.42 62.050377
9738.28 62.031377000000006
9744.14 62.011877
9750.0 61.99207700000001
9755.86 61.971777
9761.72 61.950877000000006
9767.58 61.929477000000006
9773.44 61.90727700000001
9779.3 61.88457700000001
9785.16 61.861177
9791.02 61.837277
9796.88 61.812777
9802.73 61.787777000000006
9808.59 61.762477000000004
9814.45 61.73697700000001
9820.31 61.711477
9826.17 61.68597700000001
9832.03 61.66077700000001
9837.89 61.635977
9843.75 61.611777000000004
9849.61 61.58837700000001
9855.47 61.565877
9861.33 61.544477
9867.19 61.524277
9873.05 61.50537700000001
9878.91 61.487877
9884.77 61.471877000000006
9890.62 61.457277000000005
9896.48 61.44417700000001
9902.34 61.43257700000001
9908.2 61.42227700000001
9914.06 61.413177000000005
9919.92 61.405277
9925.78 61.398376999999996
9931.64 61.39237700000001
9937.5 61.386877
9943.36 61.381977000000006
9949.22 61.37727700000001
9955.08 61.372777
9960.94 61.368077
9966.8 61.36317700000001
9972.66 61.357777
9978.52 61.351977000000005
9984.38 61.345377
9990.23 61.338077
9996.09 61.330077
10002.0 61.321177000000006
10007.8 61.31137700000001
10013.7 61.300877
10019.5 61.28957700000001
10025.4 61.277677
10031.2 61.26517700000001
10037.1 61.25227700000001
10043.0 61.23907700000001
10048.8 61.22577700000001
10054.7 61.21247700000001
10060.5 61.199377
10066.4 61.186577
10072.3 61.174177
10078.1 61.16247700000001
10084.0 61.151377
10089.8 61.14107700000001
10095.7 61.13167700000001
10101.6 61.123177
10107.4 61.115577
10113.3 61.10887700000001
10119.1 61.10297700000001
10125.0 61.097977
10130.9 61.09357700000001
10136.7 61.089877
10142.6 61.08667700000001
10148.4 61.083777
10154.3 61.081177
10160.2 61.078677
10166.0 61.076177
10171.9 61.073577
10177.7 61.070677
10183.6 61.067577
10189.5 61.06397700000001
10195.3 61.059977
10201.2 61.055577
10207.0 61.050577000000004
10212.9 61.04517700000001
10218.8 61.039377
10224.6 61.033277
10230.5 61.02677700000001
10236.3 61.020177000000004
10242.2 61.01347700000001
10248.0 61.006777
10253.9 61.00017700000001
10259.8 60.993877
10265.6 60.987977
10271.5 60.982477
10277.3 60.977577
10283.2 60.97327700000001
10289.1 60.969577
10294.9 60.966677000000004
10300.8 60.964477
10306.6 60.962877000000006
10312.5 60.96207700000001
10318.4 60.961777
10324.2 60.961977000000005
10330.1 60.96257700000001
10335.9 60.963477
10341.8 60.964577000000006
10347.7 60.965777
10353.5 60.96677700000001
10359.4 60.96767700000001
10365.2 60.968177
10371.1 60.968277
10377.0 60.967777
10382.8 60.966677000000004
10388.7 60.964877
10394.5 60.96247700000001
10400.4 60.959377
10406.2 60.955577000000005
10412.1 60.951177
10418.0 60.94627700000001
10423.8 60.940977000000004
10429.7 60.935377
10435.5 60.929677
10441.4 60.923877000000005
10447.3 60.918277
10453.1 60.913077
10459.0 60.908277
10464.8 60.904077
10470.7 60.900677
10476.6 60.898077
10482.4 60.896477000000004
10488.3 60.89577700000001
10494.1 60.896077000000005
10500.0 60.897277
10505.9 60.899377
10511.7 60.902277
10517.6 60.905877000000004
10523.4 60.90987700000001
10529.3 60.914277
10535.2 60.918677
10541.0 60.922977
10546.9 60.92697700000001
10552.7 60.930177
10558.6 60.932677
10564.5 60.933977
10570.3 60.934077
10576.2 60.93257700000001
10582.0 60.929477000000006
10587.9 60.924677
10593.8 60.918077
10599.6 60.909677
10605.5 60.899377
10611.3 60.887277
10617.2 60.873577
10623.0 60.858377000000004
10628.9 60.841977
10634.8 60.824477
10640.6 60.80627700000001
10646.5 60.787577
10652.3 60.768877
10658.2 60.750377
10664.1 60.732577000000006
10669.9 60.715777
10675.8 60.700277
10681.6 60.686477
10687.5 60.674577
10693.4 60.66497700000001
10699.2 60.65767700000001
10705.1 60.65297700000001
10710.9 60.650977
10716.8 60.651577
10722.7 60.65477700000001
10728.5 60.660477
10734.4 60.668577
10740.2 60.678777
10746.1 60.690777
10752.0 60.704277000000005
10757.8 60.718877000000006
10763.7 60.734177
10769.5 60.749877
10775.4 60.765377
10781.2 60.780377
10787.1 60.794477
10793.0 60.807277
10798.8 60.818377
10804.7 60.827477
10810.5 60.834377
10816.4 60.838877
10822.3 60.840677
10828.1 60.839877
10834.0 60.83627700000001
10839.8 60.830077
10845.7 60.821177000000006
10851.6 60.809777
10857.4 60.796077
10863.3 60.769977
10869.1 60.752077
10875.0 60.732977000000005
10880.9 60.712877000000006
10886.7 60.692177
10892.6 60.671177
10898.4 60.650277
10904.3 60.640777
10910.2 60.62087700000001
10916.0 60.601777
10921.9 60.58367700000001
10927.7 60.566677
10933.6 60.550877
10939.5 60.536477000000005
10945.3 60.523477
10951.2 60.51177700000001
10957.0 60.501377000000005
10962.9 60.49207700000001
10968.8 60.483777
10974.6 60.47627700000001
10980.5 60.46937700000001
10986.3 60.462777
10992.2 60.456177
10998.0 60.449477
11003.9 60.442277000000004
11009.8 60.434377
11015.6 60.425577000000004
11021.5 60.415677
11027.3 60.404577
11033.2 60.392177000000004
11039.1 60.378277
11044.9 60.362977
11050.8 60.346277
11056.6 60.328177
11062.5 60.30887700000001
11068.4 60.288377
11074.2 60.267077
11080.1 60.24507700000001
11085.9 60.222577
11091.8 60.199977000000004
11097.7 60.17737700000001
11103.5 60.15517700000001
11109.4 60.133677000000006
11115.2 60.112977
11121.1 60.093377000000004
11127.0 60.075177
11132.8 60.058577
11138.7 60.043577
11144.5 60.030377
11150.4 60.01897700000001
11156.2 60.009477000000004
11162.1 60.001777000000004
11168.0 59.995777000000004
11173.8 59.99157700000001
11179.7 59.98867700000001
11185.5 59.987277000000006
11191.4 59.98687700000001
11197.3 59.98737700000001
11203.1 59.988477
11209.0 59.98997700000001
11214.8 59.99167700000001
11220.7 59.993177
11226.6 59.994477
11232.4 59.995177
11238.3 59.995277
11244.1 59.994477
11250.0 59.992677
11255.9 59.98987700000001
11261.7 59.98607700000001
11267.6 59.981077
11273.4 59.975077
11279.3 59.967977000000005
11285.2 59.95997700000001
11291.0 59.951177
11296.9 59.941677
11302.7 59.93167700000001
11308.6 59.921277
11314.5 59.910577
11320.3 59.899777
11326.2 59.889077
11332.0 59.87857700000001
11337.9 59.86837700000001
11343.8 59.858577
11349.6 59.849177
11355.5 59.840277
11361.3 59.831877000000006
11367.2 59.823977
11373.0 59.816477000000006
11378.9 59.80927700000001
11384.8 59.80237700000001
11390.6 59.795677
11396.5 59.788877
11402.3 59.78187700000001
11408.2 59.77457700000001
11414.1 59.76687700000001
11419.9 59.758477
11425.8 59.749477
11431.6 59.73947700000001
11437.5 59.728577
11443.4 59.716577
11449.2 59.70357700000001
11455.1 59.689477
11460.9 59.674277000000004
11466.8 59.658077000000006
11472.7 59.64097700000001
11478.5 59.622977000000006
11484.4 59.604377
11490.2 59.585177
11496.1 59.565777
11502.0 59.546177
11507.8 59.526577
11513.7 59.507377000000005
11519.5 59.48867700000001
11525.4 59.47067700000001
11531.2 59.45357700000001
11537.1 59.437577000000005
11543.0 59.422776999999996
11548.8 59.409277
11554.7 59.397177
11560.5 59.386677000000006
11566.4 59.377577
11572.3 59.369977000000006
11578.1 59.363777
11584.0 59.35887700000001
11589.8 59.355177
11595.7 59.352677
11601.6 59.350977
11607.4 59.350077
11613.3 59.349677
11619.1 59.349677
11625.0 59.349777
11630.9 59.349877000000006
11636.7 59.349877000000006
11642.6 59.34947700000001
11648.4 59.348577000000006
11654.3 59.347177
11660.2 59.34517700000001
11666.0 59.342477
11671.9 59.339077
11677.7 59.33497700000001
11683.6 59.330377
11689.5 59.325177
11695.3 59.319677
11701.2 59.313877000000005
11707.0 59.30797700000001
11712.9 59.302177
11718.8 59.296577
11724.6 59.291477
11730.5 59.286877000000004
11736.3 59.28317700000001
11742.2 59.280277
11748.0 59.278577
11753.9 59.27797700000001
11759.8 59.278777000000005
11765.6 59.280877000000004
11771.5 59.284377000000006
11777.3 59.289277
11783.2 59.29557700000001
11789.1 59.30327700000001
11794.9 59.312177000000005
11800.8 59.322176999999996
11806.6 59.33327700000001
11812.5 59.34527700000001
11818.4 59.357977000000005
11824.2 59.371277000000006
11830.1 59.38507700000001
11835.9 59.399077000000005
11841.8 59.413377
11847.7 59.427677
11853.5 59.441877000000005
11859.4 59.45607700000001
11865.2 59.470077
11871.1 59.48387700000001
11877.0 59.497477
11882.8 59.510977
11888.7 59.524377
11894.5 59.53787700000001
11900.4 59.551377
11906.2 59.56527700000001
11912.1 59.579577
11918.0 59.59437700000001
11923.8 59.609977
11929.7 59.626377000000005
11935.5 59.643877
11941.4 59.66247700000001
11947.3 59.682277
11953.1 59.70347700000001
11959.0 59.726077000000004
11964.8 59.750077000000005
11970.7 59.77547700000001
11976.6 59.802177
11982.4 59.830077
11988.3 59.859077
11994.1 59.889077
12000.0 59.91977700000001
12005.9 59.95097700000001
12011.7 59.982477
12017.6 60.013977
12023.4 60.04517700000001
12029.3 60.075877000000006
12035.2 60.105777
12041.0 60.13457700000001
12046.9 60.162077
12052.7 60.18807700000001
12058.6 60.212277
12064.5 60.234677000000005
12070.3 60.254977
12076.2 60.27327700000001
12082.0 60.289377
12087.9 60.30327700000001
12093.8 60.315177000000006
12099.6 60.324977000000004
12105.5 60.33277700000001
12111.3 60.338977
12117.2 60.34347700000001
12123.0 60.346576999999996
12128.9 60.348477
12134.8 60.34947700000001
12140.6 60.349777
12146.5 60.349577
12152.3 60.34907700000001
12158.2 60.34867700000001
12164.1 60.34827700000001
12169.9 60.34827700000001
12175.8 60.348777
12181.6 60.349777
12187.5 60.351377
12193.4 60.353677000000005
12199.2 60.356577
12205.1 60.36017700000001
12210.9 60.364177
12216.8 60.368677000000005
12222.7 60.373377000000005
12228.5 60.37817700000001
12234.4 60.382977
12240.2 60.387477000000004
12246.1 60.391577
12252.0 60.395077
12257.8 60.397677
12263.7 60.399377
12269.5 60.39997700000001
12275.4 60.399377
12281.2 60.397377000000006
12287.1 60.39407700000001
12293.0 60.38937700000001
12298.8 60.38327700000001
12304.7 60.375877
12310.5 60.367277
12316.4 60.357477
12322.3 60.346677
12328.1 60.335077
12334.0 60.322777
12339.8 60.31007700000001
12345.7 60.297177000000005
12351.6 60.284277
12357.4 60.271477000000004
12363.3 60.25917700000001
12369.1 60.24757700000001
12375.0 60.236677
12380.9 60.22667700000001
12386.7 60.217777
12392.6 60.210177
12398.4 60.203677
12404.3 60.198477
12410.2 60.19457700000001
12416.0 60.191877000000005
12421.9 60.19027700000001
12427.7 60.18977700000001
12433.6 60.19027700000001
12439.5 60.191477000000006
12445.3 60.19327700000001
12451.2 60.195577
12457.0 60.198077
12462.9 60.200777
12468.8 60.203277
12474.6 60.205477
12480.5 60.207277000000005
12486.3 60.208577000000005
12492.2 60.209177
12498.0 60.208977000000004
12503.9 60.208077
12509.8 60.206277
12515.6 60.20357700000001
12521.5 60.200177
12527.3 60.19587700000001
12533.2 60.187577000000005
12539.1 60.181977
12544.9 60.175977
12550.8 60.16967700000001
12556.6 60.163177000000005
12562.5 60.156677
12568.4 60.150277
12574.2 60.14397700000001
12580.1 60.141577
12585.9 60.135977
12591.8 60.130677000000006
12597.7 60.125777
12603.5 60.121477
12609.4 60.117577
12615.2 60.114177
12621.1 60.111177
12627.0 60.108577
12632.8 60.10637700000001
12638.7 60.104377
12644.5 60.102577
12650.4 60.100877
12656.2 60.099177
12662.1 60.097277000000005
12668.0 60.09517700000001
12673.8 60.092777
12679.7 60.089977000000005
12685.5 60.086777
12691.4 60.083077
12697.3 60.078877000000006
12703.1 60.07427700000001
12709.0 60.06907700000001
12714.8 60.06357700000001
12720.7 60.057677
12726.6 60.05157700000001
12732.4 60.045377
12738.3 60.03917700000001
12744.1 60.033077000000006
12750.0 60.027377
12755.9 60.02207700000001
12761.7 60.017577
12767.6 60.013777000000005
12773.4 60.010977
12779.3 60.00917700000001
12785.2 60.008677000000006
12791.0 60.00957700000001
12796.9 60.01177700000001
12802.7 60.015377
12808.6 60.020477
12814.5 60.027077000000006
12820.3 60.034977
12826.2 60.04427700000001
12832.0 60.054777
12837.9 60.066377
12843.8 60.078877000000006
12849.6 60.09227700000001
12855.5 60.106177
12861.3 60.12047700000001
12867.2 60.134877
12873.0 60.149377
12878.9 60.163577000000004
12884.8 60.17737700000001
12890.6 60.190577000000005
12896.5 60.202977000000004
12902.3 60.214477
12908.2 60.224877000000006
12914.1 60.234177
12919.9 60.242277
12925.8 60.249177
12931.6 60.254777000000004
12937.5 60.259077000000005
12943.4 60.262277
12949.2 60.26427700000001
12955.1 60.26517700000001
12960.9 60.26517700000001
12966.8 60.26437700000001
12972.7 60.262777
12978.5 60.260577
12984.4 60.257977
12990.2 60.255077
12996.1 60.25187700000001
13002.0 60.248677
13007.8 60.24547700000001
13013.7 60.242377000000005
13019.5 60.23947700000001
13025.4 60.236677
13031.2 60.234277000000006
13037.1 60.231977
13043.0 60.23007700000001
13048.8 60.228277000000006
13054.7 60.226577000000006
13060.5 60.225077
13066.4 60.223477
13072.3 60.221877000000006
13078.1 60.220077
13084.0 60.217977000000005
13089.8 60.21557700000001
13095.7 60.212777
13101.6 60.209377
13107.4 60.205477
13113.3 60.20097700000001
13119.1 60.19577700000001
13125.0 60.189977
13130.9 60.183476999999996
13136.7 60.176377
13142.6 60.168677
13148.4 60.160577
13154.3 60.151977
13160.2 60.143077000000005
13166.0 60.133877
13171.9 60.124677000000005
13177.7 60.115477
13183.6 60.106477
13189.5 60.09777700000001
13195.3 60.089577000000006
13201.2 60.081777
13207.0 60.07467700000001
13212.9 60.068377
13218.8 60.062877
13224.6 60.058177
13230.5 60.054477000000006
13236.3 60.05157700000001
13242.2 60.049677
13248.0 60.048677
13253.9 60.04857700000001
13259.8 60.049177
13265.6 60.050477
13271.5 60.05247700000001
13277.3 60.054877000000005
13283.2 60.05757700000001
13289.1 60.06057700000001
13294.9 60.063677
13300.8 60.066677
13306.6 60.06957700000001
13312.5 60.072176999999996
13318.4 60.074477
13324.2 60.076177
13330.1 60.07727700000001
13335.9 60.077777
13341.8 60.077577000000005
13347.7 60.076577
13353.5 60.074877
13359.4 60.072377
13365.2 60.06907700000001
13371.1 60.064977
13377.0 60.06017700000001
13382.8 60.054777
13388.7 60.048677
13394.5 60.042077000000006
13400.4 60.034977
13406.2 60.027477000000005
13412.1 60.019677
13418.0 60.011477
13423.8 60.00317700000001
13429.7 59.99467700000001
13435.5 59.98607700000001
13441.4 59.977377000000004
13447.3 59.968677
13453.1 59.960077
13459.0 59.95137700000001
13464.8 59.94277700000001
13470.7 59.93427700000001
13476.6 59.925777
13482.4 59.917377
13488.3 59.90897700000001
13494.1 59.900577
13500.0 59.892177000000004
13505.9 59.88377700000001
13511.7 59.875377
13517.6 59.866977000000006
13523.4 59.85847700000001
13529.3 59.850077
13535.2 59.841577
13541.0 59.833077
13546.9 59.824477
13552.7 59.81607700000001
13558.6 59.80757700000001
13564.5 59.799277000000004
13570.3 59.791077
13576.2 59.783077000000006
13582.0 59.775277
13587.9 59.76777700000001
13593.8 59.760577
13599.6 59.753777
13605.5 59.747377
13611.3 59.741477
13617.2 59.735977000000005
13623.0 59.731077
13628.9 59.726777
13634.8 59.723077
13640.6 59.719977
13646.5 59.717577000000006
13652.3 59.715777
13658.2 59.71467700000001
13664.1 59.71427700000001
13669.9 59.714577000000006
13675.8 59.71557700000001
13681.6 59.71727700000001
13687.5 59.71977700000001
13693.4 59.722877
13699.2 59.726777
13705.1 59.731477
13710.9 59.73687700000001
13716.8 59.74297700000001
13722.7 59.749977
13728.5 59.757777000000004
13734.4 59.766377000000006
13740.2 59.77587700000001
13746.1 59.78617700000001
13752.0 59.797377
13757.8 59.809477
13763.7 59.822477000000006
13769.5 59.836377
13775.4 59.85117700000001
13781.2 59.866877
13787.1 59.88337700000001
13793.0 59.900677
13798.8 59.918777000000006
13804.7 59.937577000000005
13810.5 59.957077
13816.4 59.976977000000005
13822.3 59.997377
13828.1 60.018077000000005
13834.0 60.039077000000006
13839.8 60.06007700000001
13845.7 60.08107700000001
13851.6 60.101977000000005
13857.4 60.12257700000001
13863.3 60.14277700000001
13869.1 60.16247700000001
13875.0 60.181477
13880.9 60.199877
13886.7 60.217377
13892.6 60.234077
13898.4 60.249977
13904.3 60.26477700000001
13910.2 60.278777000000005
13916.0 60.291877
13921.9 60.30407700000001
13927.7 60.315377
13933.6 60.326077
13939.5 60.336177000000006
13945.3 60.34567700000001
13951.2 60.354877
13957.0 60.363777
13962.9 60.37257700000001
13968.8 60.381477000000004
13974.6 60.39057700000001
13980.5 60.40007700000001
13986.3 60.409977
13992.2 60.42057700000001
13998.0 60.431777
14003.9 60.443877
14009.8 60.456877000000006
14015.6 60.470777
14021.5 60.48567700000001
14027.3 60.50147700000001
14033.2 60.518277
14039.1 60.535977
14044.9 60.554477000000006
14050.8 60.573677
14056.6 60.59347700000001
14062.5 60.613877
14068.4 60.63457700000001
14074.2 60.65557700000001
14080.1 60.676677
14085.9 60.697677
14091.8 60.71857700000001
14097.7 60.739177
14103.5 60.759377
14109.4 60.779177000000004
14115.2 60.798277
14121.1 60.816877000000005
14127.0 60.834877000000006
14132.8 60.852177
14138.7 60.868877
14144.5 60.88507700000001
14150.4 60.900677
14156.2 60.91587700000001
14162.1 60.930777000000006
14168.0 60.945477
14173.8 60.960077
14179.7 60.974677
14185.5 60.98947700000001
14191.4 61.00447700000001
14197.3 61.01987700000001
14203.1 61.044977
14209.0 61.061777000000006
14214.8 61.079177
14220.7 61.097177
14226.6 61.11577700000001
14232.4 61.134977000000006
14238.3 61.15467700000001
14244.1 61.174777000000006
14250.0 61.195277000000004
14255.9 61.205877
14261.7 61.226377
14267.6 61.24677700000001
14273.4 61.267077
14279.3 61.28697700000001
14285.2 61.306377
14291.0 61.32507700000001
14296.9 61.342977000000005
14302.7 61.359977
14308.6 61.375877
14314.5 61.39057700000001
14320.3 61.40387700000001
14326.2 61.415977
14332.0 61.426677
14337.9 61.435877000000005
14343.8 61.443777
14349.6 61.45047700000001
14355.5 61.455777
14361.3 61.460077
14367.2 61.46337700000001
14373.0 61.465877000000006
14378.9 61.46767700000001
14384.8 61.469077
14390.6 61.47027700000001
14396.5 61.471277
14402.3 61.472477
14408.2 61.473977000000005
14414.1 61.475977
14419.9 61.478577
14425.8 61.481977
14431.6 61.486277
14437.5 61.491477
14443.4 61.49767700000001
14449.2 61.50487700000001
14455.1 61.51307700000001
14460.9 61.52207700000001
14466.8 61.531977
14472.7 61.54257700000001
14478.5 61.55367700000001
14484.4 61.565077
14490.2 61.57677700000001
14496.1 61.58837700000001
14502.0 61.599677
14507.8 61.610577000000006
14513.7 61.620777000000004
14519.5 61.630077
14525.4 61.638377000000006
14531.2 61.645376999999996
14537.1 61.650977
14543.0 61.655077000000006
14548.8 61.657577
14554.7 61.658477000000005
14560.5 61.657577
14566.4 61.655077000000006
14572.3 61.650977
14578.1 61.645376999999996
14584.0 61.638277
14589.8 61.629977
14595.7 61.62047700000001
14601.6 61.610077000000004
14607.4 61.598977000000005
14613.3 61.587277
14619.1 61.575277
14625.0 61.56317700000001
14630.9 61.55117700000001
14636.7 61.539477000000005
14642.6 61.528277
14648.4 61.517577
14654.3 61.507677
14660.2 61.498577
14666.0 61.490477
14671.9 61.483177
14677.7 61.476977000000005
14683.6 61.471576999999996
14689.5 61.46717700000001
14695.3 61.463477
14701.2 61.460577
14707.0 61.458177000000006
14712.9 61.456277
14718.8 61.454677000000004
14724.6 61.453277
14730.5 61.45177700000001
14736.3 61.450177
14742.2 61.44837700000001
14748.0 61.446077
14753.9 61.44327700000001
14759.8 61.43987700000001
14765.6 61.435777
14771.5 61.430977
14777.3 61.425477
14783.2 61.41927700000001
14789.1 61.412277
14794.9 61.40477700000001
14800.8 61.396677
14806.6 61.388177
14812.5 61.379377000000005
14818.4 61.370377000000005
14824.2 61.361377000000005
14830.1 61.35247700000001
14835.9 61.343777
14841.8 61.335477
14847.7 61.32767700000001
14853.5 61.320477
14859.4 61.31397700000001
14865.2 61.308177
14871.1 61.30327700000001
14877.0 61.299177
14882.8 61.29597700000001
14888.7 61.29347700000001
14894.5 61.29177700000001
14900.4 61.290777000000006
14906.2 61.29037700000001
14912.1 61.29047700000001
14918.0 61.29087700000001
14923.8 61.291377
14929.7 61.292077000000006
14935.5 61.29257700000001
14941.4 61.292877000000004
14947.3 61.292677
14953.1 61.292077000000006
14959.0 61.290677
14964.8 61.288577000000004
14970.7 61.28567700000001
14976.6 61.281777000000005
14982.4 61.276977
14988.3 61.27117700000001
14994.1 61.264477
15000.0 61.256877
15005.9 61.248377000000005
15011.7 61.23907700000001
15017.6 61.22917700000001
15023.4 61.218677
15029.3 61.20777700000001
15035.2 61.196577000000005
15041.0 61.185277
15046.9 61.173877000000005
15052.7 61.162677
15058.6 61.15177700000001
15064.5 61.141177
15070.3 61.131077000000005
15076.2 61.121577
15082.0 61.112677000000005
15087.9 61.104477
15093.8 61.096877000000006
15099.6 61.089977000000005
15105.5 61.08367700000001
15111.3 61.077977000000004
15117.2 61.072777
15123.0 61.067977
15128.9 61.063477000000006
15134.8 61.059077
15140.6 61.054677
15146.5 61.05027700000001
15152.3 61.045477000000005
15158.2 61.04037700000001
15164.1 61.034677
15169.9 61.028277
15175.8 61.02117700000001
15181.6 61.013177
15187.5 61.004177
15193.4 60.994277
15199.2 60.983177
15205.1 60.971177
15210.9 60.958077
15216.8 60.943977000000004
15222.7 60.928877
15228.5 60.912977
15234.4 60.896277
15240.2 60.878877
15246.1 60.860977000000005
15252.0 60.84267700000001
15257.8 60.824077
15263.7 60.80537700000001
15269.5 60.78657700000001
15275.4 60.767977
15281.2 60.749577
15287.1 60.731577
15293.0 60.713977
15298.8 60.696977000000004
15304.7 60.680577
15310.5 60.664777
15316.4 60.649777
15322.3 60.635377000000005
15328.1 60.621677000000005
15334.0 60.608577
15339.8 60.596177
15345.7 60.584277
15351.6 60.572877000000005
15357.4 60.56187700000001
15363.3 60.55107700000001
15369.1 60.540577
15375.0 60.53017700000001
15380.9 60.519677
15386.7 60.50917700000001
15392.6 60.498377000000005
15398.4 60.48737700000001
15404.3 60.475877
15410.2 60.463977
15416.0 60.451477
15421.9 60.438477000000006
15427.7 60.424677
15433.6 60.41027700000001
15439.5 60.395177000000004
15445.3 60.379277
15451.2 60.362677000000005
15457.0 60.345377
15462.9 60.327177000000006
15468.8 60.30837700000001
15474.6 60.28877700000001
15480.5 60.268477000000004
15486.3 60.247477
15492.2 60.22577700000001
15498.0 60.20347700000001
15503.9 60.18047700000001
15509.8 60.15687700000001
15515.6 60.132777000000004
15521.5 60.10807700000001
15527.3 60.08277700000001
15533.2 60.05707700000001
15539.1 60.030777
15544.9 60.00407700000001
15550.8 59.976877
15556.6 59.94927700000001
15562.5 59.921277
15568.4 59.892877
15574.2 59.864177
15580.1 59.835177
15585.9 59.805977
15591.8 59.776577
15597.7 59.746977
15603.5 59.71717700000001
15609.4 59.687377
15615.2 59.657577
15621.1 59.62777700000001
15627.0 59.598077
15632.8 59.568477
15638.7 59.538977
15644.5 59.509676999999996
15650.4 59.480577
15656.2 59.451677000000004
15662.1 59.422977
15668.0 59.39447700000001
15673.8 59.36617700000001
15679.7 59.33797700000001
15685.5 59.309977
15691.4 59.281977
15697.3 59.253977000000006
15703.1 59.225977
15709.0 59.197777
15714.8 59.169377
15720.7 59.140677
15726.6 59.11147700000001
15732.4 59.081877000000006
15738.3 59.051777
15744.1 59.020877
15750.0 58.989377000000005
15755.9 58.957077
15761.7 58.92397700000001
15767.6 58.889977
15773.4 58.85507700000001
15779.3 58.819377
15785.2 58.78277700000001
15791.0 58.745277
15796.9 58.707077
15802.7 58.668077
15808.6 58.628477000000004
15814.5 58.588277000000005
15820.3 58.54767700000001
15826.2 58.50667700000001
15832.0 58.46547700000001
15837.9 58.424177
15843.8 58.38287700000001
15849.6 58.341677000000004
15855.5 58.300777
15861.3 58.26007700000001
15867.2 58.21977700000001
15873.0 58.161377
15878.9 58.122277
15884.8 58.08367700000001
15890.6 58.04557700000001
15896.5 58.00787700000001
15902.3 57.970577000000006
15908.2 57.933476999999996
15914.1 57.896677
15919.9 57.859977
15925.8 57.823277000000004
15931.6 57.80457700000001
15937.5 57.76737700000001
15943.4 57.729777
15949.2 57.691677
15955.1 57.65297700000001
15960.9 57.61357700000001
15966.8 57.57337700000001
15972.7 57.532177000000004
15978.5 57.490077
15984.4 57.446877
15990.2 57.402477000000005
15996.1 57.357077000000004
16002.0 57.31057700000001
16007.8 57.26297700000001
16013.7 57.214477
16019.5 57.16497700000001
16025.4 57.114677
16031.2 57.063777
16037.1 57.012377
16043.0 56.96077700000001
16048.8 56.90897700000001
16054.7 56.85727700000001
16060.5 56.805977
16066.4 56.755177
16072.3 56.705177000000006
16078.1 56.656277
16084.0 56.60847700000001
16089.8 56.562177000000005
16095.7 56.517577
16101.6 56.474677
16107.4 56.43387700000001
16113.3 56.395177000000004
16119.1 56.358677
16125.0 56.324577000000005
16130.9 56.292877000000004
16136.7 56.263677
16142.6 56.23697700000001
16148.4 56.212777
16154.3 56.19107700000001
16160.2 56.17187700000001
16166.0 56.155077000000006
16171.9 56.140677
16177.7 56.12857700000001
16183.6 56.118677000000005
16189.5 56.110777
16195.3 56.104977000000005
16201.2 56.100977
16207.0 56.098777
16212.9 56.098377
16218.8 56.09947700000001
16224.6 56.101977000000005
16230.5 56.10597700000001
16236.3 56.111177
16242.2 56.117677
16248.0 56.125277
16253.9 56.133877
16259.8 56.14357700000001
16265.6 56.154077
16271.5 56.16537700000001
16277.3 56.177577
16283.2 56.190377
16289.1 56.203777
16294.9 56.217777
16300.8 56.23227700000001
16306.6 56.247077000000004
16312.5 56.262277
16318.4 56.277677
16324.2 56.293177
16330.1 56.308777000000006
16335.9 56.32427700000001
16341.8 56.33967700000001
16347.7 56.354777
16353.5 56.36957700000001
16359.4 56.384077000000005
16365.2 56.397977
16371.1 56.411377
16377.0 56.424177
16382.8 56.43637700000001
16388.7 56.447777
16394.5 56.458577000000005
16400.4 56.468677
16406.2 56.47797700000001
16412.1 56.486677
16418.0 56.49467700000001
16423.8 56.502077
16429.7 56.508977
16435.5 56.515377
16441.4 56.521377
16447.3 56.527077000000006
16453.1 56.532477
16459.0 56.537777000000006
16464.8 56.543077
16470.7 56.54817700000001
16476.6 56.553477
16482.4 56.558777000000006
16488.3 56.564177
16494.1 56.569677
16500.0 56.575277
16505.9 56.580977000000004
16511.7 56.58667700000001
16517.6 56.59227700000001
16523.4 56.59777700000001
16529.3 56.60297700000001
16535.2 56.607777
16541.0 56.612077
16546.9 56.615577
16552.7 56.618277000000006
16558.6 56.619877
16564.5 56.620377000000005
16570.3 56.619377
16576.2 56.616977000000006
16582.0 56.612877
16587.9 56.606877
16593.8 56.59907700000001
16599.6 56.589377
16605.5 56.577577000000005
16611.3 56.563777
16617.2 56.547977
16623.0 56.53017700000001
16628.9 56.510577
16634.8 56.489277
16640.6 56.46637700000001
16646.5 56.442077
16652.3 56.416577000000004
16658.2 56.39017700000001
16664.1 56.363077000000004
16669.9 56.335577
16675.8 56.307877000000005
16681.6 56.280377
16687.5 56.253277
16693.4 56.22667700000001
16699.2 56.201077
16705.1 56.176377
16710.9 56.15297700000001
16716.8 56.130877
16722.7 56.110276999999996
16728.5 56.091077
16734.4 56.073277000000004
16740.2 56.05707700000001
16746.1 56.042077000000006
16752.0 56.028277
16757.8 56.01557700000001
16763.7 56.00367700000001
16769.5 55.992277
16775.4 55.981177
16781.2 55.970077
16787.1 55.95867700000001
16793.0 55.946577000000005
16798.8 55.933577
16804.7 55.91927700000001
16810.5 55.90347700000001
16816.4 55.885777000000004
16822.3 55.865977
16828.1 55.843777
16834.0 55.81917700000001
16839.8 55.791877
16845.7 55.761877
16851.6 55.72917700000001
16857.4 55.69367700000001
16863.3 55.65557700000001
16869.1 55.61487700000001
16875.0 55.57167700000001
16880.9 55.52627700000001
16886.7 55.478977
16892.6 55.429877000000005
16898.4 55.379377000000005
16904.3 55.32767700000001
16910.2 55.275177
16916.0 55.222177
16921.9 55.169077
16927.7 55.115977
16933.6 55.063377
16939.5 55.01137700000001
16945.3 54.960277000000005
16951.2 54.91027700000001
16957.0 54.86147700000001
16962.9 54.81397700000001
16968.8 54.767977
16974.6 54.723377
16980.5 54.680077
16986.3 54.638177
16992.2 54.597477
16998.0 54.557777
17003.9 54.51907700000001
17009.8 54.48097700000001
17015.6 54.44327700000001
17021.5 54.405677000000004
17027.3 54.36807700000001
17033.2 54.330177000000006
17039.1 54.291677
17044.9 54.25227700000001
17050.8 54.211877
17056.6 54.170177
17062.5 54.127177
17068.4 54.082577
17074.2 54.036377
17080.1 53.98857700000001
17085.9 53.939077000000005
17091.8 53.888077
17097.7 53.835477000000004
17103.5 53.781577000000006
17109.4 53.726477
17115.2 53.670477000000005
17121.1 53.61357700000001
17127.0 53.556277
17132.8 53.498777000000004
17138.7 53.44127700000001
17144.5 53.384177
17150.4 53.327677
17156.2 53.27197700000001
17162.1 53.217377000000006
17168.0 53.164177
17173.8 53.112377
17179.7 53.062277
17185.5 53.013977000000004
17191.4 52.967477
17197.3 52.92287700000001
17203.1 52.880077
17209.0 52.839077
17214.8 52.799777000000006
17220.7 52.762077000000005
17226.6 52.725677000000005
17232.4 52.690477
17238.3 52.656377000000006
17244.1 52.622877
17250.0 52.589877
17255.9 52.557177
17261.7 52.524377
17267.6 52.491277000000004
17273.4 52.457777
17279.3 52.423477000000005
17285.2 52.388377000000006
17291.0 52.352177000000005
17296.9 52.314977000000006
17302.7 52.276577
17308.6 52.236977
17314.5 52.196277
17320.3 52.154477
17326.2 52.11187700000001
17332.0 52.068677
17337.9 52.02497700000001
17343.8 51.981077000000006
17349.6 51.937477
17355.5 51.894277
17361.3 51.852077
17367.2 51.811177
17373.0 51.77197700000001
17378.9 51.734777
17384.8 51.700177000000004
17390.6 51.66837700000001
17396.5 51.639777
17402.3 51.614577000000004
17408.2 51.593177000000004
17414.1 51.575677000000006
17419.9 51.562277
17425.8 51.552977000000006
17431.6 51.547977
17437.5 51.546977000000005
17443.4 51.550077
17449.2 51.556977
17455.1 51.567577
17460.9 51.581377
17466.8 51.598277
17472.7 51.617577000000004
17478.5 51.639077
17484.4 51.662277
17490.2 51.68657700000001
17496.1 51.711577000000005
17502.0 51.736677
17507.8 51.761377
17513.7 51.785177000000004
17519.5 51.807677000000005
17525.4 51.828377
17531.2 51.846977
17537.1 51.862977
17543.0 51.876177000000006
17548.8 51.88327700000001
17554.7 51.888377000000006
17560.5 51.890177
17566.4 51.888777000000005
17572.3 51.884077000000005
17578.1 51.876377000000005
17584.0 51.865677000000005
17589.8 51.852277
17595.7 51.836477
17601.6 51.818477
17607.4 51.805277000000004
17613.3 51.78567700000001
17619.1 51.764777
17625.0 51.74307700000001
17630.9 51.720877
17636.7 51.698677
17642.6 51.676677000000005
17648.4 51.655377
17654.3 51.634877
17660.2 51.615677000000005
17666.0 51.597977
17671.9 51.581777
17677.7 51.567477000000004
17683.6 51.554977
17689.5 51.544377000000004
17695.3 51.535777
17701.2 51.528977000000005
17707.0 51.523977
17712.9 51.52047700000001
17718.8 51.518477000000004
17724.6 51.517577
17730.5 51.517577
17736.3 51.518077000000005
17742.2 51.518877
17748.0 51.519577000000005
17753.9 51.519877
17759.8 51.519377000000006
17765.6 51.517677000000006
17771.5 51.514577
17777.3 51.50977700000001
17783.2 51.502877000000005
17789.1 51.493777
17794.9 51.482277
17800.8 51.468077
17806.6 51.451177
17812.5 51.431577000000004
17818.4 51.40917700000001
17824.2 51.384077000000005
17830.1 51.356277000000006
17835.9 51.325977
17841.8 51.293277
17847.7 51.258577
17853.5 51.221877000000006
17859.4 51.183677
17865.2 51.144077
17871.1 51.103477000000005
17877.0 51.062177000000005
17882.8 51.02047700000001
17888.7 50.978777
17894.5 50.937277
17900.4 50.896277000000005
17906.2 50.856077000000006
17912.1 50.816877000000005
17918.0 50.778977000000005
17923.8 50.742377000000005
17929.7 50.707377
17935.5 50.674077000000004
17941.4 50.64247700000001
17947.3 50.612577
17953.1 50.584377
17959.0 50.557977
17964.8 50.533077000000006
17970.7 50.509577
17976.6 50.487477000000005
17982.4 50.466577
17988.3 50.446577000000005
17994.1 50.427377
18000.0 50.408677000000004
18005.9 50.390377
18011.7 50.372077000000004
18017.6 50.353677000000005
18023.4 50.334977
18029.3 50.315777000000004
18035.2 50.295977
18041.0 50.275277
18046.9 50.253677
18052.7 50.231077000000006
18058.6 50.207377
18064.5 50.182577
18070.3 50.156777000000005
18076.2 50.129877
18082.0 50.101977000000005
18087.9 50.073277000000004
18093.8 50.043777000000006
18099.6 50.013677
18105.5 49.983077
18111.3 49.952277
18117.2 49.921477
18123.0 49.890677000000004
18128.9 49.860277
18134.8 49.830377000000006
18140.6 49.801177
18146.5 49.772777000000005
18152.3 49.745477
18158.2 49.719377
18164.1 49.694577
18169.9 49.671077000000004
18175.8 49.648977
18181.6 49.628377
18187.5 49.609277000000006
18193.4 49.591577
18199.2 49.575177000000004
18205.1 49.559977
18210.9 49.545877000000004
18216.8 49.53267700000001
18222.7 49.520177000000004
18228.5 49.508177
18234.4 49.496277000000006
18240.2 49.484377
18246.1 49.472077000000006
18252.0 49.459077
18257.8 49.445077000000005
18263.7 49.429677000000005
18269.5 49.412677
18275.4 49.393677000000004
18281.2 49.372377
18287.1 49.348477
18293.0 49.321677
18298.8 49.29187700000001
18304.7 49.258877000000005
18310.5 49.222377
18316.4 49.182377
18322.3 49.138677
18328.1 49.091477000000005
18334.0 49.040577000000006
18339.8 48.986277
18345.7 48.928577000000004
18351.6 48.867677
18357.4 48.803877
18363.3 48.737377
18369.1 48.668677
18375.0 48.597977
18380.9 48.525677
18386.7 48.452277
18392.6 48.377977
18398.4 48.303377000000005
18404.3 48.228777
18410.2 48.154577
18416.0 48.081077
18421.9 48.008577
18427.7 47.937377000000005
18433.6 47.867577000000004
18439.5 47.799277000000004
18445.3 47.732777000000006
18451.2 47.667777
18457.0 47.604477
18462.9 47.542677000000005
18468.8 47.482077000000004
18474.6 47.422477
18480.5 47.363677
18486.3 47.305177
18492.2 47.246577
18498.0 47.187477
18503.9 47.127377
18509.8 47.065777000000004
18515.6 47.002177
18521.5 46.935977
18527.3 46.866777000000006
18533.2 46.794077
18539.1 46.717377000000006
18544.9 46.636477000000006
18550.8 46.550977
18556.6 46.460677000000004
18562.5 46.365377
18568.4 46.265077000000005
18574.2 46.159777000000005
18580.1 46.049577000000006
18585.9 45.934877
18591.8 45.815877
18597.7 45.693077
18603.5 45.566877000000005
18609.4 45.437977000000004
18615.2 45.306977
18621.1 45.174477
18627.0 45.041377000000004
18632.8 44.908277000000005
18638.7 44.775877
18644.5 44.644977000000004
18650.4 44.516177000000006
18656.2 44.390077000000005
18662.1 44.267277
18668.0 44.148277
18673.8 44.033377
18679.7 43.92287700000001
18685.5 43.816977
18691.4 43.715777
18697.3 43.619277000000004
18703.1 43.527277000000005
18709.0 43.439577
18714.8 43.355777
18720.7 43.275477
18726.6 43.198277000000004
18732.4 43.123377000000005
18738.3 43.050177000000005
18744.1 42.978077000000006
18750.0 42.90617700000001
18755.9 42.833677
18761.7 42.759877
18767.6 42.683977000000006
18773.4 42.605177000000005
18779.3 42.522777000000005
18785.2 42.436177
18791.0 42.344877000000004
18796.9 42.248277
18802.7 42.146077000000005
18808.6 42.038177000000005
18814.5 41.924177
18820.3 41.804177
18826.2 41.678377000000005
18832.0 41.546777000000006
18837.9 41.409877
18843.8 41.267977
18849.6 41.121577
18855.5 40.971277
18861.3 40.81777700000001
18867.2 40.661677000000005
18873.0 40.50377700000001
18878.9 40.344977
18884.8 40.185977
18890.6 40.027577
18896.5 39.870677
18902.3 39.716177
18908.2 39.56477700000001
18914.1 39.417377
18919.9 39.274677000000004
18925.8 39.137477000000004
18931.6 39.006477000000004
18937.5 38.882377000000005
18943.4 38.765777
18949.2 38.657377000000004
18955.1 38.557477000000006
18960.9 38.466877000000004
18966.8 38.385777000000004
18972.7 38.31477700000001
18978.5 38.254077
18984.4 38.204177
18990.2 38.16537700000001
18996.1 38.13777700000001
19002.0 38.121777
19007.8 38.117377000000005
19013.7 38.124877000000005
19019.5 38.144277
19025.4 38.175577000000004
19031.2 38.218877000000006
19037.1 38.273877000000006
19043.0 38.340477
19048.8 38.41837700000001
19054.7 38.507177000000006
19060.5 38.606577
19066.4 38.715777
19072.3 38.834377
19078.1 38.961577000000005
19084.0 39.096377000000004
19089.8 39.238077000000004
19095.7 39.385677
19101.6 39.537977000000005
19107.4 39.693877
19113.3 39.852277
19119.1 40.011877000000005
19125.0 40.17137700000001
19130.9 40.329477000000004
19136.7 40.484877000000004
19142.6 40.636177
19148.4 40.782177000000004
19154.3 40.921577000000006
19160.2 41.053077
19166.0 41.175677
19171.9 41.288177000000005
19177.7 41.389877000000006
19183.6 41.479877
19189.5 41.557577
19195.3 41.622677
19201.2 41.674877
19207.0 41.714077
19212.9 41.740777
19218.8 41.732577000000006
19224.6 41.732477
19230.5 41.723277
19236.3 41.706177000000004
19242.2 41.682777
19248.0 41.654877000000006
19253.9 41.624277000000006
19259.8 41.592877
19265.6 41.562477
19271.5 41.534977000000005
19277.3 41.512077000000005
19283.2 41.519477
19289.1 41.510977000000004
19294.9 41.510477
19300.8 41.518877
19306.6 41.53717700000001
19312.5 41.566077
19318.4 41.606077000000006
19324.2 41.657577
19330.1 41.720677
19335.9 41.795577
19341.8 41.881977000000006
19347.7 41.979477
19353.5 42.087677000000006
19359.4 42.205677
19365.2 42.332677000000004
19371.1 42.467377000000006
19377.0 42.608677
19382.8 42.754977000000004
19388.7 42.904777
19394.5 43.056377000000005
19400.4 43.20797700000001
19406.2 43.358177000000005
19412.1 43.505077
19418.0 43.647377000000006
19423.8 43.783777
19429.7 43.913177000000005
19435.5 44.034877
19441.4 44.148377
19447.3 44.253377
19453.1 44.349977
19459.0 44.438377
19464.8 44.519277
19470.7 44.593377000000004
19476.6 44.661677000000005
19482.4 44.725077000000006
19488.3 44.784877
19494.1 44.84217700000001
19500.0 44.897977000000004
19505.9 44.953577
19511.7 45.00977700000001
19517.6 45.067577
19523.4 45.127677000000006
19529.3 45.190777000000004
19535.2 45.257177000000006
19541.0 45.327177000000006
19546.9 45.401177000000004
19552.7 45.478977
19558.6 45.560477000000006
19564.5 45.64547700000001
19570.3 45.733477
19576.2 45.823877
19582.0 45.915977000000005
19587.9 46.008777
19593.8 46.10137700000001
19599.6 46.192477000000004
19605.5 46.280677000000004
19611.3 46.364677
19617.2 46.442977000000006
19623.0 46.513977000000004
19628.9 46.576277000000005
19634.8 46.628577
19640.6 46.669477
19646.5 46.698177
19652.3 46.714077
19658.2 46.716877000000004
19664.1 46.706877000000006
19669.9 46.684877
19675.8 46.652077000000006
19681.6 46.61037700000001
19687.5 46.561777000000006
19693.4 46.508977
19699.2 46.454477000000004
19705.1 46.401077
19710.9 46.35117700000001
19716.8 46.306977
19722.7 46.270377
19728.5 46.242877
19734.4 46.225477000000005
19740.2 46.218877000000006
19746.1 46.223377000000006
19752.0 46.239077
19757.8 46.265677000000004
19763.7 46.302677
19769.5 46.349177000000005
19775.4 46.404077
19781.2 46.466077000000006
19787.1 46.533277000000005
19793.0 46.603577
19798.8 46.674077000000004
19804.7 46.741777000000006
19810.5 46.802377
19816.4 46.85117700000001
19822.3 46.882377000000005
19828.1 46.889177000000004
19834.0 46.863677
19839.8 46.797077
19845.7 46.680477
19851.6 46.506277000000004
19857.4 46.274777
19863.3 46.004577000000005
19869.1 45.736677
19875.0 45.511077
19880.9 45.346277
19886.7 45.243577
19892.6 45.198277000000004
19898.4 45.204277000000005
19904.3 45.256477000000004
19910.2 45.350277000000006
19916.0 45.482477
19921.9 45.650577000000006
19927.7 45.852977
19933.6 46.088377
19939.5 46.356577
19945.3 46.65767700000001
19951.2 46.992277
19957.0 47.361677
19962.9 47.767877000000006
19968.8 48.213377
19974.6 48.701677000000004
19980.5 49.236977
19986.3 49.824477
19992.2 50.469577
19998.0 51.176177
