Freq[Hz]     dBSPL  Phase[Deg]
5.00000     -1.677  -144.310
5.07273     -1.663  -143.123
5.14651     -1.630  -141.987
5.22137     -1.544  -140.997
5.29732     -1.458  -140.007
5.37437     -1.372  -139.017
5.45254     -1.286  -138.027
5.53185     -1.206  -137.282
5.61231     -1.131  -136.798
5.69394     -1.056  -136.313
5.77676     -0.981  -135.829
5.86079     -0.909  -135.347
5.94604     -0.939  -134.989
6.03252     -0.969  -134.632
6.12027     -0.999  -134.275
6.20929     -1.029  -133.918
6.29961     -1.153  -132.945
6.39124     -1.299  -131.835
6.48420     -1.445  -130.725
6.57851     -1.591  -129.616
6.67420     -1.706  -127.177
6.77128     -1.816  -124.523
6.86977     -1.927  -121.869
6.96969     -2.006  -119.143
7.07107     -1.853  -115.874
7.17392     -1.700  -112.605
7.27827     -1.547  -109.336
7.38413     -1.303  -106.818
7.49154     -0.990  -104.880
7.60050     -0.676  -102.942
7.71105     -0.393  -101.248
7.82321     -0.240  -100.625
7.93701     -0.088  -100.002
8.05245      0.065   -99.379
8.16958     -0.148   -98.116
8.28841     -0.373   -96.829
8.40896     -0.599   -95.542
8.53128     -1.046   -89.845
8.65537     -1.522   -83.579
8.78126     -1.998   -77.313
8.90899     -1.380   -65.785
9.03857     -0.690   -53.913
9.17004      0.120   -42.797
9.30342      1.885   -37.703
9.43874      3.650   -32.610
9.57603      5.328   -29.787
9.71532      6.872   -30.432
9.85663      8.417   -31.078
10.0000      9.635   -33.542
10.1455     10.763   -36.513
10.2930     11.802   -39.765
10.4427     12.591   -43.801
10.5946     13.380   -47.837
10.7487     13.958   -52.361
10.9051     14.494   -56.981
11.0637     14.908   -61.756
11.2246     15.191   -66.694
11.3879     15.411   -71.634
11.5535     15.401   -76.583
11.7216     15.384   -81.520
11.8921     14.993   -85.820
12.0650     14.602   -90.119
12.2405     13.763   -92.241
12.4186     12.866   -94.081
12.5992     11.692   -89.723
12.7825     10.456   -83.990
12.9684     10.500   -70.804
13.1570     10.842   -55.882
13.3484     12.668   -48.665
13.5426     14.735   -42.699
13.7395     16.517   -45.136
13.9394     18.219   -48.294
14.1421     19.401   -54.477
14.3478     20.415   -61.049
14.5565     21.067   -68.455
14.7683     21.441   -75.863
14.9831     21.600   -83.273
15.2010     21.358   -89.626
15.4221     20.977   -95.234
15.6464     20.287   -98.360
15.8740     19.613   -98.692
16.1049     18.950   -96.790
16.3392     19.046   -91.860
16.5768     19.482   -88.155
16.8179     20.371   -86.393
17.0626     21.253   -89.111
17.3107     21.958   -93.638
17.5625     22.395  -100.036
17.8180     22.269  -107.483
18.0771     21.744  -114.623
18.3401     20.779  -120.990
18.6068     19.073  -124.060
18.8775     16.932  -119.251
19.1521     15.382  -106.033
19.4306     15.172   -84.925
19.7133     17.393   -72.712
20.0000     19.453   -70.140
20.2909     21.074   -72.653
20.5860     22.137   -77.815
20.8855     22.673   -83.967
21.1893     22.608   -89.767
21.4975     22.048   -93.751
21.8102     21.111   -94.068
22.1274     20.192   -88.770
22.4492     19.965   -78.599
22.7758     20.927   -68.453
23.1071     22.576   -64.925
23.4432     23.930   -67.878
23.7841     24.495   -73.906
24.1301     24.187   -79.159
24.4811     23.161   -79.187
24.8372     22.397   -69.701
25.1984     23.361   -57.600
25.5649     25.313   -54.613
25.9368     26.728   -61.051
26.3141     26.749   -72.226
26.6968     24.535   -82.610
27.0851     17.843   -68.721
27.4791     22.189     9.399
27.8788     29.847     6.597
28.2843     33.962    -9.469
28.6957     36.239   -28.008
29.1131     37.195   -46.598
29.5365     36.976   -63.534
29.9661     35.595   -76.186
30.4020     33.242   -78.993
30.8442     31.825   -64.947
31.2929     33.016   -51.496
31.7480     34.765   -49.996
32.2098     35.658   -53.767
32.6783     35.749   -55.165
33.1536     35.932   -52.078
33.6359     36.734   -48.101
34.1251     37.842   -47.391
34.6215     38.692   -48.933
35.1250     39.266   -49.967
35.6359     39.862   -49.410
36.1543     40.668   -48.814
36.6802     41.550   -49.480
37.2137     42.309   -51.057
37.7550     42.944   -52.417
38.3041     43.561   -53.062
38.8613     44.261   -53.429
39.4265     45.060   -54.169
40.0000     45.877   -55.715
40.5818     46.606   -58.002
41.1721     47.182   -60.210
41.7710     47.694   -61.602
42.3785     48.302   -62.235
42.9949     49.028   -63.177
43.6203     49.765   -64.745
44.2548     50.462   -66.512
44.8985     51.174   -68.340
45.5515     51.885   -70.603
46.2141     52.522   -73.157
46.8863     53.093   -75.355
47.5683     53.713   -77.165
48.2602     54.394   -79.340
48.9621     55.037   -81.963
49.6743     55.627   -84.515
50.3968     56.226   -86.902
51.1299     56.845   -89.456
51.8736     57.447   -92.212
52.6281     58.030   -94.995
53.3936     58.612   -97.822
54.1702     59.191  -100.783
54.9581     59.757  -103.883
55.7575     60.305  -107.110
56.5685     60.832  -110.434
57.3914     61.339  -113.826
58.2261     61.822  -117.299
59.0730     62.273  -120.808
59.9323     62.699  -124.252
60.8040     63.112  -127.612
61.6884     63.522  -130.940
62.5857     63.933  -134.292
63.4960     64.336  -137.734
64.4196     64.722  -141.268
65.3566     65.086  -144.819
66.3073     65.439  -148.381
67.2717     65.773  -152.014
68.2502     66.080  -155.636
69.2429     66.374  -159.201
70.2501     66.654  -162.794
71.2719     66.913  -166.340
72.3086     67.169  -169.849
73.3603     67.406  -173.441
74.4274     67.617  -176.947
75.5099     67.823   179.554
76.6083     67.995   176.055
77.7226     68.154   172.743
78.8531     68.309   169.461
80.0000     68.444   166.277
81.1636     68.581   163.256
82.3442     68.739   160.224
83.5419     68.879   157.040
84.7570     68.996   153.963
85.9899     69.119   150.873
87.2406     69.210   147.708
88.5096     69.274   144.691
89.7970     69.328   141.756
91.1031     69.359   138.917
92.4282     69.370   136.313
93.7726     69.391   133.989
95.1366     69.436   131.762
96.5204     69.503   129.595
97.9243     69.586   127.233
99.3486     69.631   124.886
100.794     69.684   122.657
102.260     69.723   120.524
103.747     69.799   118.412
105.256     69.832   116.187
106.787     69.884   114.262
108.340     69.953   112.297
109.916     70.023   110.132
111.515     70.093   108.164
113.137     70.155   105.860
114.783     70.200   103.585
116.452     70.164   101.418
118.146     70.151    99.803
119.865     70.202    98.255
121.608     70.252    96.575
123.377     70.325    94.784
125.171     70.377    92.920
126.992     70.426    91.094
128.839     70.469    89.288
130.713     70.517    87.465
132.615     70.562    85.627
134.543     70.593    83.711
136.500     70.616    81.898
138.486     70.638    80.296
140.500     70.668    78.628
142.544     70.718    76.762
144.617     70.746    74.902
146.721     70.735    73.167
148.855     70.745    71.585
151.020     70.806    69.875
153.217     70.830    67.460
155.445     70.667    65.468
157.706     70.579    64.717
160.000     70.591    63.677
162.327     70.618    62.580
164.688     70.674    61.444
167.084     70.765    60.075
169.514     70.865    57.773
171.980     70.728    55.699
174.481     70.776    54.837
177.019     70.840    52.880
179.594     70.766    49.976
182.206     70.490    48.605
184.856     70.336    47.487
187.545     70.182    47.585
190.273     70.270    47.130
193.041     70.248    46.124
195.849     70.272    45.413
198.697     70.316    44.245
201.587     70.306    42.896
204.520     70.237    41.800
207.494     70.193    41.135
210.512     70.213    40.610
213.574     70.258    39.707
216.681     70.284    38.863
219.833     70.358    38.026
223.030     70.462    36.540
226.274     70.467    34.496
229.565     70.363    32.787
232.905     70.233    31.832
236.292     70.110    30.914
239.729     70.021    30.674
243.216     69.991    30.627
246.754     70.083    30.167
250.343     70.153    29.128
253.984     70.124    27.459
257.678     69.984    26.926
261.426     69.980    26.753
265.229     70.024    26.008
269.087     70.021    25.187
273.001     69.980    24.422
276.972     69.918    23.716
281.000     69.894    24.177
285.088     70.038    23.725
289.234     70.108    22.774
293.441     70.230    22.046
297.709     70.208    19.871
302.040     70.157    19.608
306.433     70.232    18.131
310.890     70.058    16.515
315.412     69.892    16.490
320.000     69.898    16.210
324.655     69.784    15.843
329.377     69.743    16.111
334.168     69.909    16.421
339.028     70.028    15.392
343.959     70.113    13.323
348.962     69.856    12.448
354.038     69.829    11.786
359.188     69.644    12.061
364.412     69.669    12.239
369.713     69.734    12.264
375.090     69.814    11.455
380.546     69.725    10.805
386.081     69.752    10.476
391.697     69.768     9.999
397.394     69.736     8.912
403.175     69.494     8.666
409.039     69.564     9.224
414.989     69.525     9.470
421.025     69.657     9.052
427.149     69.623     8.551
433.362     69.556     8.513
439.665     69.723     8.763
446.060     69.663     7.925
452.548     69.736     7.089
459.131     69.655     7.524
465.809     69.713     7.318
472.584     69.785     6.624
479.458     69.726     6.483
486.432     69.775     6.502
493.507     69.848     6.374
500.686     69.935     6.039
507.968     70.020     5.419
515.357     70.084     4.875
522.853     70.084     4.142
530.458     70.172     4.163
538.174     70.280     3.399
546.002     70.362     2.590
553.943     70.426     1.783
562.001     70.495     0.874
570.175     70.532    -0.193
578.469     70.562    -1.045
586.883     70.602    -1.946
595.419     70.626    -2.935
604.080     70.622    -3.884
612.866     70.612    -4.719
621.780     70.596    -5.500
630.824     70.571    -6.169
640.000     70.545    -6.712
649.309     70.519    -7.127
658.753     70.496    -7.418
668.335     70.482    -7.600
678.056     70.481    -7.671
687.919     70.500    -7.647
697.925     70.542    -7.551
708.077     70.610    -7.415
718.376     70.709    -7.278
728.825     70.839    -7.182
739.426     71.001    -7.175
750.181     71.193    -7.305
761.093     71.412    -7.616
772.163     71.647    -8.134
783.394     71.898    -8.892
794.789     72.161    -9.927
806.349     72.422   -11.212
818.078     72.677   -12.769
829.977     72.922   -14.585
842.050     73.149   -16.654
854.298     73.355   -18.955
866.724     73.530   -21.432
879.330     73.677   -24.135
892.120     73.788   -27.003
905.097     73.860   -30.006
918.262     73.890   -33.115
931.618     73.874   -36.297
945.169     73.812   -39.515
958.917     73.699   -42.729
972.864     73.536   -45.895
987.015     73.319   -48.961
1001.37     73.041   -51.908
1015.94     72.710   -54.628
1030.71     72.335   -57.018
1045.71     71.910   -59.054
1060.92     71.443   -60.636
1076.35     70.960   -61.640
1092.00     70.476   -62.019
1107.89     70.011   -61.736
1124.00     69.602   -60.816
1140.35     69.280   -59.375
1156.94     69.068   -57.602
1173.77     68.978   -55.780
1190.84     69.000   -54.179
1208.16     69.112   -53.004
1225.73     69.282   -52.368
1243.56     69.481   -52.304
1261.65     69.678   -52.773
1280.00     69.855   -53.681
1298.62     70.000   -54.922
1317.51     70.109   -56.405
1336.67     70.180   -58.040
1356.11     70.215   -59.739
1375.84     70.221   -61.463
1395.85     70.203   -63.182
1416.15     70.167   -64.870
1436.75     70.116   -66.533
1457.65     70.053   -68.196
1478.85     69.975   -69.868
1500.36     69.881   -71.534
1522.19     69.766   -73.186
1544.33     69.628   -74.787
1566.79     69.467   -76.282
1589.58     69.287   -77.612
1612.70     69.098   -78.717
1636.16     68.911   -79.581
1659.95     68.739   -80.216
1684.10     68.597   -80.675
1708.60     68.490   -81.047
1733.45     68.422   -81.433
1758.66     68.383   -81.925
1784.24     68.362   -82.569
1810.19     68.350   -83.363
1836.52     68.336   -84.288
1863.24     68.317   -85.291
1890.34     68.294   -86.336
1917.83     68.272   -87.409
1945.73     68.254   -88.527
1974.03     68.240   -89.734
2002.74     68.225   -91.052
2031.87     68.200   -92.488
2061.43     68.158   -94.012
2091.41     68.095   -95.575
2121.83     68.010   -97.109
2152.69     67.913   -98.545
2184.01     67.813   -99.892
2215.77     67.719  -101.185
2248.00     67.633  -102.478
2280.70     67.550  -103.825
2313.87     67.462  -105.252
2347.53     67.358  -106.731
2381.68     67.237  -108.193
2416.32     67.100  -109.585
2451.46     66.955  -110.873
2487.12     66.811  -112.067
2523.30     66.673  -113.204
2560.00     66.541  -114.326
2597.24     66.411  -115.458
2635.01     66.280  -116.614
2673.34     66.143  -117.800
2712.23     65.995  -119.017
2751.68     65.827  -120.258
2791.70     65.631  -121.462
2832.31     65.402  -122.520
2873.50     65.147  -123.300
2915.30     64.887  -123.710
2957.70     64.649  -123.777
3000.72     64.452  -123.655
3044.37     64.290  -123.554
3088.65     64.129  -123.582
3133.58     63.928  -123.631
3179.16     63.664  -123.360
3225.40     63.358  -122.310
3272.31     63.087  -120.151
3319.91     62.958  -116.979
3368.20     63.051  -113.417
3417.19     63.349  -110.248
3466.89     63.779  -107.865
3517.32     64.276  -106.228
3568.48     64.812  -105.192
3620.39     65.390  -104.715
3673.05     66.000  -104.870
3726.47     66.617  -105.697
3780.67     67.219  -107.146
3835.67     67.789  -109.133
3891.46     68.318  -111.571
3948.06     68.800  -114.343
4005.49     69.240  -117.381
4063.75     69.643  -120.750
4122.86     69.981  -124.467
4182.82     70.220  -128.330
4243.66     70.367  -131.930
4305.39     70.491  -135.038
4368.01     70.650  -138.039
4431.55     70.795  -141.349
4496.01     70.853  -144.605
4561.40     70.893  -147.115
4627.75     71.076  -149.366
4695.06     71.348  -152.847
4763.35     71.427  -157.530
4832.64     71.236  -161.274
4902.93     71.147  -162.857
4974.24     71.474  -165.031
5046.60     71.824  -170.769
5120.00     71.636  -178.596
5194.47     70.847   175.278
5270.03     69.903   172.970
5346.68     69.196   172.932
5424.45     68.642   173.493
5503.35     68.213   175.162
5583.40     68.079   177.119
5664.61     68.091   177.835
5747.01     68.049   177.967
5830.60     68.017   178.200
5915.41     68.009   178.125
6001.45     67.951   177.958
6088.74     67.887   178.176
6177.30     67.877   178.607
6267.15     67.922   178.957
6358.31     68.004   179.062
6450.80     68.100   178.856
6544.62     68.186   178.254
6639.82     68.204   177.279
6736.40     68.122   176.387
6834.38     67.975   175.825
6933.79     67.734   175.675
7034.64     67.418   176.927
7136.96     67.294   179.853
7240.77     67.482  -177.571
7346.09     67.734  -176.329
7452.94     67.933  -175.502
7561.35     68.133  -174.698
7671.33     68.350  -174.088
7782.91     68.544  -173.677
7896.12     68.718  -173.141
8010.97     68.915  -172.639
8127.49     69.099  -172.384
8245.71     69.245  -172.355
8365.65     69.307  -172.447
8487.33     69.298  -172.155
8610.78     69.302  -171.528
8736.03     69.338  -170.978
8863.09     69.380  -170.779
8992.01     69.388  -171.016
9122.80     69.305  -171.386
9255.50     69.187  -171.275
9390.12     69.108  -170.923
9526.70     69.078  -170.383
9665.27     69.110  -169.827
9805.86     69.205  -169.029
9948.49     69.443  -168.192
10093.2     69.816  -167.973
10240.0     70.222  -168.911
10388.9     70.518  -170.694
10540.1     70.644  -172.680
10693.4     70.612  -173.964
10848.9     70.554  -174.125
11006.7     70.605  -173.508
11166.8     70.790  -173.021
11329.2     71.060  -173.121
11494.0     71.324  -174.201
11661.2     71.463  -175.773
11830.8     71.499  -177.172
12002.9     71.468  -178.243
12177.5     71.421  -178.772
12354.6     71.418  -179.161
12534.3     71.410  -179.663
12716.6     71.376   179.890
12901.6     71.330   179.749
13089.2     71.336   179.811
13279.6     71.384   179.590
13472.8     71.422   178.963
13668.8     71.403   178.135
13867.6     71.341   177.301
14069.3     71.247   176.470
14273.9     71.082   175.580
14481.5     70.854   175.184
14692.2     70.643   175.295
14905.9     70.484   175.518
15122.7     70.333   175.420
15342.7     70.138   175.211
15565.8     69.883   175.074
15792.2     69.588   175.409
16021.9     69.338   176.283
16255.0     69.183   177.175
16491.4     69.089   177.178
16731.3     68.813   176.405
16974.7     68.418   176.563
17221.6     68.056   177.358
17472.1     67.772   178.373
17726.2     67.544   178.999
17984.0     67.303   179.161
18245.6     67.007   178.774
18511.0     66.627   178.409
18780.2     66.165   177.961
19053.4     65.698   177.731
19330.5     65.187   176.645
19611.7     64.450   175.302
19897.0     63.495   174.970
20186.4     62.540   175.641
20480.0     61.558   175.952
20777.9     59.920   175.688
21080.1     58.380  -177.746
21386.7     56.930  -171.070
21697.8     55.669  -160.260
22013.4     55.478  -147.939
22333.6     55.447  -143.017
22658.4     54.644  -137.074
22988.0     54.012  -128.031
23322.4     53.543  -116.800
23661.6     53.989  -104.775
24005.8     54.730   -97.763
24355.0     55.374   -92.972
24709.2     55.927   -89.672
25068.6     56.406   -87.934
25433.2     56.588   -86.563
25803.2     57.050   -82.251
26178.5     58.499   -84.690
26559.3     58.824   -94.914
26945.6     58.090  -104.294
27337.5     56.433  -110.093
27735.2     54.353  -106.732
28138.6     53.475   -96.067
28547.9     53.765   -89.600
28963.1     54.020   -88.333
29384.4     53.970   -88.868
29811.8     53.744   -90.520
30245.4     53.205   -92.870
30685.3     52.485   -94.046
31131.7     51.795   -94.729
31584.5     51.608   -95.295
32043.9     51.649  -104.627
32510.0     50.619  -119.560
32982.8     48.144  -133.953
33462.6     45.030  -140.010
33949.3     42.282  -142.918
34443.1     39.732  -143.806
34944.1     35.431  -144.457
35452.4     34.653  -101.920
35968.0     39.266  -105.743
36491.2     41.425  -117.626
37022.0     42.406  -144.596
37560.5     39.380  -168.878
38106.8     37.566  -157.849
38661.1     36.507  -164.063
39223.4     37.412  -160.204
39793.9     35.181   179.457
