Freq[Hz]     dBSPL  Phase[Deg]
5.00000     -1.556  -144.061
5.07273     -1.542  -142.870
5.14651     -1.509  -141.731
5.22137     -1.423  -140.737
5.29732     -1.337  -139.743
5.37437     -1.251  -138.749
5.45254     -1.165  -137.755
5.53185     -1.085  -137.007
5.61231     -1.010  -136.518
5.69394     -0.936  -136.030
5.77676     -0.861  -135.541
5.86079     -0.789  -135.055
5.94604     -0.819  -134.693
6.03252     -0.849  -134.332
6.12027     -0.879  -133.970
6.20929     -0.909  -133.609
6.29961     -1.033  -132.631
6.39124     -1.179  -131.517
6.48420     -1.325  -130.402
6.57851     -1.471  -129.288
6.67420     -1.586  -126.845
6.77128     -1.696  -124.186
6.86977     -1.806  -121.527
6.96969     -1.885  -118.797
7.07107     -1.732  -115.522
7.17392     -1.579  -112.248
7.27827     -1.427  -108.974
7.38413     -1.183  -106.451
7.49154     -0.869  -104.507
7.60050     -0.556  -102.564
7.71105     -0.272  -100.864
7.82321     -0.120  -100.236
7.93701      0.032   -99.607
8.05245      0.185   -98.978
8.16958     -0.027   -97.710
8.28841     -0.253   -96.417
8.40896     -0.478   -95.124
8.53128     -0.926   -89.421
8.65537     -1.402   -83.149
8.78126     -1.878   -76.877
8.90899     -1.260   -65.343
9.03857     -0.570   -53.464
9.17004      0.240   -42.342
9.30342      2.005   -37.241
9.43874      3.771   -32.141
9.57603      5.449   -29.311
9.71532      6.993   -29.950
9.85663      8.537   -30.589
10.0000      9.755   -33.046
10.1455     10.883   -36.009
10.2930     11.922   -39.254
10.4427     12.711   -43.283
10.5946     13.500   -47.311
10.7487     14.078   -51.827
10.9051     14.614   -56.440
11.0637     15.028   -61.208
11.2246     15.311   -66.138
11.3879     15.531   -71.070
11.5535     15.521   -76.010
11.7216     15.505   -80.939
11.8921     15.114   -85.230
12.0650     14.723   -89.521
12.2405     13.883   -91.634
12.4186     12.986   -93.466
12.5992     11.812   -89.099
12.7825     10.576   -83.357
12.9684     10.621   -70.162
13.1570     10.963   -55.231
13.3484     12.789   -48.005
13.5426     14.856   -42.029
13.7395     16.638   -44.457
13.9394     18.339   -47.605
14.1421     19.522   -53.778
14.3478     20.536   -60.340
14.5565     21.188   -67.736
14.7683     21.562   -75.134
14.9831     21.721   -82.533
15.2010     21.479   -88.875
15.4221     21.098   -94.472
15.6464     20.408   -97.588
15.8740     19.733   -97.909
16.1049     19.071   -95.996
16.3392     19.167   -91.055
16.5768     19.603   -87.338
16.8179     20.492   -85.564
17.0626     21.374   -88.271
17.3107     22.079   -92.785
17.5625     22.516   -99.172
17.8180     22.390  -106.607
18.0771     21.865  -113.735
18.3401     20.900  -120.088
18.6068     19.194  -123.145
18.8775     17.053  -118.324
19.1521     15.503  -105.093
19.4306     15.293   -83.971
19.7133     17.514   -71.745
20.0000     19.574   -69.159
20.2909     21.195   -71.658
20.5860     22.258   -76.807
20.8855     22.794   -82.944
21.1893     22.729   -88.730
21.4975     22.170   -92.700
21.8102     21.233   -93.002
22.1274     20.313   -87.689
22.4492     20.087   -77.503
22.7758     21.048   -67.342
23.1071     22.698   -63.798
23.4432     24.051   -66.735
23.7841     24.617   -72.747
24.1301     24.309   -77.984
24.4811     23.282   -77.995
24.8372     22.519   -68.493
25.1984     23.483   -56.376
25.5649     25.435   -53.371
25.9368     26.850   -59.793
26.3141     26.871   -70.950
26.6968     24.657   -81.316
27.0851     17.966   -67.409
27.4791     22.311    10.729
27.8788     29.970     7.945
28.2843     34.085    -8.102
28.6957     36.362   -26.622
29.1131     37.318   -45.193
29.5365     37.099   -62.110
29.9661     35.718   -74.743
30.4020     33.366   -77.530
30.8442     31.948   -63.464
31.2929     33.139   -49.993
31.7480     34.889   -48.472
32.2098     35.782   -52.222
32.6783     35.873   -53.599
33.1536     36.056   -50.491
33.6359     36.858   -46.493
34.1251     37.967   -45.761
34.6215     38.817   -47.281
35.1250     39.392   -48.292
35.6359     39.988   -47.713
36.1543     40.794   -47.093
36.6802     41.676   -47.737
37.2137     42.435   -49.290
37.7550     43.070   -50.626
38.3041     43.688   -51.247
38.8613     44.388   -51.590
39.4265     45.188   -52.305
40.0000     46.005   -53.826
40.5818     46.734   -56.088
41.1721     47.311   -58.271
41.7710     47.823   -59.637
42.3785     48.431   -60.244
42.9949     49.157   -61.159
43.6203     49.895   -62.701
44.2548     50.593   -64.441
44.8985     51.305   -66.242
45.5515     52.016   -68.477
46.2141     52.654   -71.003
46.8863     53.226   -73.172
47.5683     53.846   -74.954
48.2602     54.528   -77.100
48.9621     55.171   -79.693
49.6743     55.761   -82.216
50.3968     56.362   -84.573
51.1299     56.981   -87.096
51.8736     57.583   -89.822
52.6281     58.167   -92.574
53.3936     58.751   -95.369
54.1702     59.330   -98.299
54.9581     59.897  -101.367
55.7575     60.446  -104.562
56.5685     60.974  -107.853
57.3914     61.481  -111.212
58.2261     61.965  -114.652
59.0730     62.418  -118.126
59.9323     62.844  -121.536
60.8040     63.258  -124.861
61.6884     63.670  -128.154
62.5857     64.081  -131.471
63.4960     64.486  -134.877
64.4196     64.873  -138.376
65.3566     65.238  -141.889
66.3073     65.592  -145.415
67.2717     65.927  -149.011
68.2502     66.236  -152.595
69.2429     66.531  -156.122
70.2501     66.813  -159.677
71.2719     67.073  -163.184
72.3086     67.330  -166.653
73.3603     67.569  -170.206
74.4274     67.781  -173.673
75.5099     67.990  -177.131
76.6083     68.163   179.411
77.7226     68.324   176.140
78.8531     68.481   172.900
80.0000     68.618   169.757
81.1636     68.757   166.778
82.3442     68.916   163.789
83.5419     69.059   160.648
84.7570     69.177   157.614
85.9899     69.301   154.568
87.2406     69.395   151.447
88.5096     69.461   148.474
89.7970     69.517   145.585
91.1031     69.551   142.791
92.4282     69.565   140.233
93.7726     69.588   137.954
95.1366     69.635   135.774
96.5204     69.704   133.654
97.9243     69.790   131.339
99.3486     69.837   129.039
100.794     69.893   126.858
102.260     69.935   124.772
103.747     70.014   122.709
105.256     70.048   120.533
106.787     70.104   118.657
108.340     70.176   116.741
109.916     70.248   114.626
111.515     70.322   112.708
113.137     70.386   110.454
114.783     70.434   108.229
116.452     70.402   106.113
118.146     70.392   104.550
119.865     70.446   103.052
121.608     70.500   101.424
123.377     70.575    99.685
125.171     70.631    97.873
126.992     70.683    96.100
128.839     70.730    94.346
130.713     70.781    92.576
132.615     70.829    90.791
134.543     70.864    88.930
136.500     70.890    87.171
138.486     70.915    85.619
140.500     70.949    84.005
142.544     71.004    82.197
144.617     71.034    80.389
146.721     71.028    78.707
148.855     71.040    77.181
151.020     71.106    75.526
153.217     71.133    73.166
155.445     70.974    71.228
157.706     70.888    70.530
160.000     70.904    69.548
162.327     70.935    68.508
164.688     70.994    67.424
167.084     71.088    66.110
169.514     71.192    63.867
171.980     71.059    61.851
174.481     71.109    61.043
177.019     71.176    59.139
179.594     71.105    56.292
182.206     70.833    54.981
184.856     70.681    53.921
187.545     70.530    54.075
190.273     70.620    53.678
193.041     70.601    52.730
195.849     70.627    52.076
198.697     70.674    50.968
201.587     70.666    49.680
204.520     70.599    48.644
207.494     70.556    48.038
210.512     70.577    47.577
213.574     70.624    46.736
216.681     70.651    45.951
219.833     70.726    45.176
223.030     70.830    43.757
226.274     70.836    41.779
229.565     70.731    40.135
232.905     70.602    39.247
236.292     70.478    38.396
239.729     70.389    38.227
243.216     70.357    38.252
246.754     70.448    37.864
250.343     70.516    36.902
253.984     70.484    35.311
257.678     70.342    34.857
261.426     70.335    34.769
265.229     70.375    34.110
269.087     70.368    33.378
273.001     70.324    32.703
276.972     70.256    32.089
281.000     70.227    32.649
285.088     70.365    32.305
289.234     70.430    31.464
293.441     70.545    30.850
297.709     70.517    28.793
302.040     70.459    28.652
306.433     70.526    27.307
310.890     70.344    25.834
315.412     70.170    25.957
320.000     70.168    25.832
324.655     70.045    25.626
329.377     69.997    26.061
334.168     70.154    26.560
339.028     70.265    25.727
343.959     70.343    23.861
348.962     70.078    23.198
354.038     70.045    22.755
359.188     69.855    23.264
364.412     69.875    23.692
369.713     69.937    23.975
375.090     70.015    23.428
380.546     69.927    23.056
386.081     69.956    23.007
391.697     69.977    22.821
397.394     69.951    22.034
403.175     69.720    22.076
409.039     69.801    22.926
414.989     69.777    23.465
421.025     69.927    23.329
427.149     69.911    23.100
433.362     69.864    23.318
439.665     70.054    23.822
446.060     70.019    23.221
452.548     70.117    22.602
459.131     70.061    23.242
465.809     70.145    23.228
472.584     70.243    22.707
479.458     70.208    22.721
486.432     70.280    22.885
493.507     70.377    22.890
500.686     70.485    22.680
507.968     70.589    22.175
515.357     70.671    21.736
522.853     70.686    21.103
530.458     70.788    21.223
538.174     70.908    20.552
546.002     71.000    19.833
553.943     71.073    19.118
562.001     71.148    18.300
570.175     71.189    17.327
578.469     71.222    16.572
586.883     71.262    15.767
595.419     71.285    14.875
604.080     71.278    14.027
612.866     71.262    13.298
621.780     71.238    12.629
630.824     71.203    12.079
640.000     71.163    11.663
649.309     71.120    11.384
658.753     71.078    11.246
668.335     71.041    11.239
678.056     71.016    11.366
687.919     71.007    11.618
697.925     71.019    11.977
708.077     71.058    12.409
718.376     71.128    12.883
728.825     71.231    13.355
739.426     71.368    13.774
750.181     71.539    14.087
761.093     71.741    14.243
772.163     71.966    14.199
783.394     72.211    13.923
794.789     72.473    13.377
806.349     72.737    12.566
818.078     73.000    11.472
829.977     73.255    10.102
842.050     73.494     8.463
854.298     73.712     6.572
866.724     73.901     4.480
879.330     74.061     2.149
892.120     74.186    -0.365
905.097     74.270    -3.034
918.262     74.310    -5.825
931.618     74.303    -8.704
945.169     74.245   -11.633
958.917     74.135   -14.571
972.864     73.969   -17.471
987.015     73.746   -20.281
1001.37     73.456   -22.972
1015.94     73.107   -25.436
1030.71     72.707   -27.568
1045.71     72.250   -29.329
1060.92     71.741   -30.605
1076.35     71.208   -31.264
1092.00     70.665   -31.235
1107.89     70.134   -30.453
1124.00     69.656   -28.927
1140.35     69.269   -26.766
1156.94     68.998   -24.160
1173.77     68.861   -21.429
1190.84     68.852   -18.883
1208.16     68.943   -16.758
1225.73     69.101   -15.171
1243.56     69.293   -14.154
1261.65     69.488   -13.669
1280.00     69.666   -13.609
1298.62     69.816   -13.860
1317.51     69.938   -14.322
1336.67     70.031   -14.911
1356.11     70.099   -15.563
1375.84     70.148   -16.249
1395.85     70.183   -16.959
1416.15     70.208   -17.692
1436.75     70.223   -18.459
1457.65     70.227   -19.275
1478.85     70.216   -20.138
1500.36     70.186   -21.022
1522.19     70.136   -21.900
1544.33     70.064   -22.727
1566.79     69.972   -23.454
1589.58     69.866   -24.038
1612.70     69.755   -24.447
1636.16     69.645   -24.679
1659.95     69.547   -24.746
1684.10     69.466   -24.679
1708.60     69.406   -24.518
1733.45     69.371   -24.303
1758.66     69.361   -24.066
1784.24     69.376   -23.840
1810.19     69.417   -23.657
1836.52     69.485   -23.553
1863.24     69.577   -23.577
1890.34     69.689   -23.778
1917.83     69.815   -24.198
1945.73     69.944   -24.858
1974.03     70.065   -25.760
2002.74     70.169   -26.867
2031.87     70.249   -28.123
2061.43     70.301   -29.466
2091.41     70.329   -30.844
2121.83     70.336   -32.214
2152.69     70.329   -33.539
2184.01     70.315   -34.842
2215.77     70.298   -36.151
2248.00     70.278   -37.497
2280.70     70.250   -38.911
2313.87     70.206   -40.403
2347.53     70.140   -41.942
2381.68     70.045   -43.456
2416.32     69.925   -44.873
2451.46     69.789   -46.129
2487.12     69.648   -47.203
2523.30     69.517   -48.126
2560.00     69.399   -48.966
2597.24     69.295   -49.780
2635.01     69.198   -50.592
2673.34     69.103   -51.381
2712.23     69.014   -52.118
2751.68     68.936   -52.804
2791.70     68.875   -53.469
2832.31     68.831   -54.146
2873.50     68.805   -54.852
2915.30     68.802   -55.607
2957.70     68.827   -56.496
3000.72     68.877   -57.668
3044.37     68.925   -59.258
3088.65     68.926   -61.249
3133.58     68.846   -63.384
3179.16     68.682   -65.285
3225.40     68.474   -66.634
3272.31     68.289   -67.386
3319.91     68.170   -67.808
3368.20     68.114   -68.230
3417.19     68.092   -68.764
3466.89     68.084   -69.295
3517.32     68.106   -69.693
3568.48     68.190   -70.001
3620.39     68.353   -70.448
3673.05     68.582   -71.282
3726.47     68.847   -72.616
3780.67     69.122   -74.414
3835.67     69.398   -76.601
3891.46     69.678   -79.209
3948.06     69.948   -82.336
4005.49     70.169   -85.983
4063.75     70.316   -89.946
4122.86     70.400   -93.951
4182.82     70.446   -98.013
4243.66     70.438  -102.303
4305.39     70.330  -106.579
4368.01     70.150  -110.333
4431.55     70.003  -113.652
4496.01     69.878  -117.448
4561.40     69.569  -121.770
4627.75     68.985  -124.647
4695.06     68.498  -124.407
4763.35     68.539  -123.779
4832.64     68.687  -126.389
4902.93     68.270  -129.722
4974.24     67.578  -127.731
5046.60     67.889  -121.547
5120.00     69.142  -120.917
5194.47     70.061  -126.645
5270.03     70.297  -133.290
5346.68     70.244  -137.984
5424.45     70.253  -141.614
5503.35     70.280  -145.550
5583.40     70.213  -149.631
5664.61     70.043  -153.482
5747.01     69.763  -156.734
5830.60     69.448  -158.805
5915.41     69.238  -160.032
6001.45     69.119  -161.261
6088.74     69.018  -162.491
6177.30     68.938  -163.594
6267.15     68.874  -164.580
6358.31     68.844  -165.330
6450.80     68.876  -166.148
6544.62     68.917  -167.303
6639.82     68.910  -168.547
6736.40     68.882  -169.413
6834.38     68.920  -170.203
6933.79     68.922  -171.639
7034.64     68.762  -172.547
7136.96     68.676  -172.096
7240.77     68.768  -171.885
7346.09     68.840  -172.386
7452.94     68.847  -172.711
7561.35     68.868  -172.709
7671.33     68.889  -172.660
7782.91     68.876  -172.156
7896.12     68.936  -170.876
8010.97     69.144  -169.654
8127.49     69.415  -169.158
8245.71     69.643  -169.512
8365.65     69.713  -170.047
8487.33     69.752  -169.899
8610.78     69.827  -170.102
8736.03     69.804  -170.630
8863.09     69.700  -170.920
8992.01     69.549  -170.805
9122.80     69.422  -169.997
9255.50     69.428  -169.060
9390.12     69.503  -168.539
9526.70     69.626  -168.385
9665.27     69.748  -168.422
9805.86     69.950  -168.266
9948.49     70.256  -168.785
10093.2     70.516  -169.979
10240.0     70.718  -171.189
10388.9     70.896  -172.237
10540.1     71.073  -173.375
10693.4     71.161  -174.725
10848.9     71.155  -175.308
11006.7     71.235  -175.220
11166.8     71.385  -175.377
11329.2     71.549  -175.801
11494.0     71.705  -176.420
11661.2     71.865  -177.213
11830.8     71.991  -178.466
12002.9     72.005  -179.706
12177.5     71.998   179.575
12354.6     72.003   178.772
12534.3     71.954   178.008
12716.6     71.862   177.602
12901.6     71.796   177.767
13089.2     71.791   177.923
13279.6     71.793   178.053
13472.8     71.841   178.204
13668.8     71.918   177.891
13867.6     71.966   177.180
14069.3     71.944   176.140
14273.9     71.824   175.140
14481.5     71.629   174.537
14692.2     71.406   174.613
14905.9     71.262   175.215
15122.7     71.197   175.487
15342.7     71.106   175.361
15565.8     70.976   175.213
15792.2     70.814   175.112
16021.9     70.679   175.334
16255.0     70.625   174.828
16491.4     70.438   172.962
16731.3     69.822   171.618
16974.7     69.250   173.598
17221.6     69.017   175.779
17472.1     68.901   176.885
17726.2     68.736   177.094
17984.0     68.504   177.200
18245.6     68.228   177.126
18511.0     67.956   177.138
18780.2     67.637   176.410
19053.4     67.210   175.799
19330.5     66.742   175.175
19611.7     66.230   174.572
19897.0     65.681   173.358
20186.4     64.989   171.504
20480.0     64.037   168.589
20777.9     62.254   165.534
21080.1     60.469   171.538
21386.7     59.240   175.356
21697.8     57.714   178.907
22013.4     55.594  -175.730
22333.6     53.064  -160.938
22658.4     51.971  -136.664
22988.0     52.919  -114.486
23322.4     54.556  -102.641
23661.6     55.841   -95.579
24005.8     57.011   -91.226
24355.0     58.004   -89.262
24709.2     58.743   -88.773
25068.6     59.270   -88.894
25433.2     59.674   -89.229
25803.2     60.164   -89.664
26178.5     60.773   -92.683
26559.3     61.136   -97.958
26945.6     61.188  -105.358
27337.5     60.534  -113.220
27735.2     59.408  -117.537
28138.6     58.453  -118.835
28547.9     57.722  -120.710
28963.1     56.844  -123.786
29384.4     55.735  -127.459
29811.8     54.283  -131.480
30245.4     52.361  -134.710
30685.3     50.108  -136.042
31131.7     47.548  -136.456
31584.5     44.438  -132.086
32043.9     41.309  -123.966
32510.0     38.381  -108.463
32982.8     37.042   -89.523
33462.6     36.163   -75.507
33949.3     36.288   -62.631
34443.1     37.001   -67.341
34944.1     32.279   -65.271
35452.4     34.812   -36.853
35968.0     37.217   -44.055
36491.2     39.804   -57.963
37022.0     40.634  -104.153
37560.5     35.516  -142.540
38106.8     31.815   -98.496
38661.1     36.530  -118.406
39223.4     36.205  -148.610
39793.9     30.849  -157.654
