20.0 43.968571
20.290899 43.841572
20.586 43.710571
20.8855 43.575569
21.189301 43.437572
21.497499 43.299572
21.8102 43.16357
22.127399 43.028572
22.4492 42.89357
22.775801 42.760571
23.1071 42.624569
23.443199 42.482571
23.7841 42.332569
24.1301 42.17157
24.4811 41.999569
24.8372 41.81657
25.1984 41.624569
25.564899 41.42757
25.9368 41.228569
26.3141 41.030571
26.6968 40.83757
27.0851 40.645569
27.479099 40.453571
27.878799 40.258572
28.2843 40.056572
28.6957 39.84557
29.1131 39.623569
29.536501 39.389572
29.966101 39.14957
30.402 38.905571
30.8442 38.665569
31.2929 38.43457
31.748 38.214569
32.209801 38.010571
32.678299 37.829571
33.153599 37.672569
33.635899 37.544571
34.125099 37.45557
34.621498 37.41457
35.125 37.424572
35.635899 37.494572
36.154301 37.620571
36.680199 37.80957
37.213699 38.068569
37.755 38.387569
38.3041 38.757572
38.861301 39.16457
39.426498 39.60957
40.0 40.085571
40.581799 40.579571
41.1721 41.08757
41.771 41.60957
42.378502 42.145569
42.9949 42.682571
43.6203 43.218571
44.254799 43.75457
44.898499 44.28957
45.551498 44.822571
46.2141 45.354572
46.886299 45.880569
47.568298 46.401569
48.260201 46.915569
48.962101 47.422569
49.674301 47.925571
50.396801 48.42475511588012
51.129902 48.917911587902026
51.8736 49.40604442611906
52.628101 49.91714811278433
53.3936 50.36022415779764
54.1702 50.83127130228552
54.958099 51.29729004860777
55.7575 51.7582818865575
56.568501 52.21624256982794
57.391399 52.67317435195876
58.226101 53.127077466690054
59.073 53.57494592628141
59.932301 54.02178721549926
60.804 54.46759834439695
61.6884 54.91137455143414
62.585701 55.35212033394396
63.496 55.78983144813296
64.419601 56.22750812994747
65.356598 56.661154143134084
66.307297 57.09276671861243
67.271698 57.52334185638254
68.250198 57.95088255865062
69.242897 58.37338657408325
70.250099 58.795855138626756
71.271896 59.219289021054365
72.308601 59.642682434692425
73.360298 60.06303916842083
74.427399 60.48435718674579
75.509903 60.905636492180655
76.608299 61.32887385570488
77.722603 61.75207623710512
78.853104 62.17523291002773
80.0 62.599352376832485
81.163597 63.026424868439065
82.3442 63.45645961828047
83.541901 63.890450395129925
84.757 64.3253994449871
85.989899 64.76129675749156
87.240601 65.19915432510332
88.509598 65.63996591126183
89.797 66.08272923950028
91.103104 66.52544556335839
92.4282 66.97212015396916
93.772598 67.4247342321989
95.136597 67.87830704656065
96.520401 68.33382908433417
97.924301 68.79130661413915
99.348602 69.25172386940856
100.794 69.71509410086169
102.26 70.18340955259906
103.747 70.65367122431357
105.256 71.1298736026708
106.787 71.61102668767073
108.34 72.09512247931339
109.916 72.58516446426432
111.515 73.07814764252358
113.137 73.5690660140911
114.783 74.05793306563253
116.452 74.54273631048223
118.146 75.02347972197138
119.865 75.50515930009999
121.608 75.99077655820247
123.377 76.47733546960997
125.171 76.96682154765692
126.992 77.46124576567448
128.839 77.95960163699708
130.713 78.46489364829027
132.615 78.97311428621965
134.543 79.48426757745406
136.5 79.98434598199023
138.486 80.41036149982817
140.5 80.8452946443023
142.544 81.28415738874375
144.617 81.66095124648697
146.721 82.0176631908631
148.855 82.39529473520659
151.02 82.75685836618298
153.217 83.10133457045788
155.445 83.4187328613657
157.706 83.70804821223759
160.0 83.96628262307354
162.327 84.18943809387359
164.688 84.35850711130328
167.084 84.5034791620282
169.514 84.62037275938278
171.98 84.69717487669814
174.481 84.72589302730876
177.019 84.71151018454576
179.594 84.66203934840914
182.206 84.5854745188989
184.856 84.49981218268064
187.545 84.41705782641992
190.273 84.32320345011674
193.041 84.22624254043669
195.849 84.12618209737974
198.697 84.01702712094593
201.587 83.90476758446638
204.52 83.79139397460669
207.494 83.6809143180357
210.512 83.57333107475016
213.574 83.46163824475002
216.681 83.34982531470092
219.833 83.22890428460282
223.03 83.08987315445573
226.274 82.9287198975908
229.565 82.76344351400805
232.905 82.6150489770386
236.292 82.48053731335132
239.729 82.35490198294296
243.216 82.24413298581351
246.754 82.13224380862852
250.343 82.00422745138799
253.984 81.89007340075754
257.678 81.85978514340273
261.426 81.94336816598911
265.229 82.1178079551823
269.087 82.34211251098228
273.001 82.57127332005463
276.972 82.79129686906491
281.0 83.02416915801315
285.088 83.28090064689607
289.234 83.52347836238252
293.441 83.68590176446921
297.709 83.81017685315616
302.04 83.92229260177454
306.433 83.99724952365877
310.89 84.05304959213996
315.412 84.09468529388374
320.0 84.09515511555567
324.655 84.06745654382131
329.377 84.05558857868068
334.168 84.07254719346496
339.028 84.1123263881741
343.959 84.15393413613928
348.962 84.17035892402608
354.038 84.16260623850009
359.188 84.14866356622684
364.412 84.12852990720639
369.713 84.11620572143543
375.09 84.13369052224841
380.546 84.16598276964206
386.081 84.17907146361635
391.697 84.14595157750247
397.394 84.09263211130042
403.175 84.08810452500691
409.039 84.16237133195638
414.989 84.26841099214556
421.025 84.32024250557444
427.149 84.3288528455742
433.362 84.34123749881039
439.665 84.38639295194861
446.06 84.41832417832
452.548 84.44701566459015
459.131 84.42247438409022
465.809 84.3536883368202
472.584 84.27365749611124
479.458 84.2303798352945
486.432 84.28385084103556
493.507 84.320077
503.906 84.320077
509.766 84.336077
515.625 84.348977
521.484 84.359277
527.344 84.367177
533.203 84.372777
539.062 84.376577
544.922 84.378677
550.781 84.379477
556.641 84.379177
562.5 84.378077
568.359 84.376377
574.219 84.374377
580.078 84.372277
585.938 84.370277
591.797 84.368377
597.656 84.366877
603.516 84.365777
609.375 84.365277
615.234 84.365277
621.094 84.365977
626.953 84.367077
632.812 84.368877
638.672 84.371077
644.531 84.373777
650.391 84.376677
656.25 84.37987700000001
662.109 84.383177
667.969 84.386477
673.828 84.389577
679.688 84.392477
685.547 84.394877
691.406 84.396877
697.266 84.398177
703.125 84.398777
708.984 84.398477
714.844 84.397377
720.703 84.395177
726.562 84.392077
732.422 84.387777
738.281 84.382477
744.141 84.375977
750.0 84.368377
755.859 84.359777
761.719 84.349977
767.578 84.339177
773.438 84.327477
779.297 84.314777
785.156 84.301077
791.016 84.286677
796.875 84.271477
802.734 84.255577
808.594 84.239077
814.453 84.221977
820.312 84.20437700000001
826.172 84.186277
832.031 84.167777
837.891 84.139177
843.75 84.12947700000001
849.609 84.10977700000001
855.469 84.089777
861.328 84.069477
867.188 84.048777
873.047 84.02767700000001
878.906 84.00617700000001
884.766 83.98427699999999
890.625 83.96197699999999
896.484 83.939277
902.344 83.915977
908.203 83.892177
914.062 83.867877
919.922 83.843077
925.781 83.817677
931.641 83.79167699999999
937.5 83.765177
943.359 83.73817700000001
949.219 83.710577
955.078 83.68257700000001
960.938 83.654177
966.797 83.625477
972.656 83.596377
978.516 83.567077
984.375 83.537677
990.234 83.50827699999999
996.094 83.47887700000001
1001.95 83.44967700000001
1007.81 83.420677
1013.67 83.392177
1019.53 83.364177
1025.39 83.336777
1031.25 83.309977
1037.11 83.284177
1042.97 83.259177
1048.83 83.235177
1054.69 83.212177
1060.55 83.190377
1066.41 83.16967700000001
1072.27 83.150277
1078.12 83.131977
1083.98 83.11497700000001
1089.84 83.099077
1095.7 83.084377
1101.56 83.07077699999999
1107.42 83.058177
1113.28 83.04647700000001
1119.14 83.03567699999999
1125.0 83.025677
1130.86 83.016177
1136.72 83.007177
1142.58 82.998577
1148.44 82.990077
1154.3 82.981577
1160.16 82.973077
1166.02 82.96427700000001
1171.88 82.954977
1177.73 82.945177
1183.59 82.934677
1189.45 82.923277
1195.31 82.911077
1201.17 82.897677
1207.03 82.883177
1212.89 82.86747700000001
1218.75 82.850477
1224.61 82.832177
1230.47 82.812477
1236.33 82.79137700000001
1242.19 82.768877
1248.05 82.74507700000001
1253.91 82.719877
1259.77 82.693377
1265.62 82.665677
1271.48 82.636877
1277.34 82.606977
1283.2 82.576177
1289.06 82.544477
1294.92 82.51217700000001
1300.78 82.47917699999999
1306.64 82.44577699999999
1312.5 82.41207700000001
1318.36 82.378277
1324.22 82.34437700000001
1330.08 82.310677
1335.94 82.277177
1341.8 82.24417700000001
1347.66 82.21167700000001
1353.52 82.17997700000001
1359.38 82.148977
1365.23 82.118977
1371.09 82.089977
1376.95 82.06217699999999
1382.81 82.035577
1388.67 82.010377
1394.53 81.98647700000001
1400.39 81.964077
1406.25 81.94317699999999
1412.11 81.923877
1417.97 81.90607700000001
1423.83 81.889977
1429.69 81.875377
1435.55 81.86237700000001
1441.41 81.850977
1447.27 81.841077
1453.12 81.832777
1458.98 81.825977
1464.84 81.820577
1470.7 81.81647699999999
1476.56 81.813777
1482.42 81.812277
1488.28 81.811977
1494.14 81.81277700000001
1500.0 81.814577
1505.86 81.817277
1511.72 81.82077699999999
1517.58 81.825177
1523.44 81.83017699999999
1529.3 81.83577700000001
1535.16 81.84187700000001
1541.02 81.848477
1546.88 81.855377
1552.73 81.86267699999999
1558.59 81.870177
1564.45 81.87777700000001
1570.31 81.885577
1576.17 81.893377
1582.03 81.901277
1587.89 81.909077
1593.75 81.91667699999999
1599.61 81.924277
1605.47 81.93167700000001
1611.33 81.938777
1617.19 81.945677
1623.05 81.95227700000001
1628.91 81.95857699999999
1634.77 81.964477
1640.62 81.969977
1646.48 81.974977
1652.34 81.97967700000001
1658.2 81.983777
1664.06 81.987477
1669.92 81.990577
1675.78 81.993277
1681.64 81.995277
1687.5 81.99677700000001
1693.36 81.997777
1699.22 81.998177
1705.08 81.99797699999999
1710.94 81.997277
1716.8 81.996077
1722.66 81.99417700000001
1728.52 81.991877
1734.38 81.98907700000001
1740.23 81.985777
1746.09 81.982077
1751.95 81.977877
1757.81 81.973377
1763.67 81.96847700000001
1769.53 81.963277
1775.39 81.957777
1781.25 81.952077
1787.11 81.946077
1792.97 81.939977
1798.83 81.93377699999999
1804.69 81.927377
1810.55 81.920977
1816.41 81.91457700000001
1822.27 81.90807699999999
1828.12 81.901577
1833.98 81.895077
1839.84 81.888577
1845.7 81.88207700000001
1851.56 81.875677
1857.42 81.86927700000001
1863.28 81.862877
1869.14 81.85637700000001
1875.0 81.84987699999999
1880.86 81.843377
1886.72 81.83667700000001
1892.58 81.82987700000001
1898.44 81.822777
1904.3 81.81557699999999
1910.16 81.808077
1916.02 81.80017699999999
1921.88 81.791877
1927.73 81.783277
1933.59 81.774077
1939.45 81.764377
1945.31 81.75397699999999
1951.17 81.743077
1957.03 81.73137700000001
1962.89 81.719077
1968.75 81.705977
1974.61 81.69197700000001
1980.47 81.677277
1986.33 81.661777
1992.19 81.645377
1998.05 81.62807699999999
2003.91 81.609977
2009.77 81.591077
2015.62 81.571377
2021.48 81.550877
2027.34 81.529577
2033.2 81.507677
2039.06 81.485077
2044.92 81.461877
2050.78 81.438177
2056.64 81.41407699999999
2062.5 81.389577
2068.36 81.364877
2074.22 81.339977
2080.08 81.314977
2085.94 81.289977
2091.8 81.265177
2097.66 81.240577
2103.52 81.21627699999999
2109.38 81.192477
2115.23 81.16917699999999
2121.09 81.14657700000001
2126.95 81.12467699999999
2132.81 81.103577
2138.67 81.083477
2144.53 81.06437700000001
2150.39 81.046377
2156.25 81.029477
2162.11 81.013777
2167.97 80.999277
2173.83 80.986177
2179.69 80.974277
2185.55 80.963677
2191.41 80.95427699999999
2197.27 80.94627700000001
2203.12 80.93937700000001
2208.98 80.93377699999999
2214.84 80.92917700000001
2220.7 80.92567700000001
2226.56 80.923077
2232.42 80.921377
2238.28 80.920377
2244.14 80.92007699999999
2250.0 80.920177
2255.86 80.920677
2261.72 80.921377
2267.58 80.922177
2273.44 80.922977
2279.3 80.92347699999999
2285.16 80.923677
2291.02 80.923377
2296.88 80.922477
2302.73 80.920877
2308.59 80.91837699999999
2314.45 80.914877
2320.31 80.91027700000001
2326.17 80.904477
2332.03 80.897377
2337.89 80.88887700000001
2343.75 80.87897699999999
2349.61 80.86757700000001
2355.47 80.854577
2361.33 80.839977
2367.19 80.823777
2373.05 80.80587700000001
2378.91 80.786377
2384.77 80.765177
2390.62 80.742277
2396.48 80.717877
2402.34 80.691777
2408.2 80.664277
2414.06 80.635177
2419.92 80.604777
2425.78 80.573077
2431.64 80.540177
2437.5 80.50617700000001
2443.36 80.47117700000001
2449.22 80.435277
2455.08 80.39867699999999
2460.94 80.36147700000001
2466.8 80.32387700000001
2472.66 80.285977
2478.52 80.247877
2484.38 80.209877
2490.23 80.171977
2496.09 80.134377
2501.95 80.097177
2507.81 80.042877
2513.67 80.007477
2519.53 79.990477
2525.39 79.956477
2531.25 79.92347699999999
2537.11 79.891577
2542.97 79.860877
2548.83 79.831477
2554.69 79.80327700000001
2560.55 79.776377
2566.41 79.750777
2572.27 79.72657699999999
2578.12 79.703577
2583.98 79.681877
2589.84 79.66147699999999
2595.7 79.642177
2601.56 79.623977
2607.42 79.606877
2613.28 79.590677
2619.14 79.575377
2625.0 79.560777
2630.86 79.546877
2636.72 79.53357700000001
2642.58 79.52077700000001
2648.44 79.50827699999999
2654.3 79.496077
2660.16 79.484077
2666.02 79.472077
2671.88 79.460177
2677.73 79.448077
2683.59 79.435777
2689.45 79.423277
2695.31 79.41037700000001
2701.17 79.397077
2707.03 79.383377
2712.89 79.36917700000001
2718.75 79.354477
2724.61 79.339177
2730.47 79.323377
2736.33 79.306877
2742.19 79.289777
2748.05 79.272177
2753.91 79.25397699999999
2759.77 79.235077
2765.62 79.215777
2771.48 79.195877
2777.34 79.175477
2783.2 79.15467699999999
2789.06 79.133377
2794.92 79.111777
2800.78 79.089877
2806.64 79.067677
2812.5 79.045177
2818.36 79.022577
2824.22 78.999777
2830.08 78.976877
2835.94 78.954077
2841.8 78.93117699999999
2847.66 78.908477
2853.52 78.885877
2859.38 78.863377
2865.23 78.841177
2871.09 78.819277
2876.95 78.797677
2882.81 78.776377
2888.67 78.755577
2894.53 78.735177
2900.39 78.715377
2906.25 78.696077
2912.11 78.677277
2917.97 78.659177
2923.83 78.64177699999999
2929.69 78.624977
2935.55 78.60897700000001
2941.41 78.593677
2947.27 78.579077
2953.12 78.565377
2958.98 78.552377
2964.84 78.540277
2970.7 78.528977
2976.56 78.518477
2982.42 78.50877700000001
2988.28 78.499977
2994.14 78.491877
3000.0 78.484577
3005.86 78.47797700000001
3011.72 78.472177
3017.58 78.46687700000001
3023.44 78.462277
3029.3 78.458177
3035.16 78.454577
3041.02 78.45137700000001
3046.88 78.448477
3052.73 78.44577699999999
3058.59 78.443277
3064.45 78.440777
3070.31 78.438277
3076.17 78.435577
3082.03 78.43257700000001
3087.89 78.429277
3093.75 78.425477
3099.61 78.421077
3105.47 78.415977
3111.33 78.410177
3117.19 78.403377
3123.05 78.395677
3128.91 78.386777
3134.77 78.376777
3140.62 78.365577
3146.48 78.353077
3152.34 78.33927700000001
3158.2 78.324077
3164.06 78.307477
3169.92 78.289477
3175.78 78.26997700000001
3181.64 78.249177
3187.5 78.226977
3193.36 78.20347699999999
3199.22 78.178777
3205.08 78.152877
3210.94 78.125977
3216.8 78.098077
3222.66 78.069377
3228.52 78.039977
3234.38 78.010177
3240.23 77.979877
3246.09 77.949477
3251.95 77.91917699999999
3257.81 77.88897700000001
3263.67 77.859177
3269.53 77.82987700000001
3275.39 77.801377
3281.25 77.773777
3287.11 77.747277
3292.97 77.722077
3298.83 77.698277
3304.69 77.675877
3310.55 77.65517700000001
3316.41 77.636277
3322.27 77.619077
3328.12 77.603677
3333.98 77.59017700000001
3339.84 77.578577
3345.7 77.56867700000001
3351.56 77.560677
3357.42 77.554377
3363.28 77.549677
3369.14 77.54647700000001
3375.0 77.54477700000001
3380.86 77.544277
3386.72 77.54477700000001
3392.58 77.546377
3398.44 77.548677
3404.3 77.551477
3410.16 77.554777
3416.02 77.558277
3421.88 77.56187700000001
3427.73 77.56527700000001
3433.59 77.568377
3439.45 77.571077
3445.31 77.573177
3451.17 77.574477
3457.03 77.574877
3462.89 77.574377
3468.75 77.572777
3474.61 77.569977
3480.47 77.565977
3486.33 77.560677
3492.19 77.553977
3498.05 77.545977
3503.91 77.536677
3509.77 77.526077
3515.62 77.514077
3521.48 77.500877
3527.34 77.486377
3533.2 77.470677
3539.06 77.45397700000001
3544.92 77.436177
3550.78 77.417377
3556.64 77.397677
3562.5 77.37727699999999
3568.36 77.356077
3574.22 77.334277
3580.08 77.31187700000001
3585.94 77.288977
3591.8 77.265777
3597.66 77.242177
3603.52 77.218377
3609.38 77.194377
3615.23 77.170277
3621.09 77.145977
3626.95 77.12177700000001
3632.81 77.097477
3638.67 77.073277
3644.53 77.049177
3650.39 77.025177
3656.25 77.00137699999999
3662.11 76.977677
3667.97 76.95427699999999
3673.83 76.930977
3679.69 76.90807699999999
3685.55 76.88547700000001
3691.41 76.86317700000001
3697.27 76.841377
3703.12 76.819977
3708.98 76.79897700000001
3714.84 76.778677
3720.7 76.758877
3726.56 76.739777
3732.42 76.721477
3738.28 76.70397700000001
3744.14 76.687277
3750.0 76.67147700000001
3755.86 76.656777
3761.72 76.643077
3767.58 76.630477
3773.44 76.618977
3779.3 76.608777
3785.16 76.599677
3791.02 76.59187700000001
3796.88 76.58527699999999
3802.73 76.579977
3808.59 76.57587699999999
3814.45 76.57297700000001
3820.31 76.57127700000001
3826.17 76.570677
3832.03 76.571177
3837.89 76.572677
3843.75 76.575077
3849.61 76.578377
3855.47 76.582277
3861.33 76.586877
3867.19 76.591977
3873.05 76.597477
3878.91 76.60327699999999
3884.77 76.609177
3890.62 76.615077
3896.48 76.620777
3902.34 76.62637699999999
3908.2 76.631477
3914.06 76.635977
3919.92 76.639877
3925.78 76.643077
3931.64 76.645277
3937.5 76.64657700000001
3943.36 76.64667700000001
3949.22 76.645677
3955.08 76.643377
3960.94 76.639877
3966.8 76.634877
3972.66 76.628577
3978.52 76.62087700000001
3984.38 76.61187699999999
3990.23 76.601477
3996.09 76.589777
4001.95 76.57677699999999
4007.81 76.562577
4013.67 76.54737700000001
4019.53 76.531177
4025.39 76.514077
4031.25 76.496177
4037.11 76.477777
4042.97 76.458877
4048.83 76.439577
4054.69 76.420177
4060.55 76.400777
4066.41 76.381377
4072.27 76.36237700000001
4078.12 76.343677
4083.98 76.32557700000001
4089.84 76.308077
4095.7 76.29127700000001
4101.56 76.27537699999999
4107.42 76.26047700000001
4113.28 76.246377
4119.14 76.233477
4125.0 76.221577
4130.86 76.210677
4136.72 76.200977
4142.58 76.192277
4148.44 76.184577
4154.3 76.177877
4160.16 76.172177
4166.02 76.167277
4171.88 76.16317699999999
4177.73 76.15857700000001
4183.59 76.15607700000001
4189.45 76.153977
4195.31 76.153177
4201.17 76.151577
4207.03 76.15007700000001
4212.89 76.148777
4218.75 76.14747700000001
4224.61 76.14607699999999
4230.47 76.144577
4236.33 76.142877
4242.19 76.140777
4248.05 76.138477
4253.91 76.135677
4259.77 76.132477
4265.62 76.128777
4271.48 76.12467699999999
4277.34 76.119977
4283.2 76.11497700000001
4289.06 76.109377
4294.92 76.103477
4300.78 76.097077
4306.64 76.09047699999999
4312.5 76.083477
4318.36 76.07637700000001
4324.22 76.069077
4330.08 76.061777
4335.94 76.05447699999999
4341.8 76.04727700000001
4347.66 76.040277
4353.52 76.03357700000001
4359.38 76.027277
4365.23 76.021377
4371.09 76.01597699999999
4376.95 76.011277
4382.81 76.007277
4388.67 76.004077
4394.53 76.001577
4400.39 76.000077
4406.25 75.999477
4412.11 75.999877
4417.97 76.001177
4423.83 76.003577
4429.69 76.00707700000001
4435.55 76.011477
4441.41 76.016977
4447.27 76.023477
4453.12 76.03097700000001
4458.98 76.039477
4464.84 76.048777
4470.7 76.059077
4476.56 76.070077
4482.42 76.08187699999999
4488.28 76.09437700000001
4494.14 76.107477
4500.0 76.121077
4505.86 76.135277
4511.72 76.149777
4517.58 76.16457700000001
4523.44 76.179677
4529.3 76.19487699999999
4535.16 76.210177
4541.02 76.225577
4546.88 76.24077700000001
4552.73 76.255977
4558.59 76.270977
4564.45 76.28567699999999
4570.31 76.30017699999999
4576.17 76.314277
4582.03 76.327977
4587.89 76.34127699999999
4593.75 76.354077
4599.61 76.366377
4605.47 76.378177
4611.33 76.389377
4617.19 76.399977
4623.05 76.409977
4628.91 76.419377
4634.77 76.428077
4640.62 76.436077
4646.48 76.443377
4652.34 76.449877
4658.2 76.45567700000001
4664.06 76.460577
4669.92 76.464777
4675.78 76.46797699999999
4681.64 76.470377
4687.5 76.471777
4693.36 76.472177
4699.22 76.471577
4705.08 76.469977
4710.94 76.467277
4716.8 76.46337700000001
4722.66 76.458477
4728.52 76.45227700000001
4734.38 76.444977
4740.23 76.436377
4746.09 76.426677
4751.95 76.41577699999999
4757.81 76.40377699999999
4763.67 76.39067700000001
4769.53 76.37637699999999
4775.39 76.361177
4781.25 76.345077
4787.11 76.32817700000001
4792.97 76.31047699999999
4798.83 76.292277
4804.69 76.273577
4810.55 76.254577
4816.41 76.235377
4822.27 76.21627699999999
4828.12 76.197377
4833.98 76.178977
4839.84 76.161077
4845.7 76.14407700000001
4851.56 76.127977
4857.42 76.11317700000001
4863.28 76.09987699999999
4869.14 76.088077
4875.0 76.07817700000001
4880.86 76.070177
4886.72 76.06437700000001
4892.58 76.060777
4898.44 76.059577
4904.3 76.06097700000001
4910.16 76.064877
4916.02 76.071377
4921.88 76.080577
4927.73 76.092377
4933.59 76.106777
4939.45 76.123777
4945.31 76.143277
4951.17 76.165077
4957.03 76.189177
4962.89 76.215277
4968.75 76.243277
4974.61 76.272877
4980.47 76.304077
4986.33 76.336377
4992.19 76.369777
4998.05 76.403877
5003.91 76.438477
5009.77 76.473277
5015.62 76.508177
5021.48 76.542777
5027.34 76.576977
5033.2 76.610477
5039.06 76.643077
5044.92 76.674677
5050.78 76.704977
5056.64 76.733877
5062.5 76.761277
5068.36 76.787177
5074.22 76.811277
5080.08 76.833677
5085.94 76.854377
5091.8 76.873177
5097.66 76.890377
5103.52 76.905877
5109.38 76.91967700000001
5115.23 76.931977
5121.09 76.942777
5126.95 76.952377
5132.81 76.960677
5138.67 76.968077
5144.53 76.97457700000001
5150.39 76.980277
5156.25 76.985477
5162.11 76.990377
5167.97 76.994977
5173.83 76.99967699999999
5179.69 77.004377
5185.55 77.009277
5191.41 77.014677
5197.27 77.020477
5203.12 77.026977
5208.98 77.033977
5214.84 77.041877
5220.7 77.050477
5226.56 77.059777
5232.42 77.069977
5238.28 77.080877
5244.14 77.092377
5250.0 77.10467700000001
5255.86 77.11747700000001
5261.72 77.13067699999999
5267.58 77.144277
5273.44 77.15807699999999
5279.3 77.171977
5285.16 77.185877
5291.02 77.199577
5296.88 77.21287699999999
5302.73 77.225777
5308.59 77.237977
5314.45 77.249577
5320.31 77.260177
5326.17 77.26987700000001
5332.03 77.278377
5337.89 77.285777
5343.75 77.291977
5349.61 77.29677699999999
5355.47 77.300277
5361.33 77.302377
5367.19 77.303077
5373.05 77.30247700000001
5378.91 77.300477
5384.77 77.297077
5390.62 77.29247699999999
5396.48 77.286677
5402.34 77.279777
5408.2 77.271877
5414.06 77.262977
5419.92 77.253177
5425.78 77.242777
5431.64 77.23167699999999
5437.5 77.220077
5443.36 77.208077
5449.22 77.19577699999999
5455.08 77.183177
5460.94 77.17057700000001
5466.8 77.15777700000001
5472.66 77.145177
5478.52 77.132477
5484.38 77.119977
5490.23 77.107677
5496.09 77.095477
5501.95 77.083377
5507.81 77.071477
5513.67 77.059677
5519.53 77.047977
5525.39 77.036277
5531.25 77.024577
5537.11 77.012777
5542.97 77.000677
5548.83 76.988377
5554.69 76.975777
5560.55 76.962677
5566.41 76.949077
5572.27 76.934877
5578.12 76.919977
5583.98 76.90427700000001
5589.84 76.887777
5595.7 76.87037699999999
5601.56 76.85207700000001
5607.42 76.832777
5613.28 76.812577
5619.14 76.79127700000001
5625.0 76.768977
5630.86 76.745677
5636.72 76.721377
5642.58 76.696177
5648.44 76.670177
5654.3 76.643277
5660.16 76.615577
5666.02 76.587177
5671.88 76.558277
5677.73 76.52877699999999
5683.59 76.498877
5689.45 76.468677
5695.31 76.438177
5701.17 76.407477
5707.03 76.376777
5712.89 76.345977
5718.75 76.31527700000001
5724.61 76.284677
5730.47 76.254277
5736.33 76.22397699999999
5742.19 76.193977
5748.05 76.164277
5753.91 76.13467700000001
5759.77 76.105377
5765.62 76.076277
5771.48 76.04727700000001
5777.34 76.018377
5783.2 75.989577
5789.06 75.960677
5794.92 75.93167700000001
5800.78 75.902477
5806.64 75.87297699999999
5812.5 75.843077
5818.36 75.81277700000001
5824.22 75.78187700000001
5830.08 75.750377
5835.94 75.718177
5841.8 75.68517700000001
5847.66 75.651277
5853.52 75.598377
5859.38 75.562277
5865.23 75.525277
5871.09 75.505877
5876.95 75.467577
5882.81 75.428477
5888.67 75.388577
5894.53 75.347977
5900.39 75.306877
5906.25 75.265277
5912.11 75.223277
5917.97 75.181077
5923.83 75.13887700000001
5929.69 75.096777
5935.55 75.05507700000001
5941.41 75.01387700000001
5947.27 74.973377
5953.12 74.93377699999999
5958.98 74.895377
5964.84 74.858377
5970.7 74.822777
5976.56 74.788977
5982.42 74.75707700000001
5988.28 74.727277
5994.14 74.69967700000001
6000.0 74.67437699999999
6005.86 74.651477
6011.72 74.631077
6017.58 74.61317700000001
6023.44 74.597977
6029.3 74.585177
6035.16 74.574977
6041.02 74.567277
6046.88 74.56187700000001
6052.73 74.55877699999999
6058.59 74.557777
6064.45 74.558677
6070.31 74.561277
6076.17 74.56557699999999
6082.03 74.571177
6087.89 74.577877
6093.75 74.585477
6099.61 74.593777
6105.47 74.602477
6111.33 74.61147700000001
6117.19 74.62037699999999
6123.05 74.629077
6128.91 74.637277
6134.77 74.64487700000001
6140.62 74.65177700000001
6146.48 74.657577
6152.34 74.66237699999999
6158.2 74.665977
6164.06 74.668277
6169.92 74.669077
6175.78 74.668577
6181.64 74.666577
6187.5 74.662977
6193.36 74.657977
6199.22 74.651477
6205.08 74.643577
6210.94 74.634177
6216.8 74.62347700000001
6222.66 74.61157700000001
6228.52 74.598377
6234.38 74.58407700000001
6240.23 74.568877
6246.09 74.552577
6251.95 74.535577
6257.81 74.517777
6263.67 74.499277
6269.53 74.480177
6275.39 74.460677
6281.25 74.44057699999999
6287.11 74.420177
6292.97 74.39947699999999
6298.83 74.378377
6304.69 74.357077
6310.55 74.335477
6316.41 74.313677
6322.27 74.291577
6328.12 74.269277
6333.98 74.246677
6339.84 74.223877
6345.7 74.200777
6351.56 74.177377
6357.42 74.153577
6363.28 74.12947700000001
6369.14 74.105077
6375.0 74.08017699999999
6380.86 74.05497700000001
6386.72 74.029477
6392.58 74.003477
6398.44 73.977277
6404.3 73.950677
6410.16 73.923877
6416.02 73.89697699999999
6421.88 73.869877
6427.73 73.842877
6433.59 73.815977
6439.45 73.789377
6445.31 73.76307700000001
6451.17 73.73737700000001
6457.03 73.712277
6462.89 73.68807699999999
6468.75 73.664977
6474.61 73.642977
6480.47 73.622377
6486.33 73.603377
6492.19 73.586077
6498.05 73.570577
6503.91 73.557177
6509.77 73.545877
6515.62 73.536877
6521.48 73.530277
6527.34 73.526177
6533.2 73.524577
6539.06 73.525477
6544.92 73.528977
6550.78 73.534977
6556.64 73.543577
6562.5 73.554577
6568.36 73.567977
6574.22 73.58357699999999
6580.08 73.601377
6585.94 73.621177
6591.8 73.642877
6597.66 73.666177
6603.52 73.690977
6609.38 73.71717699999999
6615.23 73.744477
6621.09 73.77277699999999
6626.95 73.80187699999999
6632.81 73.83157700000001
6638.67 73.861777
6644.53 73.892177
6650.39 73.922777
6656.25 73.953377
6662.11 73.98397700000001
6667.97 74.01427699999999
6673.83 74.044377
6679.69 74.07417699999999
6685.55 74.103577
6691.41 74.132577
6697.27 74.161077
6703.12 74.189277
6708.98 74.216977
6714.84 74.244377
6720.7 74.271377
6726.56 74.29817700000001
6732.42 74.324577
6738.28 74.350877
6744.14 74.37697700000001
6750.0 74.403077
6755.86 74.429077
6761.72 74.45517699999999
6767.58 74.481277
6773.44 74.507577
6779.3 74.533977
6785.16 74.560577
6791.02 74.587277
6796.88 74.614277
6802.73 74.64147700000001
6808.59 74.66887700000001
6814.45 74.696477
6820.31 74.724077
6826.17 74.75187700000001
6832.03 74.77967699999999
6837.89 74.807477
6843.75 74.835077
6849.61 74.86267699999999
6855.47 74.889877
6861.33 74.916877
6867.19 74.943477
6873.05 74.969577
6878.91 74.995177
6884.77 75.020177
6890.62 75.044477
6896.48 75.06817699999999
6902.34 75.09097700000001
6908.2 75.113077
6914.06 75.134377
6919.92 75.154777
6925.78 75.17437699999999
6931.64 75.193077
6937.5 75.210977
6943.36 75.228077
6949.22 75.244477
6955.08 75.260077
6960.94 75.274977
6966.8 75.289377
6972.66 75.303077
6978.52 75.316377
6984.38 75.329177
6990.23 75.341677
6996.09 75.353977
7001.95 75.365977
7007.81 75.377877
7013.67 75.389677
7019.53 75.401477
7025.39 75.413277
7031.25 75.42517699999999
7037.11 75.437277
7042.97 75.449477
7048.83 75.461877
7054.69 75.47447700000001
7060.55 75.487277
7066.41 75.500377
7072.27 75.513577
7078.12 75.52707699999999
7083.98 75.54077699999999
7089.84 75.554577
7095.7 75.568477
7101.56 75.582577
7107.42 75.596777
7113.28 75.61097699999999
7119.14 75.62527700000001
7125.0 75.639577
7130.86 75.653877
7136.72 75.668177
7142.58 75.682477
7148.44 75.696677
7154.3 75.710977
7160.16 75.725277
7166.02 75.739677
7171.88 75.754077
7177.73 75.768677
7183.59 75.783477
7189.45 75.79847699999999
7195.31 75.813777
7201.17 75.829477
7207.03 75.84557699999999
7212.89 75.862277
7218.75 75.87947700000001
7224.61 75.897377
7230.47 75.915877
7236.33 75.935277
7242.19 75.955377
7248.05 75.976377
7253.91 75.998277
7259.77 76.02107699999999
7265.62 76.04477700000001
7271.48 76.069277
7277.34 76.094677
7283.2 76.120777
7289.06 76.147677
7294.92 76.175277
7300.78 76.20347699999999
7306.64 76.232077
7312.5 76.260977
7318.36 76.290177
7324.22 76.319477
7330.08 76.34867700000001
7335.94 76.377677
7341.8 76.40637699999999
7347.66 76.434577
7353.52 76.462077
7359.38 76.488777
7365.23 76.514477
7371.09 76.53907699999999
7376.95 76.562377
7382.81 76.584277
7388.67 76.60467700000001
7394.53 76.62347700000001
7400.39 76.640477
7406.25 76.655677
7412.11 76.668977
7417.97 76.680177
7423.83 76.68947700000001
7429.69 76.696677
7435.55 76.70177699999999
7441.41 76.704777
7447.27 76.70567700000001
7453.12 76.704477
7458.98 76.70137700000001
7464.84 76.69627700000001
7470.7 76.689277
7476.56 76.680477
7482.42 76.67007699999999
7488.28 76.65807699999999
7494.14 76.644577
7500.0 76.629877
7505.86 76.613877
7511.72 76.59697700000001
7517.58 76.579077
7523.44 76.55077700000001
7529.3 76.531577
7535.16 76.512077
7541.02 76.492377
7546.88 76.482677
7552.73 76.463077
7558.59 76.44377700000001
7564.45 76.424677
7570.31 76.40607700000001
7576.17 76.387977
7582.03 76.370577
7587.89 76.35377700000001
7593.75 76.337777
7599.61 76.322677
7605.47 76.30847700000001
7611.33 76.295177
7617.19 76.282877
7623.05 76.27157700000001
7628.91 76.261277
7634.77 76.25187700000001
7640.62 76.243577
7646.48 76.236177
7652.34 76.229877
7658.2 76.224377
7664.06 76.219877
7669.92 76.216177
7675.78 76.21337700000001
7681.64 76.211377
7687.5 76.210177
7693.36 76.209777
7699.22 76.210077
7705.08 76.211077
7710.94 76.212677
7716.8 76.214977
7722.66 76.217777
7728.52 76.22117700000001
7734.38 76.225077
7740.23 76.229477
7746.09 76.23427699999999
7751.95 76.23937699999999
7757.81 76.244977
7763.67 76.250777
7769.53 76.256777
7775.39 76.26307700000001
7781.25 76.26937699999999
7787.11 76.275777
7792.97 76.282077
7798.83 76.288277
7804.69 76.294277
7810.55 76.300077
7816.41 76.305477
7822.27 76.310377
7828.12 76.31477699999999
7833.98 76.318577
7839.84 76.321777
7845.7 76.324077
7851.56 76.325677
7857.42 76.326277
7863.28 76.326077
7869.14 76.324777
7875.0 76.32247699999999
7880.86 76.319177
7886.72 76.314877
7892.58 76.309477
7898.44 76.303177
7904.3 76.295777
7910.16 76.287477
7916.02 76.278377
7921.88 76.268477
7927.73 76.25797700000001
7933.59 76.24677700000001
7939.45 76.235277
7945.31 76.223377
7951.17 76.211377
7957.03 76.199477
7962.89 76.18767700000001
7968.75 76.176377
7974.61 76.165577
7980.47 76.155677
7986.33 76.14667700000001
7992.19 76.13887700000001
7998.05 76.132577
8003.91 76.12777700000001
8009.77 76.12467699999999
8015.62 76.123677
8021.48 76.12467699999999
8027.34 76.127977
8033.2 76.133577
8039.06 76.141677
8044.92 76.152277
8050.78 76.16547700000001
8056.64 76.181277
8062.5 76.199577
8068.36 76.220477
8074.22 76.24367699999999
8080.08 76.269277
8085.94 76.297077
8091.8 76.326977
8097.66 76.358677
8103.52 76.391977
8109.38 76.426777
8115.23 76.46287699999999
8121.09 76.499877
8126.95 76.537577
8132.81 76.57587699999999
8138.67 76.61437699999999
8144.53 76.652877
8150.39 76.691277
8156.25 76.72917699999999
8162.11 76.766377
8167.97 76.80277699999999
8173.83 76.838177
8179.69 76.872477
8185.55 76.905277
8191.41 76.936777
8197.27 76.966577
8203.12 76.994677
8208.98 77.02107699999999
8214.84 77.04557700000001
8220.7 77.06817699999999
8226.56 77.088877
8232.42 77.10757699999999
8238.28 77.124277
8244.14 77.13897700000001
8250.0 77.151577
8255.86 77.16237699999999
8261.72 77.171077
8267.58 77.177977
8273.44 77.18287699999999
8279.3 77.18597700000001
8285.16 77.187277
8291.02 77.18687700000001
8296.88 77.184877
8302.73 77.18117699999999
8308.59 77.175977
8314.45 77.169377
8320.31 77.161377
8326.17 77.151977
8332.03 77.14147700000001
8337.89 77.129777
8343.75 77.11697699999999
8349.61 77.103177
8355.47 77.088477
8361.33 77.072877
8367.19 77.056577
8373.05 77.039477
8378.91 77.021777
8384.77 77.003477
8390.62 76.984677
8396.48 76.965377
8402.34 76.945677
8408.2 76.925577
8414.06 76.90517700000001
8419.92 76.88457700000001
8425.78 76.863677
8431.64 76.84267700000001
8437.5 76.821477
8443.36 76.800277
8449.22 76.778977
8455.08 76.757577
8460.94 76.736277
8466.8 76.714877
8472.66 76.69367700000001
8478.52 76.672477
8484.38 76.651377
8490.23 76.630477
8496.09 76.609677
8501.95 76.588977
8507.81 76.568477
8513.67 76.54817700000001
8519.53 76.52797699999999
8525.39 76.50797700000001
8531.25 76.48817700000001
8537.11 76.46857700000001
8542.97 76.449077
8548.83 76.429677
8554.69 76.410477
8560.55 76.391377
8566.41 76.372377
8572.27 76.353477
8578.12 76.334577
8583.98 76.315677
8589.84 76.29677699999999
8595.7 76.277877
8601.56 76.25877700000001
8607.42 76.239677
8613.28 76.220377
8619.14 76.20087699999999
8625.0 76.181277
8630.86 76.161277
8636.72 76.141077
8642.58 76.120577
8648.44 76.099777
8654.3 76.078577
8660.16 76.05707699999999
8666.02 76.035177
8671.88 76.012977
8677.73 75.990377
8683.59 75.967477
8689.45 75.944377
8695.31 75.920877
8701.17 75.897277
8707.03 75.87347700000001
8712.89 75.849677
8718.75 75.825777
8724.61 75.801977
8730.47 75.778377
8736.33 75.754977
8742.19 75.731977
8748.05 75.70947699999999
8753.91 75.687477
8759.77 75.666177
8765.62 75.64577700000001
8771.48 75.626277
8777.34 75.607677
8783.2 75.590377
8789.06 75.57417699999999
8794.92 75.559377
8800.78 75.545877
8806.64 75.533877
8812.5 75.52337700000001
8818.36 75.514477
8824.22 75.507177
8830.08 75.501477
8835.94 75.497277
8841.8 75.494677
8847.66 75.493577
8853.52 75.493977
8859.38 75.495677
8865.23 75.498777
8871.09 75.502977
8876.95 75.508177
8882.81 75.514377
8888.67 75.521277
8894.53 75.528877
8900.39 75.536777
8906.25 75.54507699999999
8912.11 75.553377
8917.97 75.561677
8923.83 75.569677
8929.69 75.57727700000001
8935.55 75.584277
8941.41 75.59047699999999
8947.27 75.595877
8953.12 75.600177
8958.98 75.603377
8964.84 75.605277
8970.7 75.60587699999999
8976.56 75.605077
8982.42 75.602677
8988.28 75.598877
8994.14 75.593377
9000.0 75.586377
9005.86 75.577877
9011.72 75.567777
9017.58 75.556077
9023.44 75.54307700000001
9029.3 75.528577
9035.16 75.512777
9041.02 75.495777
9046.88 75.477677
9052.73 75.45857699999999
9058.59 75.438477
9064.45 75.417677
9070.31 75.39607699999999
9076.17 75.373977
9082.03 75.351377
9087.89 75.32847699999999
9093.75 75.305377
9099.61 75.282177
9105.47 75.258877
9111.33 75.235577
9117.19 75.212477
9123.05 75.189577
9128.91 75.166877
9134.77 75.144477
9140.62 75.122377
9146.48 75.100577
9152.34 75.079077
9158.2 75.05787699999999
9164.06 75.03707700000001
9169.92 75.016377
9175.78 74.99597700000001
9181.64 74.975577
9187.5 74.955377
9193.36 74.924777
9199.22 74.90427700000001
9205.08 74.883477
9210.94 74.862477
9216.8 74.84097700000001
9222.66 74.829477
9228.52 74.80707699999999
9234.38 74.784177
9240.23 74.76047700000001
9246.09 74.73597699999999
9251.95 74.71077700000001
9257.81 74.684577
9263.67 74.657477
9269.53 74.629377
9275.39 74.600277
9281.25 74.570177
9287.11 74.538977
9292.97 74.506877
9298.83 74.47367700000001
9304.69 74.43947700000001
9310.55 74.40437700000001
9316.41 74.36837700000001
9322.27 74.33157700000001
9328.12 74.29387700000001
9333.98 74.255577
9339.84 74.216577
9345.7 74.176977
9351.56 74.136977
9357.42 74.096477
9363.28 74.055677
9369.14 74.014577
9375.0 73.97317699999999
9380.86 73.93177700000001
9386.72 73.890177
9392.58 73.848477
9398.44 73.80677700000001
9404.3 73.76507699999999
9410.16 73.723377
9416.02 73.681577
9421.88 73.63977700000001
9427.73 73.597977
9433.59 73.555977
9439.45 73.513677
9445.31 73.471277
9451.17 73.428477
9457.03 73.385177
9462.89 73.341377
9468.75 73.296877
9474.61 73.251677
9480.47 73.205577
9486.33 73.158377
9492.19 73.110177
9498.05 73.060577
9503.91 73.00967700000001
9509.77 72.957277
9515.62 72.903277
9521.48 72.847577
9527.34 72.790077
9533.2 72.730777
9539.06 72.66967700000001
9544.92 72.606477
9550.78 72.541477
9556.64 72.47447700000001
9562.5 72.405577
9568.36 72.334777
9574.22 72.26217700000001
9580.08 72.187877
9585.94 72.111977
9591.8 72.034577
9597.66 71.955877
9603.52 71.87607700000001
9609.38 71.795177
9615.23 71.713677
9621.09 71.631577
9626.95 71.549277
9632.81 71.46687700000001
9638.67 71.384777
9644.53 71.303077
9650.39 71.222077
9656.25 71.142177
9662.11 71.063477
9667.97 70.986377
9673.83 70.910877
9679.69 70.837377
9685.55 70.765877
9691.41 70.696777
9697.27 70.630177
9703.12 70.566077
9708.98 70.504577
9714.84 70.44577699999999
9720.7 70.38977700000001
9726.56 70.336577
9732.42 70.285977
9738.28 70.238077
9744.14 70.192777
9750.0 70.149977
9755.86 70.109477
9761.72 70.071077
9767.58 70.03477699999999
9773.44 70.000377
9779.3 69.967477
9785.16 69.936077
9791.02 69.90597700000001
9796.88 69.87687700000001
9802.73 69.848577
9808.59 69.820977
9814.45 69.793777
9820.31 69.766877
9826.17 69.740177
9832.03 69.71337700000001
9837.89 69.686377
9843.75 69.659077
9849.61 69.631477
9855.47 69.603377
9861.33 69.574777
9867.19 69.54557700000001
9873.05 69.515777
9878.91 69.485477
9884.77 69.454577
9890.62 69.42317700000001
9896.48 69.391277
9902.34 69.358877
9908.2 69.326177
9914.06 69.293177
9919.92 69.25997699999999
9925.78 69.226777
9931.64 69.193477
9937.5 69.160477
9943.36 69.127577
9949.22 69.095177
9955.08 69.063277
9960.94 69.031977
9966.8 69.00137699999999
9972.66 68.971777
9978.52 68.943077
9984.38 68.91547700000001
9990.23 68.889077
9996.09 68.863977
10002.0 68.84017700000001
10007.8 68.81787700000001
10013.7 68.796977
10019.5 68.77767700000001
10025.4 68.759877
10031.2 68.743577
10037.1 68.72887700000001
10043.0 68.715677
10048.8 68.70397700000001
10054.7 68.69367700000001
10060.5 68.684777
10066.4 68.677077
10072.3 68.67057700000001
10078.1 68.665177
10084.0 68.660777
10089.8 68.657077
10095.7 68.654177
10101.6 68.65177700000001
10107.4 68.649677
10113.3 68.647977
10119.1 68.646277
10125.0 68.644577
10130.9 68.64267699999999
10136.7 68.640377
10142.6 68.637577
10148.4 68.634177
10154.3 68.629977
10160.2 68.624777
10166.0 68.618577
10171.9 68.611177
10177.7 68.602477
10183.6 68.592377
10189.5 68.580777
10195.3 68.567577
10201.2 68.55277699999999
10207.0 68.53617700000001
10212.9 68.517877
10218.8 68.497777
10224.6 68.475877
10230.5 68.452077
10236.3 68.426377
10242.2 68.398877
10248.0 68.36957699999999
10253.9 68.33837700000001
10259.8 68.305377
10265.6 68.270677
10271.5 68.234177
10277.3 68.196077
10283.2 68.15637699999999
10289.1 68.11497700000001
10294.9 68.07207700000001
10300.8 68.027777
10306.6 67.981977
10312.5 67.934777
10318.4 67.886277
10324.2 67.836377
10330.1 67.78527700000001
10335.9 67.732977
10341.8 67.679577
10347.7 67.624977
10353.5 67.569377
10359.4 67.512677
10365.2 67.455077
10371.1 67.396477
10377.0 67.337177
10382.8 67.276977
10388.7 67.216077
10394.5 67.154577
10400.4 67.092477
10406.2 67.029977
10412.1 66.967077
10418.0 66.90377699999999
10423.8 66.840377
10429.7 66.77677700000001
10435.5 66.713077
10441.4 66.64947699999999
10447.3 66.58587700000001
10453.1 66.52247700000001
10459.0 66.459377
10464.8 66.396477
10470.7 66.333877
10476.6 66.27157700000001
10482.4 66.209677
10488.3 66.148077
10494.1 66.086877
10500.0 66.026077
10505.9 65.96547699999999
10511.7 65.90517700000001
10517.6 65.845177
10523.4 65.785177
10529.3 65.725277
10535.2 65.665377
10541.0 65.605377
10546.9 65.54507699999999
10552.7 65.484477
10558.6 65.423377
10564.5 65.361677
10570.3 65.299177
10576.2 65.235877
10582.0 65.17147700000001
10587.9 65.106077
10593.8 65.039377
10599.6 64.971277
10605.5 64.901877
10611.3 64.830977
10617.2 64.758577
10623.0 64.684577
10628.9 64.609177
10634.8 64.532377
10640.6 64.45427699999999
10646.5 64.374877
10652.3 64.294477
10658.2 64.21337700000001
10664.1 64.131577
10669.9 64.049477
10675.8 63.967477
10681.6 63.885777000000004
10687.5 63.804777
10693.4 63.724977
10699.2 63.646577
10705.1 63.570177
10710.9 63.496077
10716.8 63.424677
10722.7 63.356577
10728.5 63.291877
10734.4 63.231277
10740.2 63.174877
10746.1 63.123077
10752.0 63.076177
10757.8 63.034477
10763.7 62.998177
10769.5 62.967377
10775.4 62.942377
10781.2 62.923177
10787.1 62.909877
10793.0 62.902377
10798.8 62.900677
10804.7 62.904677
10810.5 62.914277
10816.4 62.929277
10822.3 62.949377
10828.1 62.974277
10834.0 63.003777
10839.8 63.037477
10845.7 63.074877
10851.6 63.115777
10857.4 63.159577
10863.3 63.231877000000004
10869.1 63.280577
10875.0 63.330677
10880.9 63.381577
10886.7 63.433077000000004
10892.6 63.484577
10898.4 63.535677
10904.3 63.559777000000004
10910.2 63.609277
10916.0 63.657577
10921.9 63.704377
10927.7 63.749477
10933.6 63.792577
10939.5 63.833577
10945.3 63.872277000000004
10951.2 63.908677000000004
10957.0 63.942577
10962.9 63.973977
10968.8 64.00307699999999
10974.6 64.02967699999999
10980.5 64.054077
10986.3 64.07637700000001
10992.2 64.096577
10998.0 64.11497700000001
11003.9 64.131777
11009.8 64.147177
11015.6 64.161377
11021.5 64.174477
11027.3 64.186977
11033.2 64.198777
11039.1 64.21027699999999
11044.9 64.221677
11050.8 64.232977
11056.6 64.244377
11062.5 64.255977
11068.4 64.267777
11074.2 64.279877
11080.1 64.292277
11085.9 64.304877
11091.8 64.317677
11097.7 64.330477
11103.5 64.343177
11109.4 64.35557700000001
11115.2 64.36757700000001
11121.1 64.37897699999999
11127.0 64.389477
11132.8 64.399077
11138.7 64.407477
11144.5 64.41457700000001
11150.4 64.420177
11156.2 64.424177
11162.1 64.42657700000001
11168.0 64.427177
11173.8 64.426177
11179.7 64.42347699999999
11185.5 64.419277
11191.4 64.413577
11197.3 64.406677
11203.1 64.398777
11209.0 64.390177
11214.8 64.381077
11220.7 64.371877
11226.6 64.363077
11232.4 64.354877
11238.3 64.34777700000001
11244.1 64.34217699999999
11250.0 64.338477
11255.9 64.337077
11261.7 64.338477
11267.6 64.34297699999999
11273.4 64.350977
11279.3 64.36267699999999
11285.2 64.378477
11291.0 64.398477
11296.9 64.422877
11302.7 64.45177699999999
11308.6 64.485277
11314.5 64.52337700000001
11320.3 64.565877
11326.2 64.61267699999999
11332.0 64.663577
11337.9 64.718377
11343.8 64.776877
11349.6 64.838477
11355.5 64.90297699999999
11361.3 64.969977
11367.2 65.03907699999999
11373.0 65.10977700000001
11378.9 65.18167700000001
11384.8 65.254277
11390.6 65.327177
11396.5 65.40007700000001
11402.3 65.472577
11408.2 65.544277
11414.1 65.614777
11419.9 65.683977
11425.8 65.751477
11431.6 65.817177
11437.5 65.880977
11443.4 65.942677
11449.2 66.002177
11455.1 66.059477
11460.9 66.114677
11466.8 66.167677
11472.7 66.218677
11478.5 66.26767699999999
11484.4 66.314877
11490.2 66.360377
11496.1 66.40427700000001
11502.0 66.446977
11507.8 66.488377
11513.7 66.528877
11519.5 66.568577
11525.4 66.60757699999999
11531.2 66.64607699999999
11537.1 66.684377
11543.0 66.722377
11548.8 66.760277
11554.7 66.79817700000001
11560.5 66.83617699999999
11566.4 66.874277
11572.3 66.912577
11578.1 66.950977
11584.0 66.989577
11589.8 67.028277
11595.7 67.067077
11601.6 67.105977
11607.4 67.144777
11613.3 67.183577
11619.1 67.222177
11625.0 67.260577
11630.9 67.298677
11636.7 67.336477
11642.6 67.373877
11648.4 67.410877
11654.3 67.447377
11660.2 67.483477
11666.0 67.519177
11671.9 67.55447699999999
11677.7 67.589477
11683.6 67.624177
11689.5 67.65867700000001
11695.3 67.693077
11701.2 67.727577
11707.0 67.762277
11712.9 67.79727700000001
11718.8 67.832777
11724.6 67.868877
11730.5 67.905677
11736.3 67.943477
11742.2 67.98227700000001
11748.0 68.022277
11753.9 68.06357700000001
11759.8 68.106177
11765.6 68.150177
11771.5 68.195577
11777.3 68.24247700000001
11783.2 68.290877
11789.1 68.34047699999999
11794.9 68.39147700000001
11800.8 68.443577
11806.6 68.496677
11812.5 68.55067700000001
11818.4 68.605277
11824.2 68.660177
11830.1 68.715377
11835.9 68.770377
11841.8 68.824977
11847.7 68.87897699999999
11853.5 68.93207699999999
11859.4 68.98397700000001
11865.2 69.034277
11871.1 69.082977
11877.0 69.129577
11882.8 69.17407700000001
11888.7 69.216077
11894.5 69.255577
11900.4 69.292277
11906.2 69.326177
11912.1 69.35717700000001
11918.0 69.385177
11923.8 69.41027700000001
11929.7 69.432277
11935.5 69.45147700000001
11941.4 69.46797699999999
11947.3 69.481777
11953.1 69.493077
11959.0 69.502077
11964.8 69.509177
11970.7 69.514477
11976.6 69.518277
11982.4 69.520877
11988.3 69.522677
11994.1 69.523977
12000.0 69.52507700000001
12005.9 69.526377
12011.7 69.528177
12017.6 69.530877
12023.4 69.534577
12029.3 69.539777
12035.2 69.546677
12041.0 69.555477
12046.9 69.566377
12052.7 69.579577
12058.6 69.595077
12064.5 69.613077
12070.3 69.633577
12076.2 69.656477
12082.0 69.681877
12087.9 69.70947699999999
12093.8 69.739177
12099.6 69.770877
12105.5 69.804377
12111.3 69.83927700000001
12117.2 69.875377
12123.0 69.91237699999999
12128.9 69.949977
12134.8 69.987877
12140.6 70.025677
12146.5 70.06307699999999
12152.3 70.099677
12158.2 70.135377
12164.1 70.169577
12169.9 70.20227700000001
12175.8 70.23307700000001
12181.6 70.261777
12187.5 70.28817699999999
12193.4 70.31217699999999
12199.2 70.333477
12205.1 70.35207700000001
12210.9 70.367977
12216.8 70.380977
12222.7 70.391277
12228.5 70.398777
12234.4 70.403577
12240.2 70.405777
12246.1 70.405577
12252.0 70.40297699999999
12257.8 70.39827700000001
12263.7 70.391677
12269.5 70.383377
12275.4 70.373577
12281.2 70.362477
12287.1 70.35037700000001
12293.0 70.337377
12298.8 70.32387700000001
12304.7 70.309977
12310.5 70.295977
12316.4 70.28187700000001
12322.3 70.268077
12328.1 70.254577
12334.0 70.241477
12339.8 70.22887700000001
12345.7 70.21687700000001
12351.6 70.205577
12357.4 70.19487699999999
12363.3 70.184877
12369.1 70.175377
12375.0 70.166477
12380.9 70.157977
12386.7 70.149877
12392.6 70.141977
12398.4 70.134177
12404.3 70.12637699999999
12410.2 70.11837700000001
12416.0 70.109977
12421.9 70.101177
12427.7 70.09177700000001
12433.6 70.081677
12439.5 70.070677
12445.3 70.058577
12451.2 70.045477
12457.0 70.031277
12462.9 70.015777
12468.8 69.998877
12474.6 69.980777
12480.5 69.961277
12486.3 69.940477
12492.2 69.918277
12498.0 69.89487700000001
12503.9 69.870177
12509.8 69.84437700000001
12515.6 69.817477
12521.5 69.78957700000001
12527.3 69.760777
12533.2 69.715577
12539.1 69.685277
12544.9 69.654577
12550.8 69.62347700000001
12556.6 69.59217699999999
12562.5 69.560777
12568.4 69.52937700000001
12574.2 69.49797699999999
12580.1 69.482777
12585.9 69.45177699999999
12591.8 69.420977
12597.7 69.390477
12603.5 69.360277
12609.4 69.330277
12615.2 69.30067700000001
12621.1 69.271277
12627.0 69.242177
12632.8 69.213177
12638.7 69.184377
12644.5 69.15547699999999
12650.4 69.126577
12656.2 69.097577
12662.1 69.06817699999999
12668.0 69.038477
12673.8 69.008177
12679.7 68.977377
12685.5 68.94577699999999
12691.4 68.913377
12697.3 68.879977
12703.1 68.845677
12709.0 68.810277
12714.8 68.77367699999999
12720.7 68.73597699999999
12726.6 68.696977
12732.4 68.656777
12738.3 68.615377
12744.1 68.572877
12750.0 68.529177
12755.9 68.484377
12761.7 68.438677
12767.6 68.391977
12773.4 68.344577
12779.3 68.296577
12785.2 68.24797699999999
12791.0 68.199077
12796.9 68.149977
12802.7 68.100877
12808.6 68.051777
12814.5 68.00307699999999
12820.3 67.954777
12826.2 67.907077
12832.0 67.860177
12837.9 67.814177
12843.8 67.769177
12849.6 67.725277
12855.5 67.68257700000001
12861.3 67.641277
12867.2 67.60127700000001
12873.0 67.56267700000001
12878.9 67.525477
12884.8 67.489777
12890.6 67.455477
12896.5 67.422477
12902.3 67.390877
12908.2 67.360477
12914.1 67.331277
12919.9 67.303177
12925.8 67.275977
12931.6 67.24967699999999
12937.5 67.224177
12943.4 67.19917699999999
12949.2 67.174677
12955.1 67.150577
12960.9 67.126677
12966.8 67.102877
12972.7 67.079077
12978.5 67.055177
12984.4 67.03107700000001
12990.2 67.006677
12996.1 66.981977
13002.0 66.95687699999999
13007.8 66.931277
13013.7 66.90517700000001
13019.5 66.878577
13025.4 66.851477
13031.2 66.82387700000001
13037.1 66.795877
13043.0 66.76737700000001
13048.8 66.73857699999999
13054.7 66.709377
13060.5 66.67997700000001
13066.4 66.65037699999999
13072.3 66.620677
13078.1 66.590877
13084.0 66.561177
13089.8 66.531677
13095.7 66.50227699999999
13101.6 66.473277
13107.4 66.44457700000001
13113.3 66.41627700000001
13119.1 66.388577
13125.0 66.361377
13130.9 66.334777
13136.7 66.308877
13142.6 66.28367700000001
13148.4 66.259177
13154.3 66.235377
13160.2 66.212377
13166.0 66.190077
13171.9 66.168577
13177.7 66.14777699999999
13183.6 66.127677
13189.5 66.108377
13195.3 66.089677
13201.2 66.071677
13207.0 66.054277
13212.9 66.037577
13218.8 66.021377
13224.6 66.00567699999999
13230.5 65.990477
13236.3 65.975777
13242.2 65.961577
13248.0 65.947777
13253.9 65.934377
13259.8 65.921377
13265.6 65.90857700000001
13271.5 65.896277
13277.3 65.884177
13283.2 65.872277
13289.1 65.86067700000001
13294.9 65.849277
13300.8 65.837977
13306.6 65.82677699999999
13312.5 65.815677
13318.4 65.804677
13324.2 65.793477
13330.1 65.782277
13335.9 65.770877
13341.8 65.759177
13347.7 65.747077
13353.5 65.734477
13359.4 65.721277
13365.2 65.70747700000001
13371.1 65.692677
13377.0 65.676977
13382.8 65.660177
13388.7 65.641977
13394.5 65.622377
13400.4 65.601177
13406.2 65.57807700000001
13412.1 65.553177
13418.0 65.526077
13423.8 65.496577
13429.7 65.464777
13435.5 65.430277
13441.4 65.393077
13447.3 65.35297700000001
13453.1 65.309977
13459.0 65.263777
13464.8 65.214477
13470.7 65.161877
13476.6 65.106077
13482.4 65.046977
13488.3 64.984577
13494.1 64.918977
13500.0 64.850277
13505.9 64.77847700000001
13511.7 64.703777
13517.6 64.62637699999999
13523.4 64.54647700000001
13529.3 64.464177
13535.2 64.379877
13541.0 64.293777
13546.9 64.206277
13552.7 64.117677
13558.6 64.028277
13564.5 63.938577
13570.3 63.848977
13576.2 63.759777
13582.0 63.671477
13587.9 63.584477
13593.8 63.499177
13599.6 63.415977
13605.5 63.335177
13611.3 63.257177
13617.2 63.182377
13623.0 63.110977
13628.9 63.043277
13634.8 62.979377
13640.6 62.919477
13646.5 62.863577
13652.3 62.811877
13658.2 62.764277
13664.1 62.720777
13669.9 62.681177
13675.8 62.645277
13681.6 62.612977
13687.5 62.583977000000004
13693.4 62.557977
13699.2 62.534677
13705.1 62.513877
13710.9 62.495077
13716.8 62.477977
13722.7 62.462277
13728.5 62.447677
13734.4 62.433877
13740.2 62.420577
13746.1 62.407477
13752.0 62.394377
13757.8 62.381177
13763.7 62.367677
13769.5 62.353777
13775.4 62.339477
13781.2 62.324777
13787.1 62.309677
13793.0 62.294277
13798.8 62.278777
13804.7 62.263177
13810.5 62.247777
13816.4 62.232777
13822.3 62.218477
13828.1 62.205077
13834.0 62.192977
13839.8 62.182277
13845.7 62.173377
13851.6 62.166677
13857.4 62.162277
13863.3 62.160477
13869.1 62.161677
13875.0 62.165877
13880.9 62.173477
13886.7 62.184577000000004
13892.6 62.199277
13898.4 62.217577
13904.3 62.239777000000004
13910.2 62.265577
13916.0 62.295177
13921.9 62.328377
13927.7 62.364977
13933.6 62.405077
13939.5 62.448177
13945.3 62.494277000000004
13951.2 62.543077000000004
13957.0 62.594177
13962.9 62.647377
13968.8 62.702377
13974.6 62.758877
13980.5 62.816477
13986.3 62.874877
13992.2 62.933877
13998.0 62.993077
14003.9 63.052277000000004
14009.8 63.111177
14015.6 63.169577000000004
14021.5 63.227277
14027.3 63.284077
14033.2 63.339877
14039.1 63.394577
14044.9 63.448077
14050.8 63.500277000000004
14056.6 63.551177
14062.5 63.600777
14068.4 63.649177
14074.2 63.696277
14080.1 63.742277
14085.9 63.787077000000004
14091.8 63.830977000000004
14097.7 63.873877
14103.5 63.915977
14109.4 63.957377
14115.2 63.998077
14121.1 64.03817699999999
14127.0 64.077877
14132.8 64.117077
14138.7 64.155877
14144.5 64.194277
14150.4 64.232377
14156.2 64.270177
14162.1 64.30757700000001
14168.0 64.344677
14173.8 64.38127700000001
14179.7 64.417377
14185.5 64.452877
14191.4 64.487777
14197.3 64.521877
14203.1 64.569977
14209.0 64.60157699999999
14214.8 64.631977
14220.7 64.66117700000001
14226.6 64.688977
14232.4 64.715277
14238.3 64.740077
14244.1 64.76307700000001
14250.0 64.784377
14255.9 64.79127700000001
14261.7 64.809677
14267.6 64.826077
14273.4 64.840577
14279.3 64.853077
14285.2 64.86357699999999
14291.0 64.872077
14296.9 64.878577
14302.7 64.883077
14308.6 64.885777
14314.5 64.886577
14320.3 64.885577
14326.2 64.88297700000001
14332.0 64.87867700000001
14337.9 64.87297699999999
14343.8 64.865877
14349.6 64.857477
14355.5 64.847977
14361.3 64.837477
14367.2 64.826077
14373.0 64.813777
14378.9 64.80077700000001
14384.8 64.787177
14390.6 64.773077
14396.5 64.758377
14402.3 64.74337700000001
14408.2 64.727877
14414.1 64.712077
14419.9 64.695877
14425.8 64.679277
14431.6 64.662277
14437.5 64.644777
14443.4 64.626777
14449.2 64.608177
14455.1 64.588877
14460.9 64.56877700000001
14466.8 64.547777
14472.7 64.525777
14478.5 64.502577
14484.4 64.47827699999999
14490.2 64.452477
14496.1 64.425277
14502.0 64.39657700000001
14507.8 64.366077
14513.7 64.333877
14519.5 64.29987700000001
14525.4 64.26397700000001
14531.2 64.226077
14537.1 64.186277
14543.0 64.14437699999999
14548.8 64.100577
14554.7 64.054777
14560.5 64.00707700000001
14566.4 63.957477000000004
14572.3 63.906077
14578.1 63.852877
14584.0 63.798177
14589.8 63.741877
14595.7 63.684277
14601.6 63.625377
14607.4 63.565477
14613.3 63.504677
14619.1 63.443077
14625.0 63.380877
14630.9 63.318377
14636.7 63.255677
14642.6 63.193077
14648.4 63.130577
14654.3 63.068477
14660.2 63.006977
14666.0 62.946177
14671.9 62.886377
14677.7 62.827777
14683.6 62.770377
14689.5 62.714477
14695.3 62.660277
14701.2 62.607777
14707.0 62.557277
14712.9 62.508877
14718.8 62.462677
14724.6 62.418777
14730.5 62.377277
14736.3 62.338377
14742.2 62.302077000000004
14748.0 62.268477000000004
14753.9 62.237777
14759.8 62.209877
14765.6 62.184877
14771.5 62.162977
14777.3 62.144077
14783.2 62.128277000000004
14789.1 62.115677
14794.9 62.106177
14800.8 62.099877
14806.6 62.096877
14812.5 62.097077
14818.4 62.100577
14824.2 62.107377
14830.1 62.117377
14835.9 62.130677
14841.8 62.147177
14847.7 62.166977
14853.5 62.189977
14859.4 62.216177
14865.2 62.245477
14871.1 62.277777
14877.0 62.313177
14882.8 62.351477
14888.7 62.392677
14894.5 62.436577
14900.4 62.483077
14906.2 62.532177000000004
14912.1 62.583577
14918.0 62.637277
14923.8 62.693077
14929.7 62.750777
14935.5 62.810277
14941.4 62.871377
14947.3 62.933877
14953.1 62.997477
14959.0 63.062177
14964.8 63.127677
14970.7 63.193877
14976.6 63.260377
14982.4 63.327177
14988.3 63.393977
14994.1 63.460677000000004
15000.0 63.526977
15005.9 63.592877
15011.7 63.658177
15017.6 63.722577
15023.4 63.786177
15029.3 63.848777
15035.2 63.910277
15041.0 63.970577
15046.9 64.02967699999999
15052.7 64.087377
15058.6 64.143877
15064.5 64.199077
15070.3 64.252877
15076.2 64.305477
15082.0 64.356777
15087.9 64.40687700000001
15093.8 64.455777
15099.6 64.50367700000001
15105.5 64.550577
15111.3 64.596577
15117.2 64.641677
15123.0 64.686177
15128.9 64.72997699999999
15134.8 64.77337700000001
15140.6 64.816377
15146.5 64.85897700000001
15152.3 64.901477
15158.2 64.943877
15164.1 64.986277
15169.9 65.028877
15175.8 65.07157699999999
15181.6 65.114677
15187.5 65.158177
15193.4 65.202177
15199.2 65.24677700000001
15205.1 65.292077
15210.9 65.338077
15216.8 65.384877
15222.7 65.432677
15228.5 65.481277
15234.4 65.53097700000001
15240.2 65.581677
15246.1 65.633477
15252.0 65.686377
15257.8 65.740377
15263.7 65.79557700000001
15269.5 65.851877
15275.4 65.909377
15281.2 65.96797699999999
15287.1 66.02767700000001
15293.0 66.088477
15298.8 66.150277
15304.7 66.213177
15310.5 66.276977
15316.4 66.34177700000001
15322.3 66.407477
15328.1 66.474077
15334.0 66.541477
15339.8 66.609677
15345.7 66.678577
15351.6 66.748277
15357.4 66.81867700000001
15363.3 66.88977700000001
15369.1 66.961477
15375.0 67.033777
15380.9 67.106777
15386.7 67.180377
15392.6 67.254577
15398.4 67.32927699999999
15404.3 67.404477
15410.2 67.480277
15416.0 67.556477
15421.9 67.633077
15427.7 67.70997700000001
15433.6 67.787177
15439.5 67.864577
15445.3 67.942077
15451.2 68.019577
15457.0 68.09697700000001
15462.9 68.17407700000001
15468.8 68.250877
15474.6 68.327077
15480.5 68.402777
15486.3 68.477577
15492.2 68.551477
15498.0 68.62437700000001
15503.9 68.695977
15509.8 68.766177
15515.6 68.834877
15521.5 68.901977
15527.3 68.967377
15533.2 69.030877
15539.1 69.092377
15544.9 69.151877
15550.8 69.209277
15556.6 69.264477
15562.5 69.317577
15568.4 69.368477
15574.2 69.417077
15580.1 69.463577
15585.9 69.50797700000001
15591.8 69.550277
15597.7 69.590577
15603.5 69.62897699999999
15609.4 69.665677
15615.2 69.700677
15621.1 69.734077
15627.0 69.766277
15632.8 69.797177
15638.7 69.827177
15644.5 69.856277
15650.4 69.884777
15656.2 69.912777
15662.1 69.94057699999999
15668.0 69.968277
15673.8 69.996077
15679.7 70.024077
15685.5 70.05247700000001
15691.4 70.081477
15697.3 70.111077
15703.1 70.14147700000001
15709.0 70.172677
15714.8 70.20487700000001
15720.7 70.237877
15726.6 70.27197699999999
15732.4 70.306877
15738.3 70.342777
15744.1 70.379677
15750.0 70.417277
15755.9 70.455577
15761.7 70.494677
15767.6 70.534177
15773.4 70.574077
15779.3 70.61437699999999
15785.2 70.65467699999999
15791.0 70.695077
15796.9 70.735277
15802.7 70.775177
15808.6 70.814677
15814.5 70.853577
15820.3 70.89177699999999
15826.2 70.929077
15832.0 70.96547699999999
15837.9 71.000777
15843.8 71.035077
15849.6 71.068077
15855.5 71.09987699999999
15861.3 71.13037700000001
15867.2 71.159577
15873.0 71.198777
15878.9 71.22487699999999
15884.8 71.249877
15890.6 71.273777
15896.5 71.296677
15902.3 71.31877700000001
15908.2 71.34007700000001
15914.1 71.36067700000001
15919.9 71.380877
15925.8 71.400777
15931.6 71.410477
15937.5 71.430577
15943.4 71.450777
15949.2 71.471277
15955.1 71.492277
15960.9 71.51387700000001
15966.8 71.536377
15972.7 71.559777
15978.5 71.584277
15984.4 71.610077
15990.2 71.637277
15996.1 71.665877
16002.0 71.695977
16007.8 71.727777
16013.7 71.761177
16019.5 71.796277
16025.4 71.832977
16031.2 71.87127699999999
16037.1 71.91117700000001
16043.0 71.952477
16048.8 71.995177
16054.7 72.039177
16060.5 72.084277
16066.4 72.130277
16072.3 72.177077
16078.1 72.22447700000001
16084.0 72.272277
16089.8 72.320277
16095.7 72.368177
16101.6 72.415877
16107.4 72.463077
16113.3 72.50957700000001
16119.1 72.55507700000001
16125.0 72.59957700000001
16130.9 72.64267699999999
16136.7 72.68427700000001
16142.6 72.724177
16148.4 72.762277
16154.3 72.798277
16160.2 72.832177
16166.0 72.863877
16171.9 72.89317700000001
16177.7 72.92007699999999
16183.6 72.944477
16189.5 72.966477
16195.3 72.98597699999999
16201.2 73.002977
16207.0 73.017477
16212.9 73.02967699999999
16218.8 73.039477
16224.6 73.047077
16230.5 73.052677
16236.3 73.05617699999999
16242.2 73.05787699999999
16248.0 73.05787699999999
16253.9 73.056377
16259.8 73.053577
16265.6 73.049477
16271.5 73.044477
16277.3 73.038677
16283.2 73.032277
16289.1 73.025477
16294.9 73.018477
16300.8 73.011277
16306.6 73.004277
16312.5 72.997577
16318.4 72.991177
16324.2 72.985377
16330.1 72.980177
16335.9 72.97567699999999
16341.8 72.972077
16347.7 72.96937700000001
16353.5 72.967477
16359.4 72.966577
16365.2 72.966677
16371.1 72.967577
16377.0 72.969477
16382.8 72.972177
16388.7 72.975577
16394.5 72.979777
16400.4 72.984477
16406.2 72.989677
16412.1 72.995177
16418.0 73.000977
16423.8 73.006777
16429.7 73.012677
16435.5 73.018277
16441.4 73.02367699999999
16447.3 73.028677
16453.1 73.03307699999999
16459.0 73.036777
16464.8 73.039777
16470.7 73.041877
16476.6 73.04297700000001
16482.4 73.04307700000001
16488.3 73.04217700000001
16494.1 73.040077
16500.0 73.036777
16505.9 73.032377
16511.7 73.026877
16517.6 73.020077
16523.4 73.012277
16529.3 73.003277
16535.2 72.99337700000001
16541.0 72.982377
16546.9 72.970477
16552.7 72.957677
16558.6 72.944177
16564.5 72.92997700000001
16570.3 72.915177
16576.2 72.899777
16582.0 72.883877
16587.9 72.867677
16593.8 72.851077
16599.6 72.834277
16605.5 72.817277
16611.3 72.800077
16617.2 72.782677
16623.0 72.765277
16628.9 72.74767700000001
16634.8 72.730077
16640.6 72.712277
16646.5 72.694377
16652.3 72.676277
16658.2 72.65807699999999
16664.1 72.639477
16669.9 72.620577
16675.8 72.601377
16681.6 72.581677
16687.5 72.561477
16693.4 72.540577
16699.2 72.51907700000001
16705.1 72.496877
16710.9 72.473877
16716.8 72.449977
16722.7 72.42517699999999
16728.5 72.39947699999999
16734.4 72.372777
16740.2 72.345177
16746.1 72.316577
16752.0 72.28697700000001
16757.8 72.256577
16763.7 72.22537700000001
16769.5 72.193377
16775.4 72.16067699999999
16781.2 72.127477
16787.1 72.093777
16793.0 72.059877
16798.8 72.025777
16804.7 71.99167700000001
16810.5 71.957677
16816.4 71.92407700000001
16822.3 71.890877
16828.1 71.858377
16834.0 71.826677
16839.8 71.795977
16845.7 71.766277
16851.6 71.73767699999999
16857.4 71.710477
16863.3 71.684577
16869.1 71.660077
16875.0 71.637077
16880.9 71.615477
16886.7 71.595377
16892.6 71.576677
16898.4 71.55927700000001
16904.3 71.543177
16910.2 71.528277
16916.0 71.514377
16921.9 71.50137699999999
16927.7 71.48907700000001
16933.6 71.477377
16939.5 71.466077
16945.3 71.454977
16951.2 71.443877
16957.0 71.432477
16962.9 71.420877
16968.8 71.40857700000001
16974.6 71.395577
16980.5 71.381677
16986.3 71.366777
16992.2 71.350577
16998.0 71.333177
17003.9 71.31437700000001
17009.8 71.294077
17015.6 71.272377
17021.5 71.249077
17027.3 71.224277
17033.2 71.19797700000001
17039.1 71.170277
17044.9 71.141177
17050.8 71.110777
17056.6 71.079177
17062.5 71.046577
17068.4 71.012977
17074.2 70.97877700000001
17080.1 70.943877
17085.9 70.90857700000001
17091.8 70.87297699999999
17097.7 70.837277
17103.5 70.801677
17109.4 70.766177
17115.2 70.731177
17121.1 70.69657699999999
17127.0 70.662477
17132.8 70.629177
17138.7 70.596577
17144.5 70.56477699999999
17150.4 70.533777
17156.2 70.503577
17162.1 70.474177
17168.0 70.44547700000001
17173.8 70.417577
17179.7 70.390177
17185.5 70.36327700000001
17191.4 70.336777
17197.3 70.31047699999999
17203.1 70.284377
17209.0 70.258177
17214.8 70.231777
17220.7 70.204977
17226.6 70.177677
17232.4 70.149777
17238.3 70.121177
17244.1 70.091577
17250.0 70.061077
17255.9 70.029477
17261.7 69.99677700000001
17267.6 69.962977
17273.4 69.927977
17279.3 69.89177699999999
17285.2 69.854577
17291.0 69.816277
17296.9 69.776977
17302.7 69.73687699999999
17308.6 69.696077
17314.5 69.65467699999999
17320.3 69.612777
17326.2 69.570577
17332.0 69.528277
17337.9 69.486077
17343.8 69.443977
17349.6 69.402377
17355.5 69.361177
17361.3 69.320577
17367.2 69.280777
17373.0 69.241777
17378.9 69.203677
17384.8 69.16637700000001
17390.6 69.130077
17396.5 69.094577
17402.3 69.059877
17408.2 69.02587700000001
17414.1 68.99247700000001
17419.9 68.95947699999999
17425.8 68.92657700000001
17431.6 68.893677
17437.5 68.860577
17443.4 68.826877
17449.2 68.792377
17455.1 68.756677
17460.9 68.719677
17466.8 68.680977
17472.7 68.640177
17478.5 68.597177
17484.4 68.55157700000001
17490.2 68.503277
17496.1 68.451977
17502.0 68.39747700000001
17507.8 68.339677
17513.7 68.27847700000001
17519.5 68.213877
17525.4 68.14577700000001
17531.2 68.074377
17537.1 67.99967699999999
17543.0 67.921877
17548.8 67.794877
17554.7 67.711077
17560.5 67.625377
17566.4 67.53817699999999
17572.3 67.44967700000001
17578.1 67.36067700000001
17584.0 67.271377
17589.8 67.182477
17595.7 67.09437700000001
17601.6 67.007777
17607.4 66.969577
17613.3 66.887077
17619.1 66.807177
17625.0 66.730277
17630.9 66.65687700000001
17636.7 66.587377
17642.6 66.521877
17648.4 66.46077700000001
17654.3 66.404177
17660.2 66.352277
17666.0 66.30497700000001
17671.9 66.262477
17677.7 66.22447700000001
17683.6 66.190877
17689.5 66.16147699999999
17695.3 66.135877
17701.2 66.113777
17707.0 66.094677
17712.9 66.07817700000001
17718.8 66.063677
17724.6 66.050577
17730.5 66.038477
17736.3 66.026577
17742.2 66.01427699999999
17748.0 66.00107700000001
17753.9 65.986177
17759.8 65.969277
17765.6 65.949577
17771.5 65.92657700000001
17777.3 65.899977
17783.2 65.86917700000001
17789.1 65.833877
17794.9 65.793677
17800.8 65.748577
17806.6 65.698177
17812.5 65.642477
17818.4 65.581377
17824.2 65.51507699999999
17830.1 65.44367700000001
17835.9 65.367277
17841.8 65.286277
17847.7 65.20087699999999
17853.5 65.11157700000001
17859.4 65.018777
17865.2 64.923077
17871.1 64.824877
17877.0 64.72487699999999
17882.8 64.623577
17888.7 64.52157700000001
17894.5 64.41967700000001
17900.4 64.318277
17906.2 64.218077
17912.1 64.119677
17918.0 64.023577
17923.8 63.930377
17929.7 63.840377000000004
17935.5 63.753977
17941.4 63.671677
17947.3 63.593677
17953.1 63.520177000000004
17959.0 63.451277
17964.8 63.387077
17970.7 63.327677
17976.6 63.272777
17982.4 63.222477
17988.3 63.176477
17994.1 63.134677
18000.0 63.096577
18005.9 63.061977
18011.7 63.030477
18017.6 63.001777000000004
18023.4 62.975477
18029.3 62.951077
18035.2 62.928277
18041.0 62.906677
18046.9 62.885977000000004
18052.7 62.865777
18058.6 62.845777
18064.5 62.825777
18070.3 62.805577
18076.2 62.785077
18082.0 62.764077
18087.9 62.742477
18093.8 62.720377
18099.6 62.697777
18105.5 62.674677
18111.3 62.651277
18117.2 62.627577
18123.0 62.603877000000004
18128.9 62.580277
18134.8 62.556977
18140.6 62.534177
18146.5 62.511877
18152.3 62.490477
18158.2 62.469877000000004
18164.1 62.450377
18169.9 62.431977
18175.8 62.414677
18181.6 62.398577
18187.5 62.383577
18193.4 62.369577
18199.2 62.356677
18205.1 62.344477
18210.9 62.332977
18216.8 62.321877
18222.7 62.310877
18228.5 62.299877
18234.4 62.288477
18240.2 62.276377000000004
18246.1 62.263377
18252.0 62.249177
18257.8 62.233477
18263.7 62.215977
18269.5 62.196477
18275.4 62.174777
18281.2 62.150877
18287.1 62.124477
18293.0 62.095577
18298.8 62.064277000000004
18304.7 62.030677000000004
18310.5 61.994777
18316.4 61.956877
18322.3 61.917177
18328.1 61.876077
18334.0 61.833977000000004
18339.8 61.791277
18345.7 61.748377
18351.6 61.705877
18357.4 61.664377
18363.3 61.624377
18369.1 61.586477
18375.0 61.551177
18380.9 61.519077
18386.7 61.490777
18392.6 61.466677000000004
18398.4 61.447377
18404.3 61.433077000000004
18410.2 61.424377
18416.0 61.421277
18421.9 61.424177
18427.7 61.433077000000004
18433.6 61.448077
18439.5 61.468977
18445.3 61.495877
18451.2 61.528277
18457.0 61.565977000000004
18462.9 61.608577000000004
18468.8 61.655577
18474.6 61.706377
18480.5 61.760577
18486.3 61.817277000000004
18492.2 61.875877
18498.0 61.935777
18503.9 61.996077
18509.8 62.056077
18515.6 62.115077
18521.5 62.172277
18527.3 62.227177
18533.2 62.278877
18539.1 62.326977
18544.9 62.370877
18550.8 62.410177000000004
18556.6 62.444377
18562.5 62.473177
18568.4 62.496577
18574.2 62.514177000000004
18580.1 62.526077
18585.9 62.532277
18591.8 62.532977
18597.7 62.528277
18603.5 62.518677000000004
18609.4 62.504377
18615.2 62.485877
18621.1 62.463677000000004
18627.0 62.438277
18632.8 62.410277
18638.7 62.380177
18644.5 62.348577
18650.4 62.316077
18656.2 62.283277
18662.1 62.250577
18668.0 62.218677
18673.8 62.187977000000004
18679.7 62.158877000000004
18685.5 62.131577
18691.4 62.106577
18697.3 62.083977000000004
18703.1 62.063977
18709.0 62.046577
18714.8 62.031777
18720.7 62.019577
18726.6 62.009677
18732.4 62.002077
18738.3 61.996377
18744.1 61.992177
18750.0 61.989277
18755.9 61.987277
18761.7 61.985577
18767.6 61.983877
18773.4 61.981777
18779.3 61.978677
18785.2 61.974377000000004
18791.0 61.968377000000004
18796.9 61.960477000000004
18802.7 61.950177000000004
18808.6 61.937477
18814.5 61.921977
18820.3 61.903777
18826.2 61.882777000000004
18832.0 61.858977
18837.9 61.832577
18843.8 61.803577000000004
18849.6 61.772277
18855.5 61.738977
18861.3 61.703977
18867.2 61.667677
18873.0 61.630377
18878.9 61.592477
18884.8 61.554377
18890.6 61.516477
18896.5 61.479277
18902.3 61.443077
18908.2 61.408277
18914.1 61.375077
18919.9 61.343777
18925.8 61.314677
18931.6 61.287977
18937.5 61.263577
18943.4 61.241777
18949.2 61.222277
18955.1 61.205277
18960.9 61.190377
18966.8 61.177477
18972.7 61.166277
18978.5 61.156277
18984.4 61.147377
18990.2 61.138777
18996.1 61.130277
19002.0 61.121177
19007.8 61.110977
19013.7 61.099177
19019.5 61.085277
19025.4 61.068577
19031.2 61.048777
19037.1 61.025377
19043.0 60.997977
19048.8 60.966277
19054.7 60.930077000000004
19060.5 60.889277
19066.4 60.843777
19072.3 60.793777
19078.1 60.739577000000004
19084.0 60.681477
19089.8 60.619977
19095.7 60.555877
19101.6 60.489777000000004
19107.4 60.422677
19113.3 60.355477
19119.1 60.289177
19125.0 60.224877
19130.9 60.163577000000004
19136.7 60.106277
19142.6 60.054077
19148.4 60.007677
19154.3 59.968077
19160.2 59.935877
19166.0 59.911677
19171.9 59.895877
19177.7 59.888777
19183.6 59.890677000000004
19189.5 59.901377000000004
19195.3 59.920877000000004
19201.2 59.948877
19207.0 59.984877000000004
19212.9 60.028277
19218.8 60.117477
19224.6 60.172677
19230.5 60.231777
19236.3 60.293577
19242.2 60.356777
19248.0 60.420177
19253.9 60.482377
19259.8 60.541877
19265.6 60.597277
19271.5 60.647277
19277.3 60.690577
19283.2 60.689677
19289.1 60.718577
19294.9 60.738377
19300.8 60.747977
19306.6 60.746777
19312.5 60.734177
19318.4 60.709777
19324.2 60.673477
19330.1 60.625077
19335.9 60.564877
19341.8 60.493377
19347.7 60.411077
19353.5 60.318877
19359.4 60.217877
19365.2 60.109277
19371.1 59.994377
19377.0 59.874777
19382.8 59.752177
19388.7 59.628077
19394.5 59.504277
19400.4 59.382177
19406.2 59.263477
19412.1 59.149477
19418.0 59.041477
19423.8 58.940677
19429.7 58.848077
19435.5 58.764577
19441.4 58.690677
19447.3 58.627177
19453.1 58.574277
19459.0 58.532177000000004
19464.8 58.501077
19470.7 58.480777
19476.6 58.470877
19482.4 58.471077
19488.3 58.480477
19494.1 58.498177
19500.0 58.523077
19505.9 58.553877
19511.7 58.588977
19517.6 58.626677
19523.4 58.665177
19529.3 58.702677
19535.2 58.737177
19541.0 58.766777
19546.9 58.789677
19552.7 58.803977
19558.6 58.808377
19564.5 58.801377
19570.3 58.781777
19576.2 58.748877
19582.0 58.702077
19587.9 58.641177
19593.8 58.566477
19599.6 58.478477
19605.5 58.378177
19611.3 58.267377
19617.2 58.147777
19623.0 58.021877
19628.9 57.892077
19634.8 57.761377
19640.6 57.632477
19646.5 57.508077
19652.3 57.390777
19658.2 57.282777
19664.1 57.186277000000004
19669.9 57.102777
19675.8 57.033977
19681.6 56.980977
19687.5 56.944877
19693.4 56.926377
19699.2 56.926177
19705.1 56.944677
19710.9 56.981977
19716.8 57.038177
19722.7 57.112877
19728.5 57.205377
19734.4 57.314877
19740.2 57.439677
19746.1 57.578077
19752.0 57.727477
19757.8 57.884877
19763.7 58.046477
19769.5 58.208177
19775.4 58.365077
19781.2 58.511777
19787.1 58.642477
19793.0 58.750777
19798.8 58.829477000000004
19804.7 58.870577000000004
19810.5 58.864177
19816.4 58.798077
19822.3 58.655177
19828.1 58.408877000000004
19834.0 58.012077
19839.8 57.364977
19845.7 56.622677
19851.6 56.171477
19857.4 55.898177000000004
19863.3 55.745277
19869.1 55.683077000000004
19875.0 55.693877
19880.9 55.766077
19886.7 55.891677
19892.6 56.065077
19898.4 56.282177000000004
19904.3 56.540277
19910.2 56.837477
19916.0 57.172877
19921.9 57.546077000000004
19927.7 57.957677000000004
19933.6 58.409077
19939.5 58.902377
19945.3 59.441177
19951.2 60.030077
19957.0 60.676177
19962.9 61.389177000000004
19968.8 62.184577000000004
19974.6 63.086977
19980.5 64.142777
19986.3 65.451177
19992.2 66.855077
19998.0 67.96457699999999
