CurveFormat = 6;
TDelayRemovedTRF = -0.00183333333333333;
SourceDesc = 'Fundamental + Total phase';
%[Hz]    dB-[V]    [deg]
Curve = [
19.04296875	72.6994605127644	-25.7880007279152
19.775390625	73.9719900174865	-25.7833341876962
20.5078125	75.351788325671	-28.6226479549308
21.240234375	76.6601942437626	-33.8306354101819
21.97265625	77.811632615765	-40.7150498001911
22.705078125	78.7778664450906	-48.670874486625
23.4375	79.5586398950201	-57.2317472667511
24.169921875	80.1664759679426	-66.0443884764638
24.90234375	80.6202710793259	-74.836040806691
25.634765625	80.9431506372086	-83.3925297273051
26.3671875	81.1620532399957	-91.5489706136385
27.099609375	81.30756601796	-99.1915412397456
27.83203125	81.4129344158612	-106.266946249967
28.564453125	81.511471260109	-112.793234714301
29.296875	81.6322871261347	-118.862376791511
30.029296875	81.7954688535318	-124.625452855779
30.76171875	82.008849183201	-130.25913695386
31.494140625	82.2681910096735	-135.924290825843
32.2265625	82.5607938555418	-141.733732897791
32.958984375	82.8706834821451	-147.740391470981
33.69140625	83.1831632437111	-153.945012615764
34.423828125	83.4874741034388	-160.314629601027
35.15625	83.7774876157089	-166.802490085445
35.888671875	84.0510000866016	-173.36364786262
36.62109375	84.3083177106503	-179.964016556816
37.353515625	84.5507113715534	173.417045408448
38.0859375	84.7791636685559	166.789295023664
38.818359375	84.9936689974366	160.15725005058
39.55078125	85.1931696744366	153.526537213782
40.283203125	85.3760326629442	146.908773181977
41.015625	85.5408376655121	140.323542548826
41.748046875	85.6871935639139	133.797033246844
42.48046875	85.8163243442908	127.357817143288
43.212890625	85.931239228466	121.030938096225
43.9453125	86.0364003007002	114.831883755107
45.41015625	86.2374503748149	102.808239578387
46.142578125	86.3410785241932	96.9441640021346
46.875	86.4485513238308	91.1384311629323
47.607421875	86.5581410747002	85.3624364042845
48.33984375	86.666214530189	79.5984717319612
49.8046875	86.8606905869712	68.115439981791
50.537109375	86.9411273651121	62.4376675849811
51.26953125	87.0100884841384	56.8431982858407
52.734375	87.1280768751238	46.0023815835838
53.466796875	87.1884179940639	40.7667615748119
54.19921875	87.2571005686131	35.6282144784385
55.6640625	87.4286191039355	25.4721367268049
56.396484375	87.5275109310105	20.3652815879406
57.12890625	87.6275561576378	15.2000358097716
58.59375	87.8020045017124	4.71016346149652
59.326171875	87.8652261846538	-0.551570564854569
60.791015625	87.9388530827656	-10.8624773970738
61.5234375	87.9582814191842	-15.8216785148596
62.98828125	88.004095031327	-25.2660638146009
64.453125	88.1134065457082	-34.2763264041432
65.185546875	88.200962308461	-38.7647529694593
66.650390625	88.4243310447954	-47.997027703771
68.115234375	88.6605488660366	-57.7296221049645
68.84765625	88.765079883763	-62.7598054442938
70.3125	88.9279673167383	-72.9858800338977
71.77734375	89.0305989123302	-83.2211128427794
73.2421875	89.0913043885676	-93.3311058892016
73.974609375	89.1115544927694	-98.3366942977794
75.439453125	89.1357184806232	-108.277925935851
76.904296875	89.1352431603276	-118.138698303391
78.369140625	89.1070348107418	-127.877831998847
79.833984375	89.0562023532988	-137.432674212147
81.298828125	88.9940260704898	-146.781901853544
82.763671875	88.9292261951296	-155.956388367254
84.228515625	88.8635171125243	-164.99482939279
85.693359375	88.7957752641021	-173.905477477456
87.158203125	88.7280262684707	177.320466647293
89.35546875	88.6355850288591	164.378149276037
90.8203125	88.5790400191308	155.839616246164
92.28515625	88.5192751074427	147.364698441892
93.75	88.4533641636667	138.997838422641
95.947265625	88.3566395525883	126.718666224666
97.412109375	88.3036229110171	118.659000551469
98.876953125	88.2546502557833	110.62295967706
101.07421875	88.1591460248598	98.6441129583776
102.5390625	88.073866640205	90.8532077864238
104.736328125	87.9446625410962	79.6383979243527
106.201171875	87.8789455077493	72.4120354940278
108.3984375	87.8097786361654	61.7445355182188
110.595703125	87.7544519225935	51.2836224152939
112.79296875	87.7245067212904	41.1169337958738
114.2578125	87.7287141053831	34.4280850378876
116.455078125	87.7570109606967	24.3895822878609
118.65234375	87.7921881577041	14.4038039898509
120.849609375	87.8471168247915	4.51468299414991
123.046875	87.9217181833267	-5.47435073034214
125.244140625	87.9757973616645	-15.6042780281701
127.44140625	87.9973182808945	-25.6370737411058
129.638671875	88.0130174457244	-35.5298355242966
131.8359375	88.0158416202445	-45.4388685360481
134.765625	87.956885190913	-58.4320173659282
136.962890625	87.9031401693069	-67.7735996209095
139.16015625	87.8713748459099	-76.9844410748207
142.08984375	87.8188620053857	-89.2101117289061
144.287109375	87.7791835132229	-98.1531266573473
147.216796875	87.7634013586617	-110.077300593132
149.4140625	87.7345859611317	-119.169309289036
152.34375	87.6597650038688	-131.077250340327
155.2734375	87.5997855099877	-142.866945028811
157.470703125	87.5365198661805	-151.79076442241
160.400390625	87.419075335148	-163.506457538886
163.330078125	87.291517943982	-175.140043928182
166.259765625	87.1076266393482	173.407049347163
169.189453125	86.928587708671	162.506461116722
172.119140625	86.7875251048738	151.607556149611
175.048828125	86.6125863409238	140.79992518288
178.7109375	86.4225295509761	127.66139165699
181.640625	86.2568062566489	117.093284457898
185.302734375	86.0390721521358	104.433647031186
188.232421875	85.9040950943559	94.3629084592628
191.89453125	85.7183531313885	81.9431538554014
194.82421875	85.5982206453526	72.116162941694
198.486328125	85.4186148163466	59.8698717415669
202.1484375	85.2645274777008	48.0122241743288
205.810546875	85.112012730644	36.1357529322718
209.47265625	84.9736798014592	24.547855814303
213.134765625	84.8230426728832	12.9631725500296
216.796875	84.6867196467267	1.89202017246167
220.458984375	84.5855600459028	-9.1937649639382
224.853515625	84.501609191627	-22.0072513868063
228.515625	84.5050438141719	-32.9126136663204
232.91015625	84.5254117084409	-46.1739623588305
236.572265625	84.5322836882224	-57.5575195461258
240.966796875	84.5198169951218	-71.122656188919
245.361328125	84.4996835252549	-84.9442549072305
249.755859375	84.4289060934872	-98.9210173249713
254.150390625	84.2755326891173	-112.700312454383
258.544921875	84.1063540786217	-126.102815770204
262.939453125	83.9179947748876	-139.279490021142
268.06640625	83.6572722428012	-154.04969664673
272.4609375	83.4858403188426	-166.078292879335
277.587890625	83.3908012645357	-179.60655695916
281.982421875	83.4027295792692	168.633173529569
287.109375	83.5434291326213	154.718594649205
292.236328125	83.6923619767628	139.951972599302
297.36328125	83.8566378632246	124.696645263863
302.490234375	83.9500908289164	109.09390695662
308.349609375	83.9874821120374	91.3297044607844
313.4765625	84.0173009788904	76.3468569691225
319.3359375	84.1762558509989	59.0375709994629
324.462890625	84.3338498105453	43.1829818651906
330.322265625	84.4527216577796	24.5373188606074
336.181640625	84.3615675406924	4.34287312080873
342.041015625	83.7483013232578	-13.7121316649386
348.6328125	83.3866792510167	-29.6809964580037
354.4921875	83.3216784848566	-42.3936098330523
361.083984375	84.0315693071533	-58.3591466290395
366.943359375	84.6946041288894	-76.3356629910507
373.53515625	85.0778172029601	-98.5781279897581
380.126953125	85.162059918046	-120.548020922464
386.71875	85.1131968745417	-141.840857070573
394.04296875	85.0286655429447	-164.672977034781
400.634765625	85.0351538093124	174.621546550094
407.958984375	84.8657297710773	151.308208986285
415.283203125	84.7787018469525	128.542267570248
422.607421875	84.653798855291	105.165079065786
429.931640625	84.4018642667658	81.7592608859544
437.255859375	84.0663963713391	58.8411622535309
445.3125	83.6407625956512	34.3027824841973
452.63671875	83.249473412929	13.1131305647214
460.693359375	82.9516838059407	-9.90671117309015
468.75	82.7186112876189	-33.23149675488
477.5390625	82.3862796842807	-59.1420303582646
485.595703125	82.0128943771415	-82.3344979538052
494.384765625	81.5500817381248	-107.055366765885
503.173828125	81.1475400654281	-131.08715836781
511.962890625	80.8611658840056	-155.15627379992
520.751953125	80.5677282321031	179.961824774489
529.541015625	80.1193642890535	155.095722369029
539.0625	79.6645113593794	128.242098083959
548.583984375	79.1139033356787	102.511225379916
558.10546875	78.4063391811987	75.4080930837139
568.359375	76.6634578504536	52.2486929243273
577.880859375	76.7840799218236	38.7575386381544
588.134765625	77.8648786129491	17.4284072392745
598.388671875	78.9443449328761	-10.0094469936712
609.375	79.6774131907707	-43.0131220191115
619.62890625	79.9294038093263	-74.5102475051012
630.615234375	79.8974709397687	-108.146380170986
641.6015625	79.6771660072055	-140.832752040663
653.3203125	79.2125194063693	-175.372218096231
665.0390625	78.6296414916843	151.160989465633
676.025390625	78.1215043283073	121.061001053344
688.4765625	77.4526384833395	87.7507259832483
700.1953125	76.8890439488108	57.5245518475369
712.646484375	76.3948779935437	26.6622841664789
725.09765625	75.9683373502904	-2.71276336745395
738.28125	75.8961875765323	-32.8115122918095
750.732421875	75.9379792274273	-61.6028391822376
763.916015625	76.4015106438946	-90.0557499788617
777.83203125	77.6494490508675	-126.275771522206
791.015625	77.5780599783027	-164.720167609917
804.931640625	78.3040161878437	164.601101097591
818.84765625	79.5746790104254	124.718997626358
833.49609375	80.1023628285495	78.0767004824462
848.14453125	79.8931748375492	33.4153225770447
862.79296875	79.4772602883616	-8.32095577729614
878.173828125	79.0645490142113	-48.8840904448924
893.5546875	79.058521293979	-88.2403024131516
909.66796875	79.1889106488528	-130.459998275516
925.048828125	79.1947963991319	-171.553994155903
941.89453125	79.0125840652511	145.716277922703
958.0078125	79.601953105886	107.176459745385
974.853515625	80.6215409463185	62.3718466326565
991.69921875	81.4536589392575	14.4644290214618
1009.27734375	81.8371841090572	-37.0029190123661
1026.85546875	81.7376187428854	-82.8781566374278
1045.166015625	82.7485796115798	-134.709848635899
1063.4765625	83.2715924232446	173.425585078542
1081.787109375	83.7161647936861	119.776687977519
1100.830078125	84.1039034090239	64.0581896353765
1120.60546875	84.1817736024534	5.49462856596876
1140.380859375	84.1996297955308	-50.9392172711928
1160.15625	84.2614739193744	-108.412880319073
1180.6640625	83.9659396565614	-167.950684919572
1201.171875	83.5418598771708	135.696855116939
1222.412109375	83.4686553258221	78.1286120601409
1243.65234375	83.4365311015266	19.5374355994454
1265.625	83.4819438909005	-35.7762759089709
1287.59765625	84.1333212597909	-96.801124329093
1310.302734375	84.7424605150249	-161.814602236733
1333.0078125	84.7422082723557	132.466526074629
1356.4453125	84.8511527387645	67.1294451952194
1379.8828125	85.0949904039405	0.904704896304044
1404.78515625	85.0266676062958	-70.1652775508811
1428.955078125	84.9484023900621	-136.649780536242
1453.857421875	85.412504280243	153.510463428325
1479.4921875	85.2119099183089	78.2849073375716
1505.859375	84.9266610487815	8.7131244778411
1532.2265625	85.414632643205	-65.112837669787
1558.59375	85.1888826072371	-141.733209850284
1585.693359375	85.087686837472	145.319654580811
1613.525390625	85.6494473693293	68.4989613526762
1642.08984375	85.4367500039417	-14.4947728013023
1670.654296875	85.3831885872039	-91.0591626582356
1699.951171875	85.817691606221	-174.794281260494
1729.98046875	85.4723846933716	99.9667520907482
1760.009765625	85.7605738819502	17.7491753377365
1790.771484375	85.6733182113353	-71.1519882160707
1822.265625	85.2779774529989	-157.987537796641
1854.4921875	85.5306018191239	113.992105912059
1886.71875	85.4810812458215	22.4693583062404
1919.677734375	85.3770073397692	-68.433187403296
1953.369140625	85.316934978379	-162.161288535129
1987.79296875	85.8374568256937	101.558902227815
2022.216796875	85.6480373600756	3.17826001893437
2058.10546875	85.3185427442644	-95.2409788996434
2093.994140625	85.3043776829632	163.082576119478
2130.615234375	85.0387192077107	62.9202448795544
2167.96875	85.1794674470811	-43.9739426710459
2206.0546875	84.5892757394971	-147.473730914707
2244.873046875	84.7030838276791	103.086542828855
2283.69140625	84.2933091019359	-4.13889568227405
2323.974609375	84.4599175700239	-114.578344600262
2364.2578125	84.1521892670635	132.110467797947
2406.005859375	84.0868175859455	16.2918640680049
2447.75390625	83.9055446008658	-101.370936450263
2490.966796875	82.9899207418118	136.540400295569
2534.1796875	81.8679786451112	18.424913565959
2578.857421875	81.4923898551085	-96.5702860830711
2624.267578125	81.7833651255892	143.601001218635
2669.677734375	82.5102691377584	20.6483324305284
2716.552734375	82.595808507512	-111.281960259831
2764.16015625	82.878944564079	117.581499652542
2812.5	82.9293772311757	-17.2194620756095
2861.572265625	82.7920884306559	-152.599383047999
2912.109375	82.5862195175929	68.5318789767831
2962.646484375	82.5934739840316	-71.3677048260129
3014.6484375	83.032814504649	142.242489836188
3067.3828125	82.7459721614021	-7.10795281814814
3120.849609375	81.6277313363314	-158.459500481033
3175.78125	79.5610144612559	53.3192087301292
3231.4453125	79.5252410824012	-85.1632665974265
3287.841796875	80.620149489479	125.42646446687
3345.703125	81.7204258596848	-34.242005104026
3404.296875	82.2728585082683	159.158730709208
3463.623046875	81.6436283747722	-8.3501961498196
3524.4140625	80.8297386812113	-174.913412674673
3585.9375	81.2375655265737	18.1282904242948
3648.193359375	81.4737318913449	-153.528368168331
3712.646484375	80.6080830162635	28.4137632766542
3777.099609375	79.8782773083199	-149.578364619476
3843.75	79.6928662765626	35.8393028161551
3910.400390625	80.5538226218942	-142.917888764721
3979.248046875	81.1474054659122	23.8423970979368
4048.828125	80.6812051416955	-172.17172606766
4119.873046875	80.2753023576393	-6.29659961544998
4191.650390625	80.2481609885729	159.653679993347
4264.892578125	80.2722604130887	-39.9904063559214
4339.599609375	79.9183139435722	112.147828047807
4415.771484375	78.9398232405055	-90.8545700437235
4492.67578125	79.6125871538311	65.4252378263689
4571.044921875	80.7380926746266	-150.344733515331
4651.611328125	81.2200379758648	-16.0454534660508
4732.91015625	80.6149583992865	119.101307628135
4815.673828125	79.7381262006552	-102.902286296927
4899.90234375	80.9194223993428	31.2107449491573
4985.595703125	81.5756036425435	151.940393200051
5072.75390625	81.2252710198175	-88.8944811752306
5161.376953125	81.0132195838223	28.148005069599
5251.46484375	81.4375841644539	140.755118532786
5343.75	80.9388271009866	-114.230252120361
5436.767578125	80.7460931515028	-7.9393993303829
5531.982421875	80.6877150177002	89.8571848782175
5628.662109375	80.4130315940505	-169.246903419369
5727.5390625	80.8052562593775	-82.412394589395
5827.1484375	80.3012138633329	5.40529926831768
5929.6875	80.5887241911646	91.5182412110896
6032.958984375	81.3091658980789	165.199979965908
6138.427734375	80.8884253634937	-121.088383200006
6246.09375	82.1200684199652	-56.2608559729798
6355.224609375	81.8835855742154	-5.11643877110416
6466.552734375	80.2725597771214	55.7118752990602
6579.345703125	81.3866776901775	110.299194119433
6694.3359375	81.5681180046434	152.042299587329
6811.5234375	81.7082426933304	-167.77281133701
6930.908203125	82.0389328965693	-138.864010781875
7051.7578125	81.3513579575398	-110.443509913409
7175.537109375	81.6705258546306	-84.458631726154
7300.78125	82.0914351788588	-68.2592989083489
7428.22265625	82.3458962539436	-60.810918321808
7558.59375	81.6628354924259	-56.4510736011058
7690.4296875	81.3162942066062	-56.5352276245688
7825.1953125	81.7569884911794	-61.0707448150129
7962.158203125	82.3562747263823	-82.4278991743702
8101.318359375	81.6455251910674	-104.689834128058
8242.67578125	81.6816167936091	-130.42408501909
8386.962890625	81.347923658582	-166.036580276359
8533.447265625	81.3381950692423	158.819953838023
8682.861328125	81.3963917614131	108.352745536774
8834.47265625	80.95621206886	57.260892109854
8989.013671875	81.8072526487413	-1.82350074376562
9146.484375	82.2000990250179	-73.086741331022
9306.15234375	82.4998710537201	-156.807646326346
9468.75	82.0915219660375	123.463438270615
9634.27734375	81.5083186823105	25.685836847564
9802.734375	82.3187985042839	-62.9001076300195
9974.12109375	82.9158253798597	-179.533357403729
10149.169921875	83.7289960591817	66.5103468575801
10326.416015625	84.5120784749352	-67.6412412688338
10506.591796875	84.3570250152745	158.952012932034
10690.4296875	84.5839824412591	9.24169234567745
10877.9296875	84.8761343961676	-147.343629146329
11067.626953125	83.5148620311248	55.4287361742432
11260.986328125	84.128202624655	-119.958566212399
11458.0078125	84.1666183167092	63.6699377079632
11658.69140625	83.5833258591072	-129.742852158236
11862.3046875	84.4586118668749	32.7103087465185
12069.580078125	83.7938575950015	-177.110559311662
12281.25	83.5806928439553	-42.2140577632136
12495.849609375	84.3730500792299	92.6130865135516
12714.111328125	84.1877315081278	-150.682739656428
12936.767578125	84.2193763732499	-49.8370090752149
13162.353515625	83.6535602718124	46.5542318317505
13393.06640625	82.47086456828	130.651824803313
13626.708984375	81.6236906414395	-151.889402327499
13865.478515625	80.8670562942137	-90.3318370019801
14107.91015625	79.6453829849792	-36.6583008284026
14354.00390625	78.4139467049012	4.10072115681593
14605.224609375	77.2388927925978	30.7416340695331
14860.83984375	75.7036894519847	51.3144918559016
15120.1171875	73.6089841823596	58.5704513708349
15384.521484375	71.3948345576916	44.5424892952149
15654.052734375	68.2416078891815	27.4467183334765
15927.24609375	63.8677464625264	22.4848698922921
16205.56640625	63.2339025859883	17.462803816133
16489.013671875	66.6588896511333	-27.5877778123971
16777.587890625	66.9421809849108	-111.196067190147
17070.556640625	66.1026433860646	154.275223065215
17369.384765625	64.6998138170987	47.7998593132117
17673.33984375	60.6784256474224	-98.6475170219688
17981.689453125	61.9292720206776	66.1077988785006
18296.630859375	65.9163294077113	-140.531353381404
18615.966796875	66.4917058738057	11.075343905579
18941.89453125	67.3506829422244	169.065310915664
19272.94921875	64.8115537863231	-36.7370876191783
19609.86328125	60.3777741784141	126.629537438589
19952.63671875	59.177767530192	-51.0844055900405
20301.26953125	60.191786729352	103.451068205311
20656.494140625	67.6234751640467	-142.882114276378
21017.578125	70.3819828238695	-73.459623582771
21385.25390625	71.0390530852667	-19.2362664073087
21758.7890625	71.4872691719556	19.849266999602
22138.916015625	69.9793257151191	31.6052207466158
22526.3671875	65.8418757469416	15.7463119076156
22920.41015625	51.7525237694508	-53.3595209254236
23321.044921875	60.1296537964235	137.330621591472
23728.271484375	63.5645911541397	73.773575543123
24143.5546875	63.8853608872596	6.6244466262605
24565.4296875	62.9468683211169	-76.7471936161964
24994.62890625	62.3729230075465	-165.354943344807
25431.884765625	64.2670718213944	70.8885113101951
25876.46484375	63.6302613778249	-92.6721564784337
26329.1015625	58.6048248244305	99.7875745552852
26789.0625	58.4459315370397	-64.2233784187339
27257.8125	58.7908307052563	89.9702518761876
27733.88671875	58.2770282360797	-148.229333510753
28218.75	58.2948781222493	-49.3929815196487
28712.40234375	58.5886022791121	-1.53604489992938
29214.111328125	57.115657304534	47.3794422969588
29724.609375	60.4990441609717	48.7926524780625
30244.62890625	59.534793276482	16.3081637935818
30773.4375	58.3343858895342	-16.027927040869
31311.03515625	58.3970716159004	-60.3941595348928
31858.88671875	58.9031784797066	-139.81660862402
32415.52734375	58.9732069250559	119.069562018284
32982.421875	59.2284117863025	-8.30519114406395
33558.837890625	58.9462556082644	-166.468239046089
34145.5078125	57.7125466325616	10.2012515825556
34742.431640625	56.4974684195541	146.207697084289
35349.609375	48.5821350484707	-32.7986770429862
35967.7734375	54.0785050079065	84.9615175447823
36596.19140625	56.1527391036703	164.453918129882
37236.328125	60.5254036674019	-156.314560652853
37887.451171875	62.3575989980567	-170.90950586224
38549.560546875	61.0252970940176	155.164939572579
39223.388671875	61.0247666455669	101.231771850909
39908.935546875	61.1517118814523	16.6979134682704
40606.93359375	61.3789961485404	-92.8635044030829
41316.650390625	61.3780805944096	118.958308675721
42038.818359375	61.3794302314576	-63.3978518603065
42773.4375	61.3778509922613	80.0660284414746
43521.240234375	61.3785152952233	-172.645994085087];

Data_Format = 'LeveldB_Phase';
Data_Domain = 'Frequency';
Data_AbscUnit = 'Hz';
Data_BaseUnit = 'V';
Data_xScale = 1;
Data_vScale = 1;
