CurveFormat = 6;
TDelayRemovedTRF = -0.00183333333333333;
SourceDesc = 'Fundamental + Total phase';
%[Hz]    dB-[V]    [deg]
Curve = [
19.04296875	72.7371341655456	-25.7849163748285
19.775390625	73.9980961080831	-25.8054897162654
20.5078125	75.3682535698863	-28.6408721615155
21.240234375	76.6698940602034	-33.831228701768
21.97265625	77.8170700380062	-40.6945281837743
22.705078125	78.7809165785346	-48.6309107157823
23.4375	79.5606295543587	-57.1765354399047
24.169921875	80.1682819028182	-65.9795240985991
24.90234375	80.6223620324527	-74.768022141766
25.634765625	80.9455740513383	-83.3283511551172
26.3671875	81.1643910162005	-91.4954849647203
27.099609375	81.3089021472999	-99.1543960217179
27.83203125	81.4118973543448	-106.249091358764
28.564453125	81.5064173756808	-112.793343110162
29.296875	81.621646581815	-118.873914427538
30.029296875	81.7781741903066	-124.637214269221
30.76171875	81.9846723733393	-130.257482850962
31.494140625	82.2378278242958	-135.896337975213
32.2265625	82.5256687049532	-141.670196149767
32.958984375	82.8325878934128	-147.637136419689
33.69140625	83.1438784219338	-153.803188290294
34.423828125	83.4484742035983	-160.139799686487
35.15625	83.739752392756	-166.603262138741
35.888671875	84.014929709727	-173.150144556495
36.62109375	84.2737359085764	-179.746391125341
37.353515625	84.5169448645922	173.629895963794
38.0859375	84.745182094933	166.990666688607
38.818359375	84.9582595407847	160.343092944054
39.55078125	85.1551120890475	153.695399701159
40.283203125	85.3342409757175	147.061303436884
41.015625	85.4944456494491	140.461715965994
41.748046875	85.6355768756681	133.923309503794
42.48046875	85.7590664076308	127.474409542244
43.212890625	85.8680572220551	121.139326438739
43.9453125	85.9670525017727	114.932643551823
45.41015625	86.1547983776698	102.892918574072
46.142578125	86.2510587550678	97.0203522115999
46.875	86.350559697667	91.2067599377499
47.607421875	86.4515661406059	85.4247538622211
48.33984375	86.5505386643521	79.6579171359021
49.8046875	86.7261092048764	68.1821855069927
50.537109375	86.7973224598411	62.5148748954304
51.26953125	86.8576236456333	56.9342792384536
52.734375	86.9608713483796	46.1231370876133
53.466796875	87.015239332922	40.8977226433689
54.19921875	87.0786475875155	35.7624569842983
55.6640625	87.2400041919532	25.5851975765745
56.396484375	87.3329859007002	20.4538695901094
57.12890625	87.4259855002959	15.2572751728496
58.59375	87.5822145811682	4.69655713078081
59.326171875	87.6344275180337	-0.598156220216771
60.791015625	87.6840335940453	-10.9582328104477
61.5234375	87.6915346645752	-15.9323146292947
62.98828125	87.7163583631728	-25.3955716816103
64.453125	87.810051136267	-34.4370108463986
65.185546875	87.8912789159649	-38.9563157397564
66.650390625	88.101911573959	-48.2905634924907
68.115234375	88.3214555168459	-58.1694100644889
68.84765625	88.4154740697827	-63.2815282609335
70.3125	88.5535698141484	-73.6734698462266
71.77734375	88.6288255392014	-84.0669785074393
73.2421875	88.6625701171641	-94.3317329211851
73.974609375	88.6699576081201	-99.4183298620098
75.439453125	88.6691467886407	-109.53860555486
76.904296875	88.6429721482091	-119.604673158742
78.369140625	88.5868440571796	-129.56671171102
79.833984375	88.5064331105911	-139.348522829989
81.298828125	88.4152131673093	-148.924454766101
82.763671875	88.3236309932417	-158.334882845068
84.228515625	88.2330109199565	-167.631519080421
85.693359375	88.1403872902772	-176.824382453201
87.158203125	88.0468572979382	174.107610259899
89.35546875	87.9177856735599	160.727358954026
90.8203125	87.8419069219037	151.890070065218
92.28515625	87.7672182398034	143.088989578379
93.75	87.6882415745763	134.358134941026
95.947265625	87.5701931094131	121.482259076444
97.412109375	87.5019933267933	113.013192266522
98.876953125	87.4389201847193	104.561678134391
101.07421875	87.3241022022528	91.9298664152881
102.5390625	87.2246146948348	83.6847905268441
104.736328125	87.0711145340031	71.7943686128812
106.201171875	86.990028465681	64.1281664988384
108.3984375	86.8999076899374	52.7830909631039
110.595703125	86.8167452218028	41.6213440110835
112.79296875	86.7496320012442	30.8198933933417
114.2578125	86.7313170604605	23.7644170436553
116.455078125	86.7349075853214	13.1909149790424
118.65234375	86.7441281691362	2.64812499090736
120.849609375	86.7667426658685	-7.72277036453578
123.046875	86.8219130358167	-18.0943421826002
125.244140625	86.8738516940179	-28.6597568950772
127.44140625	86.8858863645111	-39.2240703841371
129.638671875	86.8761171855073	-49.5838210260803
131.8359375	86.8600387589384	-59.8273612181809
134.765625	86.8008670568967	-73.2651003589344
136.962890625	86.7501730317636	-82.9809079230547
139.16015625	86.7253993843304	-92.5518207624329
142.08984375	86.6913777719656	-105.317871108741
144.287109375	86.658897589405	-114.690168994984
147.216796875	86.6590719530145	-127.076773998791
149.4140625	86.6623526940369	-136.54435547865
152.34375	86.6306771081854	-149.112261196006
155.2734375	86.6049626745535	-161.563089746487
157.470703125	86.5752525722772	-170.991709702743
160.400390625	86.5032773607458	176.533550041738
163.330078125	86.4199708310854	164.111642247549
166.259765625	86.2807120022333	151.777558132154
169.189453125	86.1288388559813	139.978092209072
172.119140625	86.0180330995886	128.259353535267
175.048828125	85.8775435464155	116.583706346344
178.7109375	85.7311756527741	102.414603665967
181.640625	85.615270232297	90.9269381282248
185.302734375	85.4361371292151	77.0829008865533
188.232421875	85.3536146397466	66.1420177862778
191.89453125	85.240508760139	52.3208368297524
194.82421875	85.1632985735536	41.3155695299688
198.486328125	85.0348285515361	27.3466403718347
202.1484375	84.8761199676116	13.6285564606974
205.810546875	84.6885438605398	-0.143184168484578
209.47265625	84.4594763664828	-13.5559130740249
213.134765625	84.2025644584912	-26.8938846029751
216.796875	83.8981106309455	-39.6303865052007
220.458984375	83.6146358045021	-52.1123039264223
224.853515625	83.2460041957297	-66.2834060449956
228.515625	83.0286899158538	-77.7690277025853
232.91015625	82.8106511417371	-91.361721475729
236.572265625	82.6700777565622	-102.826315179121
240.966796875	82.5490134552779	-116.182838102466
245.361328125	82.5268413288912	-130.282442964765
249.755859375	82.5055740565899	-144.636078043607
254.150390625	82.4749428977977	-160.016791987991
258.544921875	82.3356088994071	-175.686336783125
262.939453125	82.0983350634796	168.204839004023
268.06640625	81.6114608283772	149.603344432032
272.4609375	81.0685575554432	134.234680634687
277.587890625	80.2770092326433	117.694469851796
281.982421875	79.632230924567	104.860051158753
287.109375	79.0022306761559	91.543403303826
292.236328125	78.5585855012845	78.1552920221625
297.36328125	78.279618653023	65.6580444969083
302.490234375	78.1827966702451	52.1768821577797
308.349609375	77.9580872413076	35.2901956832043
313.4765625	77.5380773707681	22.4831105792238
319.3359375	77.5245449234828	8.90192716771229
324.462890625	77.5405469913893	-3.95447401731325
330.322265625	77.6283111740914	-18.6857510439922
336.181640625	77.7965650603773	-33.9367073743375
342.041015625	77.8765846840843	-48.6943395895009
348.6328125	78.0406949347049	-64.1300820408432
354.4921875	78.9479588039904	-78.1695302658783
361.083984375	79.7392841718822	-99.2159852821978
366.943359375	80.1451950338093	-119.541838779404
373.53515625	80.2363542682622	-141.742394219121
380.126953125	80.21151652202	-162.312992466698
386.71875	80.3206388095696	177.924209679115
394.04296875	80.6386238730583	155.569923817008
400.634765625	81.0162584365385	133.673498207635
407.958984375	81.1299994090516	108.364117861556
415.283203125	81.1719279256915	83.2307195996341
422.607421875	81.1078607598804	58.1319204976997
429.931640625	80.9297817801145	33.4530937366044
437.255859375	80.7248400083516	9.49962689482857
445.3125	80.5261462978167	-16.223238475976
452.63671875	80.4127363314435	-39.4595856349843
460.693359375	80.3775571406543	-65.5138458679417
468.75	80.3142702780707	-93.0427807616119
477.5390625	79.9216003724123	-124.151696407459
485.595703125	79.2348808930573	-151.920675269552
494.384765625	78.3458628969938	-179.806703897272
503.173828125	77.7394308677292	153.437092208095
511.962890625	77.2712666141505	125.473403101338
520.751953125	76.7888998472547	95.898210342028
529.541015625	75.9258988913488	64.709126288428
539.0625	74.5697693070821	32.8341369237052
548.583984375	73.1985676155404	4.42354181389474
558.10546875	72.260106490925	-26.8511562399991
568.359375	69.4049171866973	-67.0562051502377
577.880859375	65.3522188539856	-87.9709078126826
588.134765625	61.1724424188713	-94.6164765320425
598.388671875	60.2648805012146	-81.4140154212865
609.375	64.0584826970484	-88.2030407457763
619.62890625	66.4258925053581	-115.402876552233
630.615234375	67.4108999596188	-148.39529346007
641.6015625	67.6149568792398	-178.589894062776
653.3203125	67.8919557838984	152.05988605559
665.0390625	68.6013794861959	122.32709653728
676.025390625	69.644254127872	91.5786727166867
688.4765625	70.2176937829589	51.2884556741393
700.1953125	70.0007574831015	14.2723950219434
712.646484375	69.433918718042	-20.1246681386009
725.09765625	69.0693288685163	-50.3068349293389
738.28125	69.3543444702145	-80.3988415171944
750.732421875	70.1957311363254	-113.249713167912
763.916015625	70.3447755956587	-152.367171152414
777.83203125	69.8766198124187	169.80449642096
791.015625	69.261692947013	139.485789804934
804.931640625	70.9574750283498	111.128952259123
818.84765625	72.7553055435879	71.7085241830621
833.49609375	73.9110429974876	23.1770557505422
848.14453125	74.1804301630917	-23.1147013269238
862.79296875	74.3329017552333	-67.2130289800558
878.173828125	74.3982325438925	-111.925990336253
893.5546875	74.9618917062516	-155.80806149565
909.66796875	75.3773716650348	151.816272442922
925.048828125	74.8666625536904	101.551639396064
941.89453125	73.8814266348286	53.4144052506434
958.0078125	73.8921084826691	8.86214353860043
974.853515625	73.4878228236349	-39.8452549232991
991.69921875	73.251995658076	-86.3955738551586
1009.27734375	72.3462020034735	-137.207201623568
1026.85546875	70.8249756619316	-172.288645140296
1045.166015625	73.0991672294152	141.235205514379
1063.4765625	73.6532384527512	88.1688147741725
1081.787109375	73.8673262850308	36.2300431005375
1100.830078125	74.3613279948038	-12.3763136174917
1120.60546875	76.0886053769318	-67.2124963447473
1140.380859375	77.1583699235575	-131.227157778193
1160.15625	77.1185688078882	165.612308133705
1180.6640625	76.8748389038471	103.980757775804
1201.171875	76.934095862206	43.9635249176171
1222.412109375	77.0358738281546	-21.5903917573064
1243.65234375	76.364290110575	-86.2474586208826
1265.625	75.5923869608287	-142.969353022277
1287.59765625	75.9497384977889	150.759295779635
1310.302734375	75.1483576882344	85.6071491507268
1333.0078125	75.0304251798559	26.8169955412973
1356.4453125	75.8413925085014	-39.0625551494952
1379.8828125	75.8888182020157	-109.466045397991
1404.78515625	75.2003863052244	-178.580555369486
1428.955078125	75.9733214781321	116.729733987732
1453.857421875	76.7194470770116	39.6509099671521
1479.4921875	75.909810532184	-37.4471526128367
1505.859375	76.2100001707329	-110.528060466986
1532.2265625	75.8215410415092	168.109106772639
1558.59375	74.5977447381167	92.1783214219234
1585.693359375	74.6537178383859	22.6825089280314
1613.525390625	74.7651527301863	-64.0970455694436
1642.08984375	72.8383746505394	-138.625011921431
1670.654296875	73.9865659921985	149.840586737054
1699.951171875	74.1276082976228	58.9179202486672
1729.98046875	73.5641423943238	-15.5331899852318
1760.009765625	75.0445535538085	-103.241457577058
1790.771484375	74.8869220168895	165.758610892051
1822.265625	75.1864712311619	74.092179830202
1854.4921875	74.5126404671777	-20.5558570579791
1886.71875	73.6436588522228	-104.678540523664
1919.677734375	74.967661923202	161.147688475946
1953.369140625	74.5615829885301	62.5510853474393
1987.79296875	75.5163248936928	-31.9542446139553
2022.216796875	76.2165561543643	-137.800556553729
2058.10546875	75.6266199975934	112.0751108453
2093.994140625	74.8204862368198	0.329207800092981
2130.615234375	72.1527999311666	-105.41790247064
2167.96875	71.077930421926	160.1863512787
2206.0546875	71.4789599460749	58.8913356995621
2244.873046875	71.2713042872568	-59.160018825592
2283.69140625	70.6150387380141	-166.108138854078
2323.974609375	69.4129529411531	80.4520798488476
2364.2578125	69.4194560169114	-27.0442264974716
2406.005859375	68.2948193275839	-146.111316019371
2447.75390625	69.1083429544081	102.257363160698
2490.966796875	67.7421330955217	-20.8799110276327
2534.1796875	67.0377854777403	-133.502706334636
2578.857421875	68.5048358862759	107.749081773838
2624.267578125	68.1747114858511	-29.6978267117703
2669.677734375	66.5701181156972	-158.239207241347
2716.552734375	65.708780641786	93.9468821866146
2764.16015625	69.1719394534279	-32.9515538851946
2812.5	71.1249979757159	172.201991321302
2861.572265625	70.0578233424789	17.7562795345466
2912.109375	67.5541786454447	-126.65685948198
2962.646484375	65.4368035403256	90.981218292725
3014.6484375	64.9885822193431	-40.9987972221211
3067.3828125	63.3033133683961	-170.405043063132
3120.849609375	65.7159126757823	32.8019862841257
3175.78125	67.0214539045239	-124.852454842707
3231.4453125	64.7879758920006	76.2390088385826
3287.841796875	62.2354727023032	-68.3294169138284
3345.703125	66.2587267464753	132.838053212496
3404.296875	64.6153565382045	-33.9651919706397
3463.623046875	64.6473501279501	168.689900093952
3524.4140625	65.9411339783625	-16.8709499700281
3585.9375	64.5157516071844	-179.867562232985
3648.193359375	63.1031410945783	21.4330265836066
3712.646484375	65.4107866323908	-174.203860507505
3777.099609375	65.6654552766964	7.02345296496969
3843.75	63.0010215612715	177.527289268061
3910.400390625	63.754491529476	3.56109626227316
3979.248046875	63.7852626078614	-178.263493238874
4048.828125	66.535909287795	-23.8270014803649
4119.873046875	63.8339111637906	117.984884614109
4191.650390625	60.2453355089376	-80.1214826286665
4264.892578125	61.1445138829305	114.447078471379
4339.599609375	64.9940250774908	-88.1028672614788
4415.771484375	67.0952258035443	38.2972539720831
4492.67578125	63.9356064615486	168.480960487939
4571.044921875	63.4525402154045	-25.4120682898966
4651.611328125	66.9381211197835	110.80517512182
4732.91015625	67.9575869503794	-132.943922066026
4815.673828125	64.3235631418406	-27.9030221801116
4899.90234375	62.1630285459351	133.502359035407
4985.595703125	67.4676507214866	-116.623016595926
5072.75390625	65.3532137651895	-12.4214662128372
5161.376953125	62.7194787546715	95.1017724127661
5251.46484375	66.7271238320185	-146.638897771114
5343.75	66.6152504259459	-57.6658893687728
5436.767578125	59.9552205375451	35.5660192544134
5531.982421875	61.6845335945284	159.243498371012
5628.662109375	63.6913444811886	-118.891371409216
5727.5390625	62.6809221924453	-60.5281712942087
5827.1484375	63.396549146205	24.6423526584923
5929.6875	62.1516927566779	126.603463034913
6032.958984375	63.9650751874874	171.597148200471
6138.427734375	58.3145596651555	-123.197461109103
6246.09375	59.6741335057069	-44.1066010545087
6355.224609375	61.3179233726621	-8.26016854330148
6466.552734375	54.8946299572162	15.2955050627853
6579.345703125	55.090035052616	88.275651958389
6694.3359375	58.4403893020953	106.426152815284
6811.5234375	42.0815153223745	12.7833752846521
6930.908203125	57.0623796977474	-169.654350697828
7051.7578125	37.6583316545374	-75.344839101955
7175.537109375	56.3401757844762	-25.085657671757
7300.78125	47.4275080363222	75.4440849760901
7428.22265625	46.8147568557641	3.30008778681392
7558.59375	54.9063533579085	-9.55712709347195
7690.4296875	52.6925459026018	11.5513915815669
7825.1953125	49.5115713727512	-11.7896893975787
7962.158203125	54.2985807528715	-36.6931524726618
8101.318359375	56.5253047978958	-53.6499646833351
8242.67578125	60.8299134474578	-92.7456933432996
8386.962890625	63.2238714385183	-124.464511493897
8533.447265625	61.1068737335657	169.973307524129
8682.861328125	64.464884120298	120.43598622398
8834.47265625	66.785257033286	50.2876325899633
8989.013671875	65.5580493644442	-17.4099024131058
9146.484375	67.7996834959802	-112.918594959666
9306.15234375	68.9737090932356	156.236312352757
9468.75	68.5861887820081	61.7268211215713
9634.27734375	67.8007944172513	-54.3350221901333
9802.734375	69.7415426975948	-166.079254669466
9974.12109375	67.3557256243277	68.6484594882887
10149.169921875	68.653161925541	-67.0838067402631
10326.416015625	67.3418845041711	153.450500609687
10506.591796875	67.737744579169	4.25739881852555
10690.4296875	67.5448168796733	-145.28084772158
10877.9296875	65.9896871626579	54.3861500979736
11067.626953125	66.2537722022195	-127.765874946094
11260.986328125	65.9130576013858	53.1442549131893
11458.0078125	64.2628200738584	-148.975210462361
11658.69140625	64.8908529163287	15.0249111013783
11862.3046875	62.8867428862747	153.287394020755
12069.580078125	63.4465803541334	-60.4418323966782
12281.25	59.7210484698145	76.3960409612234
12495.849609375	58.581673513831	-172.831652986543
12714.111328125	60.2015224302234	-49.1984572445241
12936.767578125	59.6677655565748	56.8948114339604
13162.353515625	58.6329066496598	132.283079866596
13393.06640625	57.5874985845844	-146.882302939647
13626.708984375	57.6993207901047	-79.3085962418839
13865.478515625	57.7410701587068	-33.7070966720969
14107.91015625	56.396280327359	-2.87541371868412
14354.00390625	56.2008313818679	7.90164721395763
14605.224609375	52.6446742258142	7.88468458596139
14860.83984375	50.8367889197308	-1.90123355427099
15120.1171875	45.4148936974486	-4.56508481709373
15384.521484375	46.3069873349738	-83.1478979440779
15654.052734375	44.507994101865	-101.140044264502
15927.24609375	49.5122947053484	165.007940684474
16205.56640625	48.5374275402676	93.2912544692568
16489.013671875	51.5846851957344	-1.94833484215349
16777.587890625	47.295566111828	-84.5768602601586
17070.556640625	48.5329053485854	171.920162099476
17369.384765625	44.6820341836603	33.3662634591503
17673.33984375	44.387982769036	-139.080977510444
17981.689453125	37.3314549023119	10.7327189144259
18296.630859375	39.9479201205673	68.6638225862427
18615.966796875	46.6672847951165	69.667151128181
18941.89453125	44.5936640683729	99.2122043719947
19272.94921875	51.7002509357382	-93.0190016940008
19609.86328125	52.5049280112755	39.0927656776697
19952.63671875	54.8033831503008	126.710711646906
20301.26953125	55.3369591758632	-154.619643017981
20656.494140625	55.3889362916177	-84.3475282764837
21017.578125	50.9003827603216	-32.8342213771167
21385.25390625	48.741251822889	33.0128991115912
21758.7890625	48.1243049031535	47.2766217394274
22138.916015625	41.8045171578018	38.0421304450229
22526.3671875	38.9200241370753	118.998930281794
22920.41015625	40.1098304474003	67.1740964392293
23321.044921875	32.1831034211085	108.188547398089
23728.271484375	40.3147387350033	21.7349147443813
24143.5546875	43.2754625027671	163.779805953606
24565.4296875	32.0207676079102	-54.3391967207474
24994.62890625	30.6020972245437	119.179028701361
25431.884765625	30.796019081364	77.7292176047571
25876.46484375	36.8166811873524	-128.084307340539
26329.1015625	35.6796331369614	-101.585246199476
26789.0625	36.8362753137648	104.267600451163
27257.8125	27.0826774288594	105.366295921221
27733.88671875	30.8893283059847	114.078021312796
28218.75	29.1778959015408	17.7877582360214
28712.40234375	25.0594665170179	52.8373806851079
29214.111328125	31.400076432099	172.361518156487
29724.609375	29.9799946769122	55.8576889593619
30244.62890625	28.9359259472588	-115.461787641738
30773.4375	28.2377149529958	139.903077213918
31311.03515625	28.6686487409571	-81.4558249408507
31858.88671875	24.4259080727652	-170.071835609462
32415.52734375	25.4324391429425	-163.010487806433
32982.421875	27.1214703397932	-143.624649040284
33558.837890625	25.0451219461109	-162.702024024887
34145.5078125	24.8791669548825	-34.6671925248362
34742.431640625	25.1500857695311	-86.0496557710329
35349.609375	25.0507308282023	-131.009473371305
35967.7734375	26.7355212357718	65.9678307628536
36596.19140625	30.8911950504903	-150.423635804147
37236.328125	28.777612313361	-108.700091206405
37887.451171875	26.6050449632262	19.5203841240601
38549.560546875	28.2123998287581	135.606647882967
39223.388671875	30.6617843623809	-83.437323083198
39908.935546875	27.5690502923444	-57.1278885309741
40606.93359375	28.0881801859109	144.160397910364
41316.650390625	28.1081116200861	-59.7397398416962
42038.818359375	28.1118855688091	60.8052282117843
42773.4375	28.0807602251568	146.454129664758
43521.240234375	28.0758855397521	-165.026652778966];

Data_Format = 'LeveldB_Phase';
Data_Domain = 'Frequency';
Data_AbscUnit = 'Hz';
Data_BaseUnit = 'V';
Data_xScale = 1;
Data_vScale = 1;
