CurveFormat = 6;
TDelayRemovedTRF = -0.00183333333333333;
SourceDesc = 'Fundamental + Total phase';
%[Hz]    dB-[V]    [deg]
Curve = [
19.04296875	72.1516663151252	-27.7334084070198
19.775390625	73.4374329357791	-27.67657203623
20.5078125	74.8319160437323	-30.5485065679884
21.240234375	76.1509167607594	-35.8455429040879
21.97265625	77.3077669701929	-42.8479945652671
22.705078125	78.2748467689402	-50.9339595627265
23.4375	79.052857435109	-59.627938860209
24.169921875	79.6552229399131	-68.5718417037472
24.90234375	80.1016387127588	-77.4905285013184
25.634765625	80.415957213412	-86.1691643970131
26.3671875	80.6257768209162	-94.4439112410464
27.099609375	80.762210524461	-102.203957472533
27.83203125	80.8587394909074	-109.401028045596
28.564453125	80.9484095264039	-116.059452466925
29.296875	81.0594063680086	-122.276822295634
30.029296875	81.2102948011754	-128.206493408408
30.76171875	81.4071317164893	-134.021943709765
31.494140625	81.6441403531076	-139.875135495665
32.2265625	81.9077009802478	-145.866021726777
32.958984375	82.1816708924407	-152.033201394349
33.69140625	82.4518590616166	-158.363637342605
34.423828125	82.7085365569126	-164.812239248216
35.15625	82.9469966365956	-171.322301846268
35.888671875	83.166744072543	-177.841399852874
36.62109375	83.3699767541868	175.669329297763
37.353515625	83.5599231971328	169.232571753982
38.0859375	83.7394799002126	162.857742997324
38.818359375	83.9104582762281	156.547332718251
39.55078125	84.0735658048931	150.303979410595
40.283203125	84.2290222332421	144.135572770112
41.015625	84.3775156297843	138.056475825045
41.748046875	84.5211008888944	132.084296775826
42.48046875	84.6636561784969	126.233097802334
43.212890625	84.810627504767	120.505182106811
43.9453125	84.9679943875824	114.884432465787
45.41015625	85.3307873015286	103.802070248976
46.142578125	85.536609545311	98.2299628092999
46.875	85.7523721973254	92.5684137794797
47.607421875	85.9693352739978	86.7886286658267
48.33984375	86.1776008931678	80.8896648288886
49.8046875	86.534763173755	68.8659312005777
50.537109375	86.6749814357164	62.8535054720809
51.26953125	86.7908483541733	56.9244514661027
52.734375	86.9769555998791	45.4948662612584
53.466796875	87.0664009785554	40.016487065361
54.19921875	87.1655739378094	34.6572975404355
55.6640625	87.408132746339	24.04032745402
56.396484375	87.5459502424109	18.6486488663543
57.12890625	87.6836157457544	13.1425965124771
58.59375	87.9152477331801	1.80255140203369
59.326171875	87.9917816069248	-3.94579071513276
60.791015625	88.0523870239966	-15.2475921368562
61.5234375	88.0454763794163	-20.6589265107652
62.98828125	88.0097828276189	-30.8006977758328
64.453125	88.0272760607287	-40.1630988959033
65.185546875	88.075950926757	-44.7185990911471
66.650390625	88.2459371049068	-53.9879957137302
68.115234375	88.4546342077931	-63.7742079151031
68.84765625	88.5492866843866	-68.8615152829385
70.3125	88.6904232809227	-79.2416901812468
71.77734375	88.7653571761713	-89.620732340635
73.2421875	88.7983454948724	-99.8146200939342
73.974609375	88.8075267747869	-104.842030443797
75.439453125	88.8175634919858	-114.81813179945
76.904296875	88.8107162477445	-124.739396303739
78.369140625	88.7776607402844	-134.569167751398
79.833984375	88.7213808274165	-144.212967261217
81.298828125	88.6575837685957	-153.629356695787
82.763671875	88.6002736507401	-162.876603585437
84.228515625	88.5494973565606	-172.048758136612
85.693359375	88.4945504850187	178.821133903982
87.158203125	88.4276401172638	169.783761164068
89.35546875	88.3150340206322	156.54189803687
90.8203125	88.2468508099578	147.927082909277
92.28515625	88.1898635210616	139.428629610433
93.75	88.142253683273	131.011687164557
95.947265625	88.0855589547888	118.513664730974
97.412109375	88.0570176094906	110.229961463881
98.876953125	88.0290867160887	101.942646623085
101.07421875	87.9627543536733	89.5485269733916
102.5390625	87.8947920067865	81.4411865655728
104.736328125	87.7824026703452	69.7008033497101
106.201171875	87.7210355502234	62.1143966810946
108.3984375	87.6514345538104	50.9040409843147
110.595703125	87.5854236929127	39.8818595988258
112.79296875	87.529625891339	29.1742113880144
114.2578125	87.5108168844929	22.1642100914182
116.455078125	87.5016110487548	11.6897624280095
118.65234375	87.4926678141508	1.30560267501206
120.849609375	87.4971099450301	-8.89093072664659
123.046875	87.5282882967397	-19.1011205003473
125.244140625	87.5444542739803	-29.4711258345678
127.44140625	87.5145311785195	-39.7287400232125
129.638671875	87.4734879908232	-49.6554584698222
131.8359375	87.4502126783882	-59.4423283431465
134.765625	87.4040953007563	-72.4611981818971
136.962890625	87.353108642998	-82.0053629398295
139.16015625	87.3131410573822	-91.3977186101367
142.08984375	87.2583169802185	-103.865919553228
144.287109375	87.2097406686422	-113.063935009196
147.216796875	87.1630676604396	-125.205955860588
149.4140625	87.1243779662412	-134.325518935359
152.34375	87.066521973102	-146.31795321377
155.2734375	87.0307167133647	-158.334200379093
157.470703125	86.9824465819568	-167.459013299757
160.400390625	86.8877989428891	-179.427769453318
163.330078125	86.7980663479486	168.656411652515
166.259765625	86.6594478865668	156.779980279938
169.189453125	86.5165958035316	145.355015460799
172.119140625	86.4057447006087	133.872421022324
175.048828125	86.245830138308	122.415814110913
178.7109375	86.0589055141752	108.550362018796
181.640625	85.8975651057553	97.3802257151397
185.302734375	85.6643251627928	84.0002378678864
188.232421875	85.5241372767321	73.4383202290003
191.89453125	85.3305194641788	60.3335017591605
194.82421875	85.2034787332417	50.0040668326591
198.486328125	85.0210761281824	36.9983763629499
202.1484375	84.8345670588562	24.3312259139085
205.810546875	84.6317532361987	11.7183890721137
209.47265625	84.4388188570703	-0.44540453797527
213.134765625	84.2481729821634	-12.6884939042659
216.796875	84.0391395390489	-24.4228122038955
220.458984375	83.8660120178929	-36.0599162965078
224.853515625	83.6773220716799	-49.471061156116
228.515625	83.5956858422391	-60.7813181957703
232.91015625	83.5026287024602	-74.3812917760813
236.572265625	83.4321245149772	-85.9025184364986
240.966796875	83.3656368193542	-99.6370359167785
245.361328125	83.2778446634409	-113.875129033254
249.755859375	83.1571156819892	-128.055254135582
254.150390625	82.9746413153833	-142.412920287527
258.544921875	82.7322935811196	-156.821164380893
262.939453125	82.3260821298415	-170.669637213116
268.06640625	81.8660018071451	174.750114421481
272.4609375	81.5687153117871	163.106544049146
277.587890625	81.3862206008547	150.047268288454
281.982421875	81.3629368044138	138.585532923994
287.109375	81.448657511487	124.906485113871
292.236328125	81.5856447037923	110.264068205693
297.36328125	81.5897297374475	94.6272463871065
302.490234375	81.4905526704165	80.5253765371184
308.349609375	81.4623153972341	65.0829992455072
313.4765625	81.7526583929834	52.454054822267
319.3359375	82.2449671187507	35.475986392216
324.462890625	82.5660007665933	20.2825386355096
330.322265625	82.9554753654405	1.86934001260413
336.181640625	83.1183925204503	-16.8794748864364
342.041015625	83.2349213409901	-34.3464400515704
348.6328125	83.5425285159317	-52.5674143448277
354.4921875	84.2391241805799	-70.0505063584011
361.083984375	85.0556613069344	-94.3055360137761
366.943359375	85.0864965730283	-117.726293257068
373.53515625	84.7828152795109	-141.031789717992
380.126953125	84.5872905748996	-162.426003755707
386.71875	84.5507641577093	176.013795029561
394.04296875	84.5064570091845	151.113756423213
400.634765625	84.3603686913341	127.989301267248
407.958984375	84.0265228822919	103.087357617704
415.283203125	83.68098453351	77.4896027286971
422.607421875	83.0323722863996	52.0053716832208
429.931640625	82.1467081803486	28.4250503476283
437.255859375	81.3089774007259	7.29000769690244
445.3125	80.5753489087015	-14.5284332770888
452.63671875	80.0705517361189	-33.7310421363657
460.693359375	79.6635349465718	-54.5811619597724
468.75	79.435866952724	-75.6840862827157
477.5390625	79.1643836729878	-99.738447485742
485.595703125	78.7386403784267	-121.305871562511
494.384765625	78.384339568472	-142.663596908829
503.173828125	78.4353498276779	-163.40018183574
511.962890625	78.7994751136048	173.827283123255
520.751953125	79.1184989699455	149.072080476572
529.541015625	79.3490173476138	123.721749200872
539.0625	79.4429358074626	95.7140950965704
548.583984375	79.6722744050933	67.3788807794723
558.10546875	79.5938052411479	39.3352616142468
568.359375	79.8071928831989	11.0917783796909
577.880859375	79.9811494693786	-17.6719390917552
588.134765625	80.1030069708006	-47.654994574876
598.388671875	80.3083392517788	-78.0473626487558
609.375	80.5361278954093	-111.570606812591
619.62890625	80.6722291419551	-144.154421013633
630.615234375	80.5113697414566	-179.995144224185
641.6015625	80.0845283112298	144.7007409012
653.3203125	79.4812273014961	108.880685969559
665.0390625	78.9221634810644	74.8104033790968
676.025390625	78.5904591934355	43.3414333400244
688.4765625	78.4065127540764	7.3062814498186
700.1953125	78.1703085235856	-27.3694398543868
712.646484375	77.8680232440398	-65.3170645637573
725.09765625	77.0803188388489	-102.82238333348
738.28125	76.1527712047621	-137.97353673664
750.732421875	75.8704703932758	-170.377267082877
763.916015625	75.5812206899084	153.672724001395
777.83203125	75.4848894354277	116.643241979732
791.015625	75.7375601872126	79.0466138541438
804.931640625	75.4896759310039	34.0322845339442
818.84765625	74.3449219894928	-4.00719974581875
833.49609375	74.3139769098559	-39.9590418284051
848.14453125	74.6301350360512	-81.3328974780431
862.79296875	74.4472098623478	-125.772600845305
878.173828125	73.4931834225595	-170.679403207014
893.5546875	72.4765762455559	150.716510228331
909.66796875	72.7727819282579	113.563039628097
925.048828125	73.5256196353373	68.88429134954
941.89453125	73.5810952934211	16.6906240547687
958.0078125	72.5936871582202	-32.2729265280755
974.853515625	71.384829542146	-70.0550407187898
991.69921875	72.5812310079762	-107.815907804279
1009.27734375	74.0389331029196	-160.849487895959
1026.85546875	74.309133779717	138.338222955855
1045.166015625	72.4126114701905	84.1998270278262
1063.4765625	72.102952568671	39.4949647490364
1081.787109375	72.8630308160824	-10.506012665811
1100.830078125	73.1046023522876	-70.9039822088969
1120.60546875	71.6343413499574	-128.179178387815
1140.380859375	71.2997969990562	-176.044318364129
1160.15625	71.8633408296638	130.287313120577
1180.6640625	72.0788150114713	69.5907378116181
1201.171875	71.8118017813788	11.4748191743517
1222.412109375	72.6296679175408	-46.0188463339353
1243.65234375	73.3110793977857	-118.235598310839
1265.625	70.7776583808729	169.296282734745
1287.59765625	69.7936315210043	117.928452133041
1310.302734375	69.8802422320611	50.02453690101
1333.0078125	67.6728929205996	-16.403408234278
1356.4453125	66.177999015158	-61.8162617010102
1379.8828125	68.5971019421948	-116.83198434601
1404.78515625	69.7393287449576	163.795186118241
1428.955078125	68.8637869098677	88.2563522137994
1453.857421875	67.8576284521019	17.5932089790856
1479.4921875	67.7300658953148	-49.577887061004
1505.859375	66.8667664984537	-134.84348708928
1532.2265625	62.5346181543055	157.197308820334
1558.59375	62.7916310078185	120.35776030525
1585.693359375	65.4121688602679	45.5577044740204
1613.525390625	67.148363876987	-28.8523652910066
1642.08984375	67.861639543822	-118.09001940241
1670.654296875	67.3729165843487	162.917602349805
1699.951171875	68.1317864176691	78.8201219098859
1729.98046875	66.8498291495374	-15.7269461903311
1760.009765625	64.8306379528884	-77.647098420761
1790.771484375	68.0951595800335	-160.703089935965
1822.265625	67.6169273200017	107.998550323165
1854.4921875	69.6768760169105	17.504485587087
1886.71875	70.2906788822506	-84.5471600329043
1919.677734375	68.376874153935	173.567708248786
1953.369140625	67.1555998436517	74.6381506783317
1987.79296875	63.9034102328982	5.93577647610667
2022.216796875	67.8993097850564	-83.056780602209
2058.10546875	69.7764444560526	164.534723705663
2093.994140625	70.4150730031943	51.6031199135005
2130.615234375	67.7401553960548	-68.384242121616
2167.96875	65.7662871650248	-169.878985735912
2206.0546875	62.0626764380943	96.6493772964296
2244.873046875	65.2459071915018	14.9554059280098
2283.69140625	64.8283389008481	-98.1296597556941
2323.974609375	67.1954830634599	143.145975251395
2364.2578125	64.7162579700505	20.4553321680257
2406.005859375	65.7106690943106	-78.323566873021
2447.75390625	64.055490677024	171.078269879557
2490.966796875	66.8577648817317	54.2106907839834
2534.1796875	66.852169288189	-78.4761235067246
2578.857421875	66.4164269941744	151.936204630942
2624.267578125	65.5113810150491	38.9984401595989
2669.677734375	66.122957888743	-94.7017830910201
2716.552734375	67.1892165229949	145.475407435071
2764.16015625	67.5363223188403	1.9499460083889
2812.5	66.3146016710916	-133.03507205563
2861.572265625	67.7254494203469	90.9528960656565
2912.109375	67.500515046838	-49.3389109491873
2962.646484375	68.5542294220554	160.199767847134
3014.6484375	67.8856096326172	2.51928907331424
3067.3828125	66.179714357396	-138.696268594439
3120.849609375	66.9995919695737	74.0830779536289
3175.78125	65.6521629667854	-80.2044000004209
3231.4453125	66.230380371545	123.088866947303
3287.841796875	64.754747595424	-39.7135185550248
3345.703125	63.9245030927615	172.327105959005
3404.296875	64.270687990375	3.3359108353845
3463.623046875	66.0228476019706	-163.051195457005
3524.4140625	63.1087721699185	26.8175964634112
3585.9375	62.6785261453408	-158.582158201274
3648.193359375	61.1412292088023	47.9546070410976
3712.646484375	60.6919760923357	-132.291069657466
3777.099609375	61.7643090216589	70.804950439381
3843.75	59.6870946512874	-111.881108233189
3910.400390625	61.8584305429909	56.9957941293134
3979.248046875	63.2375249025049	-136.052541495644
4048.828125	62.5112935020193	32.6710194879519
4119.873046875	64.5361745573833	-165.51064913202
4191.650390625	64.8971917605892	-4.48625094075226
4264.892578125	60.635896542338	132.604080089303
4339.599609375	63.461522858668	-50.2040235066529
4415.771484375	62.6800681740394	90.0765877269011
4492.67578125	62.6246489557687	-133.17497223899
4571.044921875	61.2269692323815	-0.762989408459799
4651.611328125	60.8822289241579	156.023317082227
4732.91015625	62.526751578422	-93.2638855352581
4815.673828125	52.8659876346505	27.2263709975257
4899.90234375	54.2999396085368	-154.497323335749
4985.595703125	61.9471910972599	-40.786997874471
5072.75390625	50.5065316278065	124.052352868298
5161.376953125	61.2450352794125	-131.612089923873
5251.46484375	58.5717009768968	-37.190961521716
5343.75	60.8588461136587	73.4601467805467
5436.767578125	62.6136400989083	159.84777626519
5531.982421875	61.5675877866872	-81.6848123219517
5628.662109375	64.6414647442941	-2.82319975840808
5727.5390625	59.7438010063761	105.119956873114
5827.1484375	61.6627393667952	179.680842930458
5929.6875	62.7247306023866	-124.089681557993
6032.958984375	58.4976474329385	-17.7790172575054
6138.427734375	63.5688822956876	43.1432316156229
6246.09375	60.3872455737676	93.4390355647652
6355.224609375	64.7382489629141	156.614673453295
6466.552734375	63.549637446958	-167.601287822433
6579.345703125	62.6418540386864	-123.158261714687
6694.3359375	66.0668986559915	-79.766359038927
6811.5234375	63.5764298411349	-55.6777785553987
6930.908203125	65.8468171478703	-27.3417133934592
7051.7578125	62.1298918617074	-13.1965741403364
7175.537109375	64.3390787597483	15.0926631388372
7300.78125	62.7813474900559	37.7145678287547
7428.22265625	63.0180077613246	38.2224465429264
7558.59375	60.4020194044018	42.1459452673213
7690.4296875	64.7513211232176	27.857862337074
7825.1953125	63.9125549611209	32.53114811686
7962.158203125	64.2103121302261	-6.59398265520777
8101.318359375	63.8304111872959	-21.5832287876271
8242.67578125	63.4449986796896	-58.6112346495413
8386.962890625	64.0990111627602	-90.6529824153668
8533.447265625	62.5981931528633	-138.445399072121
8682.861328125	64.3533928345071	174.582719354376
8834.47265625	64.6467161233923	103.441437595385
8989.013671875	65.374488547425	42.1345093405954
9146.484375	65.3073620812022	-43.9164558952314
9306.15234375	63.9347776361011	-139.250570593986
9468.75	65.5931446830678	140.380975581979
9634.27734375	65.7588008940023	35.1538547563599
9802.734375	66.9165953910746	-80.3673123000434
9974.12109375	67.0802196030836	164.826777024096
10149.169921875	66.5713465887723	37.2886108602666
10326.416015625	66.3998223926498	-110.207701232862
10506.591796875	66.0821915370509	94.50494405684
10690.4296875	63.6587206312857	-54.590496171335
10877.9296875	61.9621963469836	132.76990871875
11067.626953125	61.4106067045869	-41.5029018246444
11260.986328125	60.9695765022864	129.442367644257
11458.0078125	57.3443270912601	-55.0302578578144
11658.69140625	54.9848252820151	117.525285141709
11862.3046875	50.8813661925966	-104.348040280195
12069.580078125	41.3549601276682	84.853511427072
12281.25	50.667790213418	10.2850617470085
12495.849609375	44.1722107028961	96.0996344188443
12714.111328125	48.6348436296972	-6.3829073676977
12936.767578125	51.3162865697024	-79.5626274716911
13162.353515625	45.3007223096987	11.1003706091115
13393.06640625	46.9467742743007	102.865045073868
13626.708984375	49.612301689633	76.9216782381103
13865.478515625	49.7118809415733	-101.860383043839
14107.91015625	51.0357421870941	-68.6768647778123
14354.00390625	49.6149116858436	-24.7283577121811
14605.224609375	49.1806518633846	-6.92658014649486
14860.83984375	49.5175882278512	18.2489871426473
15120.1171875	49.124220670107	11.5807074542399
15384.521484375	46.6860912198515	0.0991593353609951
15654.052734375	43.7943908922479	-23.0485368168201
15927.24609375	45.9784724232948	-29.3894688950551
16205.56640625	47.8297743601646	-60.9266105965456
16489.013671875	49.6112622804707	-135.067037000328
16777.587890625	50.0666947001232	129.208775092296
17070.556640625	50.080488048027	27.2470268499486
17369.384765625	47.9161270324305	-68.1292860085998
17673.33984375	49.6178693462667	-167.44949933424
17981.689453125	52.806889225196	48.0894260525202
18296.630859375	51.8028359055279	-115.199880703944
18615.966796875	51.0455326491423	53.6605317913639
18941.89453125	48.9403496043656	-153.271600717672
19272.94921875	41.4453628419419	64.6111037120078
19609.86328125	45.5220939282518	-92.4201087352463
19952.63671875	49.6672714339285	17.6071345628203
20301.26953125	49.3228564863388	103.419956401036
20656.494140625	49.1599982487653	-173.022099258986
21017.578125	49.4303350037545	-115.735742396708
21385.25390625	44.1333373474571	-68.1956058970168
21758.7890625	40.0479364968436	37.1991764642966
22138.916015625	45.6118932580193	66.343496186681
22526.3671875	47.5921781154436	51.8187923962117
22920.41015625	46.4499216982745	10.4742489368426
23321.044921875	41.1468151332253	-44.1264652222496
23728.271484375	32.9114043643241	-87.035406581585
24143.5546875	35.6676459150082	74.7611466560323
24565.4296875	36.5838761467821	139.674510165091
24994.62890625	34.834658601988	-143.464656788472
25431.884765625	33.713791108272	-81.5569446559667
25876.46484375	34.4123490757206	5.08184110993668
26329.1015625	34.805185970386	18.2514587608788
26789.0625	31.6668023234292	-59.2011241807954
27257.8125	28.6762526768751	-139.293156844224
27733.88671875	29.8573469961054	43.496223199659
28218.75	31.3440106420995	-102.299728567228
28712.40234375	28.7976248908946	66.3901706161339
29214.111328125	23.1859015623363	114.188850093706
29724.609375	24.822663388906	-162.418609852117
30244.62890625	23.0459929262107	-60.0762618278475
30773.4375	24.448360505177	177.805318794544
31311.03515625	26.170841984734	149.129640467351
31858.88671875	28.115536839141	48.4621738437136
32415.52734375	28.0976122672951	77.5599481667178
32982.421875	27.6626785153729	83.8044785952644
33558.837890625	25.6937438214385	102.505353708832
34145.5078125	26.0591046830393	100.230899629553
34742.431640625	26.7083779291027	-106.018027462235
35349.609375	29.8674313373794	-49.4334780599983
35967.7734375	27.6243492894722	-120.603422882606
36596.19140625	28.0778889436894	58.2534803210068
37236.328125	28.3872576023248	-159.142564726835
37887.451171875	30.6269362231679	-150.038901264121
38549.560546875	26.8750818888555	-50.832653973792
39223.388671875	29.7837401729541	-69.429705895843
39908.935546875	32.1596186716416	-107.571514218991
40606.93359375	39.8053770888699	-116.807895193486
41316.650390625	39.8068458358191	76.3032051882963
42038.818359375	39.8032172278064	-124.938753935885
42773.4375	39.8130348151273	-0.785817573055169
43521.240234375	39.8073040904757	86.8149430128417];

Data_Format = 'LeveldB_Phase';
Data_Domain = 'Frequency';
Data_AbscUnit = 'Hz';
Data_BaseUnit = 'V';
Data_xScale = 1;
Data_vScale = 1;
