Freq[Hz]     dBSPL  Phase[Deg]
2.0507813e+01 5.0685285e+01 -1.1119215e+02 
2.1972656e+01 5.2116653e+01 -9.9502693e+01 
2.3437500e+01 5.6398692e+01 -1.1601400e+02 
2.4902344e+01 5.6235274e+01 -9.4720072e+01 
2.6367188e+01 6.0062320e+01 -1.0870769e+02 
2.7832031e+01 6.1443130e+01 -1.1438762e+02 
2.9296875e+01 6.3137656e+01 -1.1861925e+02 
3.0761719e+01 6.4378398e+01 -1.2146066e+02 
3.2226563e+01 6.5960239e+01 -1.2612271e+02 
3.3691406e+01 6.7521710e+01 -1.3220104e+02 
3.5156250e+01 6.8783927e+01 -1.3739349e+02 
3.6621094e+01 6.9997250e+01 -1.4271201e+02 
3.8085938e+01 7.1061831e+01 -1.4810222e+02 
3.9550781e+01 7.2130802e+01 -1.5294056e+02 
4.1015625e+01 7.3104132e+01 -1.5824377e+02 
4.2480469e+01 7.4020286e+01 -1.6294251e+02 
4.3945313e+01 7.4887726e+01 -1.6782765e+02 
4.5410156e+01 7.5714121e+01 -1.7275011e+02 
4.6875000e+01 7.6428392e+01 -1.7748717e+02 
4.8339844e+01 7.7124672e+01 1.7797670e+02 
5.1269531e+01 7.8437689e+01 1.6900647e+02 
5.2734375e+01 7.9036540e+01 1.6463301e+02 
5.4199219e+01 7.9603392e+01 1.6030916e+02 
5.5664063e+01 8.0136608e+01 1.5652828e+02 
5.8593750e+01 8.1083552e+01 1.4816609e+02 
6.0058594e+01 8.1511070e+01 1.4402535e+02 
6.2988281e+01 8.2292540e+01 1.3582022e+02 
6.4453125e+01 8.2659991e+01 1.3208734e+02 
6.7382813e+01 8.3348506e+01 1.2443295e+02 
6.8847656e+01 8.3626209e+01 1.2075190e+02 
7.1777344e+01 8.4115292e+01 1.1323442e+02 
7.4707031e+01 8.4554066e+01 1.0601683e+02 
7.7636719e+01 8.4942603e+01 9.9434793e+01 
7.9101563e+01 8.5077969e+01 9.6184286e+01 
8.2031250e+01 8.5300421e+01 8.9736802e+01 
8.4960938e+01 8.5520869e+01 8.3582438e+01 
8.7890625e+01 8.5663791e+01 7.8084827e+01 
9.0820313e+01 8.5753771e+01 7.3001221e+01 
9.5214844e+01 8.5876192e+01 6.5628981e+01 
9.8144531e+01 8.5932553e+01 6.1342974e+01 
1.0107422e+02 8.5982463e+01 5.7017972e+01 
1.0546875e+02 8.6028782e+01 5.0823364e+01 
1.0839844e+02 8.6041432e+01 4.7236177e+01 
1.1279297e+02 8.6106086e+01 4.1608959e+01 
1.1718750e+02 8.6087235e+01 3.5839064e+01 
1.2011719e+02 8.5957116e+01 3.2337291e+01 
1.2451172e+02 8.5852273e+01 2.8490191e+01 
1.2890625e+02 8.5770095e+01 2.4043404e+01 
1.3330078e+02 8.5691757e+01 2.0735207e+01 
1.3916016e+02 8.5692909e+01 1.5519495e+01 
1.4355469e+02 8.5561075e+01 1.1534760e+01 
1.4794922e+02 8.5386983e+01 8.1973866e+00 
1.5380859e+02 8.5215103e+01 4.7231132e+00 
1.5966797e+02 8.5158355e+01 1.1602232e+00 
1.6552734e+02 8.5053511e+01 -2.6841398e+00 
1.7138672e+02 8.5023587e+01 -6.6866914e+00 
1.7724609e+02 8.4664523e+01 -1.1794445e+01 
1.8310547e+02 8.3872839e+01 -1.2431606e+01 
1.8896484e+02 8.4309150e+01 -1.0363749e+01 
1.9628906e+02 8.4615160e+01 -1.5909574e+01 
2.0361328e+02 8.4540222e+01 -2.0850633e+01 
2.1093750e+02 8.4281836e+01 -2.4969022e+01 
2.1826172e+02 8.3995363e+01 -2.7668092e+01 
2.2558594e+02 8.3690843e+01 -2.9176138e+01 
2.3291016e+02 8.4058803e+01 -3.0115114e+01 
2.4169922e+02 8.3917825e+01 -3.6452432e+01 
2.5048828e+02 8.3584060e+01 -3.9108784e+01 
2.5927734e+02 8.3583665e+01 -4.1064848e+01 
2.6806641e+02 8.3530825e+01 -4.5729440e+01 
2.7685547e+02 8.3069637e+01 -4.8196213e+01 
2.8710938e+02 8.2908631e+01 -4.8679713e+01 
2.9736328e+02 8.3201838e+01 -5.0655405e+01 
3.0761719e+02 8.2980387e+01 -5.4378775e+01 
3.1933594e+02 8.3325671e+01 -5.7776182e+01 
3.2958984e+02 8.3005691e+01 -6.0117548e+01 
3.4130859e+02 8.3418822e+01 -6.3675028e+01 
3.5302734e+02 8.3194552e+01 -6.8660986e+01 
3.6621094e+02 8.3021387e+01 -7.2290688e+01 
3.7939453e+02 8.3056099e+01 -7.3695389e+01 
3.9257813e+02 8.3291198e+01 -7.6600783e+01 
4.0576172e+02 8.3658417e+01 -8.3142058e+01 
4.2041016e+02 8.2943145e+01 -9.0019025e+01 
4.3505859e+02 8.2898017e+01 -8.9980250e+01 
4.5117188e+02 8.2880037e+01 -9.8358111e+01 
4.6582031e+02 8.2061152e+01 -9.8917116e+01 
4.8339844e+02 8.2482919e+01 -1.0256909e+02 
4.9951172e+02 8.2573046e+01 -1.0456309e+02 
5.1708984e+02 8.3058052e+01 -1.1385880e+02 
5.3613281e+02 8.1905346e+01 -1.2303592e+02 
5.5517578e+02 8.1621869e+01 -1.2341383e+02 
5.7421875e+02 8.1403966e+01 -1.2873717e+02 
5.9472656e+02 8.0607667e+01 -1.2869533e+02 
6.1523438e+02 8.1310407e+01 -1.3063924e+02 
6.3720703e+02 8.0766171e+01 -1.3621813e+02 
6.5917969e+02 8.1232657e+01 -1.3755840e+02 
6.8261719e+02 8.1270442e+01 -1.4327711e+02 
7.0751953e+02 8.1887701e+01 -1.4999259e+02 
7.3242188e+02 8.0720783e+01 -1.5550351e+02 
7.5732422e+02 8.1964279e+01 -1.6027320e+02 
7.8515625e+02 8.0904794e+01 -1.6864420e+02 
8.1152344e+02 8.0716017e+01 -1.7407643e+02 
8.4082031e+02 8.1108891e+01 -1.7609157e+02 
8.7011719e+02 8.0741738e+01 1.7322573e+02 
9.0087891e+02 8.0618943e+01 1.6861854e+02 
9.3310547e+02 8.0203693e+01 1.6326972e+02 
9.6533203e+02 8.0231693e+01 1.6536435e+02 
1.0004883e+03 8.0503954e+01 1.5410412e+02 
1.0356445e+03 7.9956365e+01 1.5250115e+02 
1.0722656e+03 8.1268933e+01 1.4863434e+02 
1.1088867e+03 8.1290937e+01 1.3690224e+02 
1.1484375e+03 8.1309985e+01 1.3000043e+02 
1.1894531e+03 8.1127601e+01 1.2208351e+02 
1.2304688e+03 8.1175162e+01 1.1479151e+02 
1.2744141e+03 8.0690712e+01 1.0667864e+02 
1.3198242e+03 8.0754354e+01 9.8882103e+01 
1.3666992e+03 7.9926401e+01 9.3645816e+01 
1.4135742e+03 7.9923165e+01 9.2128339e+01 
1.4633789e+03 8.1141125e+01 8.1666213e+01 
1.5161133e+03 8.0467562e+01 7.3833881e+01 
1.5688477e+03 7.9939378e+01 6.3718235e+01 
1.6245117e+03 7.9690364e+01 5.3653534e+01 
1.6816406e+03 7.8437937e+01 5.1034288e+01 
1.7416992e+03 7.7937997e+01 4.3678877e+01 
1.8032227e+03 7.7016705e+01 3.8914672e+01 
1.8662109e+03 7.7357052e+01 2.5711145e+01 
1.9321289e+03 7.6269111e+01 2.1057698e+00 
1.9995117e+03 7.2082112e+01 -1.7345447e+01 
2.0698242e+03 6.4310265e+01 -1.8316176e+01 
2.1430664e+03 5.5197327e+01 1.5592462e+01 
2.2192383e+03 6.5585178e+01 1.3476431e+02 
2.2968750e+03 6.9768444e+01 1.0725102e+02 
2.3789063e+03 7.2162040e+01 1.1909011e+02 
2.4624023e+03 7.5666780e+01 9.6639094e+01 
2.5488281e+03 7.7205590e+01 9.6402185e+01 
2.6396484e+03 7.9055950e+01 8.1531338e+01 
2.7319336e+03 7.9922282e+01 6.4276241e+01 
2.8286133e+03 7.8116114e+01 5.4933171e+01 
2.9282227e+03 7.7747525e+01 4.4093734e+01 
3.0307617e+03 7.6472770e+01 4.8601167e+01 
3.1376953e+03 7.7393026e+01 4.8428321e+01 
3.2490234e+03 7.8620938e+01 5.5607130e+01 
3.3632813e+03 8.1367123e+01 4.0595842e+01 
3.4819336e+03 8.0172707e+01 1.9939518e+01 
3.6049805e+03 7.9777313e+01 2.1864692e+01 
3.7324219e+03 7.9115852e+01 1.0011209e+01 
3.8642578e+03 7.7497110e+01 1.5039315e+01 
4.0004883e+03 7.9008880e+01 1.9255553e+01 
4.1411133e+03 7.9281441e+01 1.4853798e+01 
4.2875977e+03 8.0776694e+01 1.4073070e+01 
4.4384766e+03 8.1464898e+01 -9.5462377e-01 
4.5952148e+03 8.0930409e+01 -9.2782155e+00 
4.7563477e+03 8.0688928e+01 -1.7148645e+01 
4.9248047e+03 8.0375522e+01 -1.9896221e+01 
5.0976563e+03 8.0673606e+01 -3.1182920e+01 
5.2778320e+03 7.9248478e+01 -3.4775985e+01 
5.4638672e+03 7.9388368e+01 -2.9770338e+01 
5.6572266e+03 7.9800884e+01 -3.4518355e+01 
5.8564453e+03 8.0031847e+01 -4.5382508e+01 
6.0629883e+03 7.8642387e+01 -4.7095298e+01 
6.2768555e+03 7.8424956e+01 -5.5356634e+01 
6.4980469e+03 7.8343142e+01 -6.0540133e+01 
6.7265625e+03 7.7158339e+01 -6.5268633e+01 
6.9638672e+03 7.7083775e+01 -7.0979328e+01 
7.2099609e+03 7.7507155e+01 -7.8618888e+01 
7.4648438e+03 7.5780506e+01 -9.2189718e+01 
7.7270508e+03 7.4471271e+01 -8.8565314e+01 
7.9995117e+03 7.4854999e+01 -9.2934778e+01 
8.2822266e+03 7.3769296e+01 -1.0400131e+02 
8.5737305e+03 7.2465895e+01 -1.0520976e+02 
8.8769531e+03 7.2090093e+01 -1.0672637e+02 
9.1889648e+03 7.1204212e+01 -1.1484250e+02 
9.5141602e+03 7.0342456e+01 -1.1653239e+02 
9.8496094e+03 6.9409017e+01 -1.2320839e+02 
1.0196777e+04 6.7922983e+01 -1.2399565e+02 
1.0555664e+04 6.5522139e+01 -1.2802091e+02 
1.0927734e+04 6.2195369e+01 -1.1404266e+02 
1.1312988e+04 6.3035293e+01 -8.4914163e+01 
1.1712891e+04 6.5383333e+01 -8.3904685e+01 
1.2125977e+04 6.6209936e+01 -8.2696813e+01 
1.2553711e+04 6.7204195e+01 -8.4435240e+01 
1.2996094e+04 6.8755714e+01 -8.7295508e+01 
1.3454590e+04 6.9943269e+01 -1.0142324e+02 
1.3929199e+04 7.0132083e+01 -1.2289071e+02 
1.4419922e+04 6.7415017e+01 -1.3386655e+02 
1.4928223e+04 6.8026825e+01 -1.4132093e+02 
1.5455566e+04 6.5972710e+01 -1.6197454e+02 
1.6000488e+04 6.3690782e+01 -1.5636724e+02 
1.6564453e+04 6.5192851e+01 -1.6044883e+02 
1.7148926e+04 6.5114853e+01 1.7473447e+02 
1.7752441e+04 6.1770219e+01 1.6427532e+02 
1.8379395e+04 6.0259453e+01 1.5996935e+02 
1.9026855e+04 5.8434447e+01 1.4938225e+02 
1.9697754e+04 5.6013689e+01 1.5180196e+02 
1.9999512e+04 5.6290769e+01 1.5393019e+02 
