Freq[Hz]     dBSPL  Phase[Deg]
2.0507813e+01 6.4027092e+01 -6.7453791e+01 
2.1240234e+01 6.5195879e+01 -7.2031646e+01 
2.1972656e+01 6.6902140e+01 -7.7048238e+01 
2.2705078e+01 6.7770853e+01 -8.5473352e+01 
2.4169922e+01 7.0240113e+01 -9.9768036e+01 
2.4902344e+01 7.1584861e+01 -1.1024441e+02 
2.5634766e+01 7.2453988e+01 -1.2098544e+02 
2.7099609e+01 7.4604169e+01 -1.3924231e+02 
2.7832031e+01 7.5835077e+01 -1.5117633e+02 
2.9296875e+01 7.7894043e+01 -1.7472271e+02 
3.0029297e+01 7.8773751e+01 1.7340843e+02 
3.1494141e+01 8.0121760e+01 1.4813307e+02 
3.2226563e+01 8.0602550e+01 1.3597265e+02 
3.3691406e+01 8.1315644e+01 1.1250922e+02 
3.5156250e+01 8.1725963e+01 9.0938570e+01 
3.6621094e+01 8.2013479e+01 7.1308195e+01 
3.8085938e+01 8.2218921e+01 5.3305480e+01 
3.9550781e+01 8.2379014e+01 3.6738660e+01 
4.1015625e+01 8.2575782e+01 2.0961952e+01 
4.2480469e+01 8.2613038e+01 6.8058286e+00 
4.3945313e+01 8.2728407e+01 -7.4447313e+00 
4.6142578e+01 8.2831297e+01 -2.7954319e+01 
4.7607422e+01 8.2856258e+01 -4.1002547e+01 
4.9804688e+01 8.2714585e+01 -5.8948480e+01 
5.1269531e+01 8.2777752e+01 -7.0239236e+01 
5.3466797e+01 8.2669556e+01 -8.7103343e+01 
5.5664063e+01 8.2656740e+01 -1.0277139e+02 
5.7861328e+01 8.2511421e+01 -1.1837671e+02 
6.0058594e+01 8.2247374e+01 -1.3178468e+02 
6.2255859e+01 8.2212206e+01 -1.4502932e+02 
6.5185547e+01 8.2140337e+01 -1.6317641e+02 
6.7382813e+01 8.2110602e+01 -1.7612537e+02 
7.0312500e+01 8.2016303e+01 1.6648433e+02 
7.3242188e+01 8.1879718e+01 1.5034289e+02 
7.5439453e+01 8.1974593e+01 1.3845191e+02 
7.9101563e+01 8.1876118e+01 1.1779008e+02 
8.2031250e+01 8.1844930e+01 1.0053662e+02 
8.4960938e+01 8.1677748e+01 8.4677042e+01 
8.8623047e+01 8.1572802e+01 6.4794005e+01 
9.1552734e+01 8.1415269e+01 4.9710712e+01 
9.5214844e+01 8.1219888e+01 3.0454227e+01 
9.8876953e+01 8.0921697e+01 1.2916747e+01 
1.0327148e+02 8.0852187e+01 -8.3337826e+00 
1.0693359e+02 8.0676616e+01 -2.6341808e+01 
1.1132813e+02 8.0306842e+01 -4.6824611e+01 
1.1572266e+02 8.0171317e+01 -6.5671121e+01 
1.2011719e+02 8.0005486e+01 -8.4681824e+01 
1.2524414e+02 8.0310475e+01 -1.0785690e+02 
1.2963867e+02 8.0182150e+01 -1.2877277e+02 
1.3476563e+02 8.0200388e+01 -1.5249232e+02 
1.4062500e+02 7.9973362e+01 -1.7838154e+02 
1.4575195e+02 7.9784478e+01 1.5855815e+02 
1.5161133e+02 7.9829047e+01 1.3247279e+02 
1.5747070e+02 7.9490166e+01 1.0590641e+02 
1.6333008e+02 7.9131597e+01 8.0565632e+01 
1.6992188e+02 7.9189685e+01 5.6166756e+01 
1.7651367e+02 7.9219362e+01 2.4338778e+01 
1.8383789e+02 7.8968605e+01 -5.8484224e+00 
1.9116211e+02 7.8630236e+01 -3.8813441e+01 
1.9848633e+02 7.8182865e+01 -6.7919890e+01 
2.0654297e+02 7.8214573e+01 -9.7259834e+01 
2.1459961e+02 7.8321976e+01 -1.3179485e+02 
2.2265625e+02 7.8161851e+01 -1.6377673e+02 
2.3144531e+02 7.8303941e+01 1.5830976e+02 
2.4023438e+02 7.8146830e+01 1.2691567e+02 
2.4975586e+02 7.9524626e+01 8.7494269e+01 
2.6000977e+02 8.0215563e+01 3.4169296e+01 
2.7026367e+02 7.9000441e+01 -1.5253475e+01 
2.8051758e+02 7.8725884e+01 -6.1822173e+01 
2.9150391e+02 7.7360726e+01 -1.0780228e+02 
3.0322266e+02 7.6665273e+01 -1.5014571e+02 
3.1494141e+02 7.7283470e+01 1.6001593e+02 
3.2739258e+02 7.6855469e+01 1.0943669e+02 
3.3984375e+02 7.7141088e+01 5.6368249e+01 
3.5375977e+02 7.6515481e+01 -6.4374598e+00 
3.6767578e+02 7.6121204e+01 -6.3231673e+01 
3.8159180e+02 7.6128248e+01 -1.2194667e+02 
3.9697266e+02 7.6232095e+01 1.6728931e+02 
4.1235352e+02 7.5128861e+01 9.9111669e+01 
4.2846680e+02 7.4989059e+01 2.7347726e+01 
4.4531250e+02 7.4105592e+01 -4.6946611e+01 
4.6289063e+02 7.3159672e+01 -1.2797566e+02 
4.8120117e+02 7.2116103e+01 1.4795518e+02 
5.0024414e+02 6.9826390e+01 6.0132921e+01 
5.1928711e+02 6.8373646e+01 -1.7158301e+01 
5.3979492e+02 6.8121941e+01 -1.0405459e+02 
5.6103516e+02 6.7805157e+01 1.5035081e+02 
5.8300781e+02 6.6324770e+01 4.8445395e+01 
6.0644531e+02 6.5502635e+01 -5.6514474e+01 
6.2988281e+02 6.4024614e+01 -1.7195986e+02 
6.5478516e+02 6.2730777e+01 8.6294658e+01 
6.8041992e+02 6.5365211e+01 -2.6905156e+01 
7.0678711e+02 6.3363902e+01 -1.4830780e+02 
7.3461914e+02 6.2399113e+01 9.5366158e+01 
7.6391602e+02 6.3634114e+01 -3.2011683e+01 
7.9394531e+02 6.1207978e+01 -1.4451265e+02 
8.2470703e+02 6.2919698e+01 7.5636383e+01 
8.5693359e+02 6.2520504e+01 -4.7986544e+01 
8.9062500e+02 6.0735530e+01 1.7252832e+02 
9.2578125e+02 6.2361593e+01 3.7832526e+01 
9.6240234e+02 6.3063243e+01 -1.1188671e+02 
9.9975586e+02 6.3690364e+01 9.4584957e+01 
1.0393066e+03 6.2083665e+01 -8.2894157e+01 
1.0803223e+03 6.3790144e+01 1.2501861e+02 
1.1228027e+03 6.3217147e+01 -5.1088528e+01 
1.1667480e+03 6.4237370e+01 1.2748396e+02 
1.2121582e+03 6.2424651e+01 -6.5117046e+01 
1.2597656e+03 6.0387070e+01 1.0698135e+02 
1.3095703e+03 5.9969885e+01 -9.3003130e+01 
1.3608398e+03 6.0192385e+01 6.2871308e+01 
1.4143066e+03 6.0113417e+01 -1.5346900e+02 
1.4699707e+03 5.9517827e+01 -1.1190939e+01 
1.5270996e+03 5.7393040e+01 1.2920512e+02 
1.5871582e+03 5.8561171e+01 -1.0679308e+02 
1.6494141e+03 5.8338027e+01 1.5313002e+01 
1.7145996e+03 6.0565388e+01 1.2317422e+02 
1.7819824e+03 6.1829837e+01 -1.6499052e+02 
1.8515625e+03 6.0413858e+01 -8.3590655e+01 
1.9248047e+03 6.0128707e+01 -1.9155101e+01 
2.0002441e+03 5.8837633e+01 3.9746451e+01 
2.0786133e+03 5.7911512e+01 9.5912997e+01 
2.1599121e+03 5.7971928e+01 1.3587479e+02 
2.2448730e+03 5.8990170e+01 1.6101346e+02 
2.3327637e+03 5.8295213e+01 1.6678419e+02 
2.4243164e+03 5.8836263e+01 1.7274166e+02 
2.5195313e+03 5.8846246e+01 1.4609030e+02 
2.6184082e+03 5.7629987e+01 1.1075893e+02 
2.7216797e+03 5.7885522e+01 6.9974391e+01 
2.8286133e+03 5.7910242e+01 5.6351891e-03 
2.9392090e+03 5.5757727e+01 -7.6878659e+01 
3.0549316e+03 5.6830026e+01 -1.7073909e+02 
3.1750488e+03 5.6758277e+01 6.6284109e+01 
3.2995605e+03 5.4640058e+01 -6.9385388e+01 
3.4291992e+03 5.3492221e+01 1.4424660e+02 
3.5632324e+03 5.3606394e+01 -1.7065002e+01 
3.7038574e+03 5.2448566e+01 1.3668595e+02 
3.8488770e+03 5.1182621e+01 -5.6316850e+01 
3.9997559e+03 5.1097539e+01 6.4767318e+01 
4.1572266e+03 5.0359576e+01 1.6815126e+02 
4.3205566e+03 4.9379372e+01 -9.8307892e+01 
4.4897461e+03 4.9951795e+01 -5.4632545e+01 
4.6662598e+03 4.9654691e+01 -2.5445915e+01 
4.8493652e+03 4.8753210e+01 -1.1618927e+00 
5.0397949e+03 5.1371643e+01 -5.4596795e+01 
5.2375488e+03 4.6320783e+01 -9.4851683e+01 
5.4433594e+03 5.1396590e+01 1.6684948e+02 
5.6564941e+03 4.5496500e+01 4.0434862e+01 
5.8791504e+03 4.9426246e+01 -9.4565426e+01 
6.1098633e+03 4.5835056e+01 5.4533229e+01 
6.3493652e+03 4.7391439e+01 -1.3692650e+02 
6.5991211e+03 3.9821340e+01 -9.8142649e+01 
6.8576660e+03 4.6812637e+01 3.2373867e+01 
7.1271973e+03 4.3384536e+01 6.7874888e+01 
7.4069824e+03 4.6416843e+01 3.3835415e+01 
7.6977539e+03 4.5145613e+01 -2.9130459e+01 
8.0002441e+03 4.2293801e+01 -1.3270575e+02 
8.3137207e+03 4.0847908e+01 7.1461107e+01 
8.6403809e+03 4.0878420e+01 -1.1355487e+02 
8.9794922e+03 3.8704635e+01 1.5969750e+00 
9.3325195e+03 3.9257282e+01 4.6833629e+01 
9.6987305e+03 4.2597050e+01 3.9421518e+01 
1.0079590e+04 4.2185024e+01 9.6463103e+00 
1.0475098e+04 4.0283310e+01 -9.0742383e+01 
1.0885986e+04 3.5605165e+01 9.9703209e+01 
1.1313721e+04 3.1095196e+01 -1.4369520e+02 
1.1757568e+04 3.3893274e+01 -4.4971401e+01 
1.2219727e+04 3.7014546e+01 -5.8020271e+01 
1.2699463e+04 3.9081617e+01 -1.4753375e+02 
1.3197510e+04 3.3120413e+01 6.4417522e+01 
1.3716064e+04 3.0240549e+01 -1.4920447e+02 
1.4254395e+04 2.3237828e+01 -3.4534398e+01 
1.4813965e+04 2.9308487e+01 -3.8405936e+01 
1.5395508e+04 3.2817515e+01 -1.5275987e+02 
1.5999756e+04 3.1582138e+01 8.3683454e+00 
1.6628174e+04 3.2152199e+01 9.7532530e+01 
1.7280762e+04 3.2181707e+01 7.8021247e+01 
1.7959717e+04 3.0807275e+01 -4.7514535e+01 
1.8664307e+04 3.2403737e+01 9.1795220e+01 
1.9397461e+04 2.9399751e+01 1.4824063e+02 
1.9999512e+04 3.4233811e+01 -3.6325756e+01 
