Freq[Hz]     dBSPL  Phase[Deg]
2.0507813e+01 6.1504521e+01 -8.3865188e+01 
2.1240234e+01 6.2489095e+01 -9.0109368e+01 
2.1972656e+01 6.4227045e+01 -9.4511687e+01 
2.2705078e+01 6.5151977e+01 -1.0503790e+02 
2.4169922e+01 6.7442464e+01 -1.2037053e+02 
2.4902344e+01 6.8741239e+01 -1.3106304e+02 
2.5634766e+01 6.9637787e+01 -1.4217706e+02 
2.7099609e+01 7.1824850e+01 -1.6136197e+02 
2.7832031e+01 7.3135444e+01 -1.7369458e+02 
2.9296875e+01 7.5315612e+01 1.6133744e+02 
3.0029297e+01 7.6180598e+01 1.4902432e+02 
3.1494141e+01 7.7500083e+01 1.2274279e+02 
3.2226563e+01 7.7959761e+01 1.1004674e+02 
3.3691406e+01 7.8682553e+01 8.5680594e+01 
3.5156250e+01 7.9100265e+01 6.3283708e+01 
3.6621094e+01 7.9458754e+01 4.2484250e+01 
3.8085938e+01 7.9672069e+01 2.3085938e+01 
3.9550781e+01 7.9816823e+01 5.1489541e+00 
4.1015625e+01 8.0001019e+01 -1.1801793e+01 
4.2480469e+01 7.9943534e+01 -2.8051586e+01 
4.3945313e+01 8.0025102e+01 -4.3483846e+01 
4.6142578e+01 8.0108921e+01 -6.5578238e+01 
4.7607422e+01 8.0152036e+01 -7.9308633e+01 
4.9804688e+01 8.0170141e+01 -9.9814230e+01 
5.1269531e+01 8.0180377e+01 -1.1257473e+02 
5.3466797e+01 8.0045945e+01 -1.3190110e+02 
5.5664063e+01 7.9940735e+01 -1.4891788e+02 
5.7861328e+01 7.9876488e+01 -1.6631086e+02 
6.0058594e+01 7.9560724e+01 1.7739317e+02 
6.2255859e+01 7.9433300e+01 1.6196845e+02 
6.5185547e+01 7.9314908e+01 1.4161415e+02 
6.7382813e+01 7.9244898e+01 1.2691169e+02 
7.0312500e+01 7.9172924e+01 1.0733029e+02 
7.3242188e+01 7.9000761e+01 8.7789798e+01 
7.5439453e+01 7.8856036e+01 7.4980124e+01 
7.9101563e+01 7.8913349e+01 5.1860885e+01 
8.2031250e+01 7.9244169e+01 3.3841144e+01 
8.4960938e+01 7.9066534e+01 1.4527131e+01 
8.8623047e+01 7.8889325e+01 -7.7693639e+00 
9.1552734e+01 7.8678016e+01 -2.5184312e+01 
9.5214844e+01 7.8582014e+01 -4.5780086e+01 
9.8876953e+01 7.8469098e+01 -6.8133914e+01 
1.0327148e+02 7.8273667e+01 -9.3027255e+01 
1.0693359e+02 7.7959029e+01 -1.1404488e+02 
1.1132813e+02 7.7770093e+01 -1.3818162e+02 
1.1572266e+02 7.7405335e+01 -1.6006398e+02 
1.2011719e+02 7.7505942e+01 1.7743718e+02 
1.2524414e+02 7.7811183e+01 1.4956766e+02 
1.2963867e+02 7.7561319e+01 1.2506021e+02 
1.3476563e+02 7.7584297e+01 9.7625489e+01 
1.4062500e+02 7.7369850e+01 6.5044157e+01 
1.4575195e+02 7.7102113e+01 3.8478982e+01 
1.5161133e+02 7.7137590e+01 9.3623026e+00 
1.5747070e+02 7.7116971e+01 -2.3075892e+01 
1.6333008e+02 7.7059446e+01 -5.4777508e+01 
1.6992188e+02 7.6614831e+01 -8.7348111e+01 
1.7651367e+02 7.7023807e+01 -1.2138768e+02 
1.8383789e+02 7.6744933e+01 -1.5919070e+02 
1.9116211e+02 7.6795087e+01 1.6081360e+02 
1.9848633e+02 7.6269843e+01 1.2203529e+02 
2.0654297e+02 7.6151436e+01 8.5499143e+01 
2.1459961e+02 7.6298276e+01 4.3134790e+01 
2.2265625e+02 7.6292633e+01 1.3701772e+00 
2.3144531e+02 7.6107324e+01 -4.3214772e+01 
2.4023438e+02 7.5797612e+01 -8.9362442e+01 
2.4975586e+02 7.5384685e+01 -1.3248487e+02 
2.6000977e+02 7.6508949e+01 1.7517376e+02 
2.7026367e+02 7.6567269e+01 1.1779913e+02 
2.8051758e+02 7.6464209e+01 5.6370953e+01 
2.9150391e+02 7.4436403e+01 -3.6731432e+00 
3.0322266e+02 7.4445216e+01 -5.4582260e+01 
3.1494141e+02 7.4394437e+01 -1.1252163e+02 
3.2739258e+02 7.4825466e+01 -1.7207023e+02 
3.3984375e+02 7.5099648e+01 1.1987918e+02 
3.5375977e+02 7.4555973e+01 4.1268999e+01 
3.6767578e+02 7.3804629e+01 -2.6645124e+01 
3.8159180e+02 7.3674123e+01 -9.6267560e+01 
3.9697266e+02 7.3568655e+01 -1.7938811e+02 
4.1235352e+02 7.2884266e+01 9.7867326e+01 
4.2846680e+02 7.1627575e+01 2.0195822e+01 
4.4531250e+02 7.0182817e+01 -6.3167603e+01 
4.6289063e+02 6.9384060e+01 -1.4846812e+02 
4.8120117e+02 6.9187588e+01 1.2542195e+02 
5.0024414e+02 6.7679046e+01 4.0897893e+01 
5.1928711e+02 6.7174895e+01 -3.2635321e+01 
5.3979492e+02 6.7729938e+01 -1.2953263e+02 
5.6103516e+02 6.6677964e+01 1.3692870e+02 
5.8300781e+02 6.6859865e+01 3.9107326e+01 
6.0644531e+02 6.7676706e+01 -6.6886452e+01 
6.2988281e+02 6.7150371e+01 -1.6653045e+02 
6.5478516e+02 6.7152578e+01 8.2046866e+01 
6.8041992e+02 6.6720177e+01 -2.9242595e+01 
7.0678711e+02 6.6319385e+01 -1.4595217e+02 
7.3461914e+02 6.5415547e+01 9.8976657e+01 
7.6391602e+02 6.5181656e+01 -2.7984565e+01 
7.9394531e+02 6.3297412e+01 -1.5359123e+02 
8.2470703e+02 6.3032655e+01 8.2816436e+01 
8.5693359e+02 6.2320097e+01 -5.2342669e+01 
8.9062500e+02 6.0850879e+01 1.7852840e+02 
9.2578125e+02 6.0507340e+01 4.1195002e+01 
9.6240234e+02 6.0831116e+01 -9.7230983e+01 
9.9975586e+02 6.2040119e+01 1.0500754e+02 
1.0393066e+03 6.2052199e+01 -4.0918352e+01 
1.0803223e+03 6.2073299e+01 1.4530987e+02 
1.1228027e+03 6.3263043e+01 -2.1515183e+01 
1.1667480e+03 6.4235885e+01 1.4904431e+02 
1.2121582e+03 6.4747804e+01 -3.7756494e+01 
1.2597656e+03 6.2813194e+01 1.2763456e+02 
1.3095703e+03 6.0871485e+01 -8.6871771e+01 
1.3608398e+03 6.0052258e+01 7.6113017e+01 
1.4143066e+03 5.9834677e+01 -1.3459587e+02 
1.4699707e+03 5.6876303e+01 9.8142515e+00 
1.5270996e+03 5.7969252e+01 1.5689700e+02 
1.5871582e+03 5.9301968e+01 -8.6226851e+01 
1.6494141e+03 5.9344058e+01 3.4279276e+01 
1.7145996e+03 6.0050986e+01 1.3143837e+02 
1.7819824e+03 6.0263236e+01 -1.4357032e+02 
1.8515625e+03 5.9334095e+01 -6.2183517e+01 
1.9248047e+03 5.7690142e+01 1.5251888e+01 
2.0002441e+03 5.7662816e+01 7.1355028e+01 
2.0786133e+03 5.6923479e+01 1.2847203e+02 
2.1599121e+03 5.7320661e+01 1.6543590e+02 
2.2448730e+03 5.7210049e+01 -1.7159508e+02 
2.3327637e+03 5.6345288e+01 -1.5947709e+02 
2.4243164e+03 5.5032561e+01 -1.5354370e+02 
2.5195313e+03 5.6819996e+01 -1.6923647e+02 
2.6184082e+03 5.6858058e+01 1.6345531e+02 
2.7216797e+03 5.5697953e+01 1.0143177e+02 
2.8286133e+03 5.5152458e+01 4.4676478e+01 
2.9392090e+03 5.3406781e+01 -2.4237867e+01 
3.0549316e+03 5.3963623e+01 -1.1279745e+02 
3.1750488e+03 5.4445463e+01 1.3171003e+02 
3.2995605e+03 5.4533378e+01 1.5987707e+00 
3.4291992e+03 5.1881355e+01 -1.6035258e+02 
3.5632324e+03 5.3464674e+01 5.4929735e+01 
3.7038574e+03 5.2472810e+01 -1.4169959e+02 
3.8488770e+03 5.3326701e+01 1.3487577e+01 
3.9997559e+03 5.4256147e+01 1.3217749e+02 
4.1572266e+03 5.2951922e+01 -1.3162205e+02 
4.3205566e+03 5.2385004e+01 -4.9807296e+01 
4.4897461e+03 5.1633465e+01 8.1401042e+00 
4.6662598e+03 5.2301152e+01 3.6522263e+01 
4.8493652e+03 5.2809270e+01 2.7068933e+01 
5.0397949e+03 5.0455762e+01 -6.0580379e+00 
5.2375488e+03 5.0098048e+01 -5.7494430e+01 
5.4433594e+03 4.9539780e+01 -1.5017549e+02 
5.6564941e+03 4.7391792e+01 9.0438101e+01 
5.8791504e+03 4.6550900e+01 -6.5548020e+01 
6.1098633e+03 4.2829797e+01 1.1794958e+02 
6.3493652e+03 4.3869463e+01 -9.2853940e+01 
6.5991211e+03 4.0274176e+01 1.8942297e+00 
6.8576660e+03 4.0694938e+01 9.2276988e+01 
7.1271973e+03 3.8492635e+01 1.2024183e+02 
7.4069824e+03 3.9664230e+01 1.1566636e+02 
7.6977539e+03 3.7889111e+01 5.7223344e+01 
8.0002441e+03 3.8728833e+01 -5.0442222e+01 
8.3137207e+03 3.6067034e+01 1.5622467e+02 
8.6403809e+03 3.4974949e+01 -3.7212112e+01 
8.9794922e+03 3.3216525e+01 8.4491637e+01 
9.3325195e+03 3.0718158e+01 1.3109275e+02 
9.6987305e+03 2.1084458e+01 1.3832772e+02 
1.0079590e+04 1.8340329e+01 4.9128328e+00 
1.0475098e+04 3.0724748e+01 -1.7490439e+02 
1.0885986e+04 3.3812855e+01 -4.9975452e+00 
1.1313721e+04 3.5170228e+01 1.2098515e+02 
1.1757568e+04 3.7643133e+01 -1.7087345e+02 
1.2219727e+04 3.9232967e+01 1.5788355e+02 
1.2699463e+04 3.4083078e+01 1.0106608e+02 
1.3197510e+04 3.5581506e+01 -2.4545447e+01 
1.3716064e+04 3.9240774e+01 1.2959326e+02 
1.4254395e+04 4.1332395e+01 1.7248375e+02 
1.4813965e+04 4.0179534e+01 1.3534949e+02 
1.5395508e+04 3.8992648e+01 2.5552743e+01 
1.5999756e+04 3.6205084e+01 -1.7666802e+02 
1.6628174e+04 3.3248162e+01 -8.7316271e+01 
1.7280762e+04 3.1059896e+01 -9.0061454e+01 
1.7959717e+04 3.2445318e+01 1.5498458e+02 
1.8664307e+04 3.1222327e+01 -5.7877783e+01 
1.9397461e+04 3.2107338e+01 -1.1694296e+01 
1.9999512e+04 3.4985052e+01 1.5324581e+02 
