Freq[Hz]     dBSPL  Phase[Deg]
2.0507813e+01 6.0076819e+01 -9.8521689e+01 
2.1240234e+01 6.0702202e+01 -1.0604469e+02 
2.1972656e+01 6.2495559e+01 -1.1009304e+02 
2.2705078e+01 6.3476383e+01 -1.2262139e+02 
2.4169922e+01 6.5642024e+01 -1.3884216e+02 
2.4902344e+01 6.6803549e+01 -1.5081849e+02 
2.5634766e+01 6.7551782e+01 -1.6181885e+02 
2.7099609e+01 6.9942527e+01 -1.7988635e+02 
2.7832031e+01 7.1372739e+01 1.6731629e+02 
2.9296875e+01 7.3729047e+01 1.4131437e+02 
3.0029297e+01 7.4522500e+01 1.2821355e+02 
3.1494141e+01 7.5804243e+01 1.0071672e+02 
3.2226563e+01 7.6224659e+01 8.7416013e+01 
3.3691406e+01 7.6899903e+01 6.2158425e+01 
3.5156250e+01 7.7266068e+01 3.9173471e+01 
3.6621094e+01 7.7682827e+01 1.7586977e+01 
3.8085938e+01 7.7895836e+01 -2.9566850e+00 
3.9550781e+01 7.8045257e+01 -2.1835796e+01 
4.1015625e+01 7.8236402e+01 -3.9989455e+01 
4.2480469e+01 7.8127810e+01 -5.8248882e+01 
4.3945313e+01 7.8165522e+01 -7.4580273e+01 
4.6142578e+01 7.8266227e+01 -9.7980762e+01 
4.7607422e+01 7.8316877e+01 -1.1230871e+02 
4.9804688e+01 7.8466166e+01 -1.3510186e+02 
5.1269531e+01 7.8334893e+01 -1.4923180e+02 
5.3466797e+01 7.8183998e+01 -1.6897184e+02 
5.5664063e+01 7.8161054e+01 1.7227841e+02 
5.7861328e+01 7.8132237e+01 1.5365263e+02 
6.0058594e+01 7.7937903e+01 1.3443031e+02 
6.2255859e+01 7.7861855e+01 1.1676986e+02 
6.5185547e+01 7.7728995e+01 9.3855042e+01 
6.7382813e+01 7.7627950e+01 7.7232559e+01 
7.0312500e+01 7.7499968e+01 5.5753250e+01 
7.3242188e+01 7.7418105e+01 3.4543704e+01 
7.5439453e+01 7.7268250e+01 1.8555582e+01 
7.9101563e+01 7.7278622e+01 -4.9191648e+00 
8.2031250e+01 7.7326654e+01 -2.4171082e+01 
8.4960938e+01 7.7244077e+01 -4.4402143e+01 
8.8623047e+01 7.7045203e+01 -7.0473124e+01 
9.1552734e+01 7.6897916e+01 -8.9700832e+01 
9.5214844e+01 7.6637468e+01 -1.1427580e+02 
9.8876953e+01 7.6508031e+01 -1.3725494e+02 
1.0327148e+02 7.6333347e+01 -1.6601672e+02 
1.0693359e+02 7.6223110e+01 1.6961671e+02 
1.1132813e+02 7.5772667e+01 1.4307493e+02 
1.1572266e+02 7.5706043e+01 1.1659701e+02 
1.2011719e+02 7.5587415e+01 8.9092519e+01 
1.2524414e+02 7.5291902e+01 5.8836178e+01 
1.2963867e+02 7.5362273e+01 3.2902499e+01 
1.3476563e+02 7.5576824e+01 -5.4638547e-01 
1.4062500e+02 7.5122141e+01 -3.4323490e+01 
1.4575195e+02 7.5145724e+01 -6.5785214e+01 
1.5161133e+02 7.4972744e+01 -9.7929246e+01 
1.5747070e+02 7.5190760e+01 -1.3211590e+02 
1.6333008e+02 7.5453667e+01 -1.6877623e+02 
1.6992188e+02 7.4931341e+01 1.4919463e+02 
1.7651367e+02 7.4775040e+01 1.1161883e+02 
1.8383789e+02 7.4809621e+01 6.9046139e+01 
1.9116211e+02 7.4554005e+01 2.4531263e+01 
1.9848633e+02 7.4202253e+01 -1.8643404e+01 
2.0654297e+02 7.3517384e+01 -6.2758279e+01 
2.1459961e+02 7.4200628e+01 -1.0697926e+02 
2.2265625e+02 7.4377551e+01 -1.5605003e+02 
2.3144531e+02 7.4728205e+01 1.5105404e+02 
2.4023438e+02 7.4340751e+01 9.4853536e+01 
2.4975586e+02 7.2888452e+01 3.4320692e+01 
2.6000977e+02 7.1023988e+01 -9.7369446e+00 
2.7026367e+02 7.3005096e+01 -6.5202010e+01 
2.8051758e+02 7.3889956e+01 -1.3217568e+02 
2.9150391e+02 7.3701147e+01 1.5592146e+02 
3.0322266e+02 7.2408835e+01 8.3897449e+01 
3.1494141e+02 7.1779107e+01 1.9575822e+01 
3.2739258e+02 7.1298534e+01 -5.5750875e+01 
3.3984375e+02 7.0857122e+01 -1.3754952e+02 
3.5375977e+02 6.8747858e+01 1.4468590e+02 
3.6767578e+02 6.8438881e+01 5.7913651e+01 
3.8159180e+02 6.8058810e+01 -2.2992721e+01 
3.9697266e+02 6.9038846e+01 -1.2258623e+02 
4.1235352e+02 6.7649735e+01 1.3786951e+02 
4.2846680e+02 6.7694732e+01 4.8979097e+01 
4.4531250e+02 6.6491672e+01 -3.7750643e+01 
4.6289063e+02 6.7378096e+01 -1.2540275e+02 
4.8120117e+02 6.8817256e+01 1.2669769e+02 
5.0024414e+02 6.6734172e+01 1.3360256e+01 
5.1928711e+02 6.1573378e+01 -6.4505517e+01 
5.3979492e+02 6.4477152e+01 -1.3778517e+02 
5.6103516e+02 6.5102225e+01 9.8542646e+01 
5.8300781e+02 6.1397064e+01 5.1541094e+00 
6.0644531e+02 6.1818544e+01 -7.6124960e+01 
6.2988281e+02 6.3570325e+01 1.6473518e+02 
6.5478516e+02 6.1536713e+01 4.9028580e+01 
6.8041992e+02 6.0308582e+01 -5.3519741e+01 
7.0678711e+02 6.1758990e+01 -1.7129477e+02 
7.3461914e+02 5.6888836e+01 7.7286314e+01 
7.6391602e+02 6.1246110e+01 -3.2050441e+01 
7.9394531e+02 5.8676523e+01 1.7301120e+02 
8.2470703e+02 5.5699101e+01 8.0716381e+01 
8.5693359e+02 5.8597407e+01 -5.4521979e+01 
8.9062500e+02 5.9742111e+01 1.6952262e+02 
9.2578125e+02 6.0074590e+01 3.6467615e+00 
9.6240234e+02 5.6785619e+01 -1.1032335e+02 
9.9975586e+02 5.9362577e+01 7.1800663e+01 
1.0393066e+03 6.1399557e+01 -5.0139879e+01 
1.0803223e+03 6.0528247e+01 9.4339522e+01 
1.1228027e+03 5.5660494e+01 -5.5259778e+01 
1.1667480e+03 5.4149359e+01 1.1670870e+02 
1.2121582e+03 5.7521816e+01 -8.1888134e+01 
1.2597656e+03 5.9212862e+01 1.2068743e+02 
1.3095703e+03 5.2817450e+01 -1.1392734e+02 
1.3608398e+03 5.4596322e+01 3.4827650e+01 
1.4143066e+03 5.6593974e+01 -1.3641368e+02 
1.4699707e+03 5.2106252e+01 3.2587456e+01 
1.5270996e+03 5.5752374e+01 1.3198615e+02 
1.5871582e+03 5.6182386e+01 -1.0664024e+02 
1.6494141e+03 5.9462102e+01 -2.2387673e+00 
1.7145996e+03 6.0494273e+01 7.8506830e+01 
1.7819824e+03 5.7208374e+01 1.6006170e+02 
1.8515625e+03 5.3989141e+01 -1.1750306e+02 
1.9248047e+03 4.9122476e+01 -2.3232611e+01 
2.0002441e+03 5.1414106e+01 4.6863557e+01 
2.0786133e+03 5.1524377e+01 8.2554468e+01 
2.1599121e+03 5.3277255e+01 1.5258089e+02 
2.2448730e+03 5.5069476e+01 1.4841042e+02 
2.3327637e+03 5.2901487e+01 1.5289534e+02 
2.4243164e+03 5.0786943e+01 1.4645400e+02 
2.5195313e+03 5.0266889e+01 1.3182535e+02 
2.6184082e+03 5.0465019e+01 1.1683467e+02 
2.7216797e+03 4.9915461e+01 6.3506281e+01 
2.8286133e+03 4.7103611e+01 1.6216320e+01 
2.9392090e+03 5.1879901e+01 -6.1440458e+01 
3.0549316e+03 5.0671539e+01 -1.5242051e+02 
3.1750488e+03 5.1305246e+01 7.4412501e+01 
3.2995605e+03 4.9900050e+01 -6.4180900e+01 
3.4291992e+03 4.7993640e+01 1.5666463e+02 
3.5632324e+03 4.7468759e+01 -3.1628704e+01 
3.7038574e+03 4.0343711e+01 1.5414666e+02 
3.8488770e+03 4.9286417e+01 -3.8338729e+01 
3.9997559e+03 4.4799894e+01 1.3992386e+01 
4.1572266e+03 4.0926078e+01 -1.5365265e+02 
4.3205566e+03 2.4334631e+01 -6.2184182e+01 
4.4897461e+03 4.4846431e+01 3.0885809e+01 
4.6662598e+03 4.4571551e+01 4.3131785e+01 
4.8493652e+03 4.6418747e+01 4.0525790e+01 
5.0397949e+03 4.5239995e+01 -1.6723238e+00 
5.2375488e+03 4.5422041e+01 -8.2282419e+01 
5.4433594e+03 3.4345162e+01 -1.6278447e+02 
5.6564941e+03 3.8628902e+01 -2.0895318e+01 
5.8791504e+03 4.1920595e+01 1.2564681e+02 
6.1098633e+03 4.2400861e+01 -7.9135045e+01 
6.3493652e+03 4.3470448e+01 5.2528658e+01 
6.5991211e+03 4.2871747e+01 1.5136510e+02 
6.8576660e+03 3.5907356e+01 -1.4802261e+02 
7.1271973e+03 3.4494470e+01 1.1492139e+01 
7.4069824e+03 3.8221037e+01 1.8677966e+01 
7.6977539e+03 3.9270085e+01 -3.6925180e+01 
8.0002441e+03 3.8701110e+01 -1.5726051e+02 
8.3137207e+03 2.6181608e+01 5.4616433e+01 
8.6403809e+03 3.0259285e+01 1.5306391e+01 
8.9794922e+03 3.6278386e+01 1.3843305e+02 
9.3325195e+03 3.6438772e+01 -1.5378537e+02 
9.6987305e+03 3.0462044e+01 -1.0906308e+02 
1.0079590e+04 2.3512864e+01 -1.4330902e+02 
1.0475098e+04 3.1948734e+01 -9.2747806e+01 
1.0885986e+04 3.5579478e+01 1.0137112e+02 
1.1313721e+04 2.9241337e+01 -1.2452289e+02 
1.1757568e+04 2.5288057e+01 -1.6735082e+02 
1.2219727e+04 3.8931891e+01 1.6008357e+02 
1.2699463e+04 3.9592696e+01 7.0247623e+01 
1.3197510e+04 3.3124073e+01 -6.2636876e+00 
1.3716064e+04 3.4035502e+01 -1.6413178e+02 
1.4254395e+04 3.3269546e+01 -3.3026219e+01 
1.4813965e+04 3.6299881e+01 4.1532940e+01 
1.5395508e+04 3.7420188e+01 -3.4239655e+01 
1.5999756e+04 3.2995829e+01 -1.5046875e+02 
1.6628174e+04 3.4969863e+01 6.3245579e+00 
1.7280762e+04 3.3087264e+01 7.9971748e+01 
1.7959717e+04 3.3960884e+01 2.5403103e+01 
1.8664307e+04 3.2890174e+01 -9.3430979e+01 
1.9397461e+04 3.5531122e+01 2.2429509e+01 
1.9999512e+04 3.8576711e+01 -9.1841076e+01 
