Freq[Hz]     dBSPL  Phase[Deg]
2.0507813e+01 6.0412745e+01 -9.5259952e+01 
2.1240234e+01 6.1248147e+01 -1.0234534e+02 
2.1972656e+01 6.2998356e+01 -1.0665823e+02 
2.2705078e+01 6.3870660e+01 -1.1855847e+02 
2.4169922e+01 6.5980380e+01 -1.3386555e+02 
2.4902344e+01 6.7309514e+01 -1.4477123e+02 
2.5634766e+01 6.8285676e+01 -1.5632216e+02 
2.7099609e+01 7.0452242e+01 -1.7743627e+02 
2.7832031e+01 7.1699133e+01 1.6972605e+02 
2.9296875e+01 7.3784550e+01 1.4566874e+02 
3.0029297e+01 7.4709372e+01 1.3312934e+02 
3.1494141e+01 7.6077498e+01 1.0551061e+02 
3.2226563e+01 7.6507454e+01 9.2268150e+01 
3.3691406e+01 7.7203741e+01 6.7302396e+01 
3.5156250e+01 7.7629361e+01 4.4324784e+01 
3.6621094e+01 7.8026277e+01 2.2606650e+01 
3.8085938e+01 7.8229443e+01 2.3636337e+00 
3.9550781e+01 7.8379899e+01 -1.6325851e+01 
4.1015625e+01 7.8566003e+01 -3.4087193e+01 
4.2480469e+01 7.8552486e+01 -5.1837862e+01 
4.3945313e+01 7.8617817e+01 -6.8024341e+01 
4.6142578e+01 7.8726042e+01 -9.1118548e+01 
4.7607422e+01 7.8806288e+01 -1.0549615e+02 
4.9804688e+01 7.8867261e+01 -1.2799143e+02 
5.1269531e+01 7.8765337e+01 -1.4169419e+02 
5.3466797e+01 7.8573734e+01 -1.6146387e+02 
5.5664063e+01 7.8475014e+01 -1.7923416e+02 
5.7861328e+01 7.8530559e+01 1.6288593e+02 
6.0058594e+01 7.8318081e+01 1.4477200e+02 
6.2255859e+01 7.8193581e+01 1.2772701e+02 
6.5185547e+01 7.8077248e+01 1.0563303e+02 
6.7382813e+01 7.7996669e+01 8.9602213e+01 
7.0312500e+01 7.7922836e+01 6.8595203e+01 
7.3242188e+01 7.7863963e+01 4.7814182e+01 
7.5439453e+01 7.7721634e+01 3.2617259e+01 
7.9101563e+01 7.7883374e+01 8.3806054e+00 
8.2031250e+01 7.8034707e+01 -1.0478338e+01 
8.4960938e+01 7.7953524e+01 -3.0798567e+01 
8.8623047e+01 7.7658090e+01 -5.5320868e+01 
9.1552734e+01 7.7616941e+01 -7.4023012e+01 
9.5214844e+01 7.7383025e+01 -9.7390125e+01 
9.8876953e+01 7.7380626e+01 -1.2038771e+02 
1.0327148e+02 7.7313305e+01 -1.4836756e+02 
1.0693359e+02 7.7206855e+01 -1.7252406e+02 
1.1132813e+02 7.6968357e+01 1.6196006e+02 
1.1572266e+02 7.6854798e+01 1.3664388e+02 
1.2011719e+02 7.6867221e+01 1.1060406e+02 
1.2524414e+02 7.7063559e+01 8.0919672e+01 
1.2963867e+02 7.7020581e+01 5.3511605e+01 
1.3476563e+02 7.6917711e+01 2.1724363e+01 
1.4062500e+02 7.6841477e+01 -1.2248401e+01 
1.4575195e+02 7.6661679e+01 -4.2648891e+01 
1.5161133e+02 7.6833033e+01 -7.4461373e+01 
1.5747070e+02 7.7060372e+01 -1.0985045e+02 
1.6333008e+02 7.7210474e+01 -1.4618250e+02 
1.6992188e+02 7.6858611e+01 1.7431562e+02 
1.7651367e+02 7.6700383e+01 1.3575139e+02 
1.8383789e+02 7.6717022e+01 9.3821715e+01 
1.9116211e+02 7.6518999e+01 4.9515043e+01 
1.9848633e+02 7.5805407e+01 8.4317163e+00 
2.0654297e+02 7.6156130e+01 -3.4087661e+01 
2.1459961e+02 7.6458992e+01 -8.2503726e+01 
2.2265625e+02 7.6168707e+01 -1.2889150e+02 
2.3144531e+02 7.6770983e+01 1.7846541e+02 
2.4023438e+02 7.5996914e+01 1.2150465e+02 
2.4975586e+02 7.4844242e+01 7.3159580e+01 
2.6000977e+02 7.5362889e+01 1.8625054e+01 
2.7026367e+02 7.5470793e+01 -4.1609518e+01 
2.8051758e+02 7.4628532e+01 -1.0569068e+02 
2.9150391e+02 7.3532000e+01 -1.6428147e+02 
3.0322266e+02 7.4600986e+01 1.3556417e+02 
3.1494141e+02 7.5071589e+01 6.0279867e+01 
3.2739258e+02 7.4673368e+01 -1.7223519e+01 
3.3984375e+02 7.3966227e+01 -9.9590096e+01 
3.5375977e+02 7.2219115e+01 1.7949030e+02 
3.6767578e+02 7.2060548e+01 9.7000470e+01 
3.8159180e+02 7.2252484e+01 8.6558112e+00 
3.9697266e+02 7.1432216e+01 -9.1732163e+01 
4.1235352e+02 7.0076243e+01 1.7396377e+02 
4.2846680e+02 7.0540337e+01 8.2264197e+01 
4.4531250e+02 7.0819845e+01 -5.8017074e+00 
4.6289063e+02 7.1820048e+01 -1.0051058e+02 
4.8120117e+02 7.2097269e+01 1.6044886e+02 
5.0024414e+02 7.0963038e+01 6.9682543e+01 
5.1928711e+02 7.1956200e+01 -1.9713776e+01 
5.3979492e+02 7.2624419e+01 -1.2666758e+02 
5.6103516e+02 7.1256943e+01 1.3421657e+02 
5.8300781e+02 7.0838273e+01 3.6187681e+01 
6.0644531e+02 7.0684801e+01 -6.8523686e+01 
6.2988281e+02 7.0024965e+01 -1.7043821e+02 
6.5478516e+02 6.9394102e+01 7.9526395e+01 
6.8041992e+02 6.9641614e+01 -2.8271926e+01 
7.0678711e+02 6.9262137e+01 -1.4566501e+02 
7.3461914e+02 6.8271772e+01 9.8774542e+01 
7.6391602e+02 6.7700701e+01 -2.4545296e+01 
7.9394531e+02 6.7368084e+01 -1.4432593e+02 
8.2470703e+02 6.7110191e+01 8.7804899e+01 
8.5693359e+02 6.7585068e+01 -4.1564518e+01 
8.9062500e+02 6.7716011e+01 1.7693091e+02 
9.2578125e+02 6.6818470e+01 3.6100955e+01 
9.6240234e+02 6.7172315e+01 -1.1533321e+02 
9.9975586e+02 6.6566090e+01 9.5235230e+01 
1.0393066e+03 6.7150263e+01 -6.8842592e+01 
1.0803223e+03 6.6430782e+01 1.2483375e+02 
1.1228027e+03 6.6847562e+01 -4.9166426e+01 
1.1667480e+03 6.6913854e+01 1.3770986e+02 
1.2121582e+03 6.6238634e+01 -4.6721710e+01 
1.2597656e+03 6.6215663e+01 1.1530724e+02 
1.3095703e+03 6.5607772e+01 -8.5046001e+01 
1.3608398e+03 6.5872616e+01 6.7693189e+01 
1.4143066e+03 6.6144483e+01 -1.4520000e+02 
1.4699707e+03 6.5597277e+01 -3.9131843e+00 
1.5270996e+03 6.6414748e+01 1.2357426e+02 
1.5871582e+03 6.4978603e+01 -1.2234031e+02 
1.6494141e+03 6.4456087e+01 -1.0703419e+01 
1.7145996e+03 6.3111128e+01 1.0014419e+02 
1.7819824e+03 6.3452844e+01 -1.6863035e+02 
1.8515625e+03 6.4144526e+01 -7.9436840e+01 
1.9248047e+03 6.4051311e+01 -1.5211088e+01 
2.0002441e+03 6.4722425e+01 4.4168113e+01 
2.0786133e+03 6.4232245e+01 8.5732845e+01 
2.1599121e+03 6.3434236e+01 1.3194182e+02 
2.2448730e+03 6.4366731e+01 1.4607974e+02 
2.3327637e+03 6.2670904e+01 1.5436381e+02 
2.4243164e+03 6.3330805e+01 1.6087778e+02 
2.5195313e+03 6.3669855e+01 1.3400551e+02 
2.6184082e+03 6.2363808e+01 1.0092476e+02 
2.7216797e+03 6.2704304e+01 5.4626212e+01 
2.8286133e+03 6.1884671e+01 -1.4068851e+01 
2.9392090e+03 6.1365966e+01 -9.1405440e+01 
3.0549316e+03 6.0903683e+01 1.7416547e+02 
3.1750488e+03 6.0227504e+01 5.8733135e+01 
3.2995605e+03 6.0749585e+01 -6.9144194e+01 
3.4291992e+03 6.0219947e+01 1.3707712e+02 
3.5632324e+03 6.1348295e+01 -3.2544470e+01 
3.7038574e+03 5.9961863e+01 1.2514115e+02 
3.8488770e+03 5.9637198e+01 -8.7717851e+01 
3.9997559e+03 5.9793161e+01 3.5505943e+01 
4.1572266e+03 5.7967262e+01 1.3823585e+02 
4.3205566e+03 5.7834198e+01 -1.4834168e+02 
4.4897461e+03 5.7877948e+01 -8.7426429e+01 
4.6662598e+03 5.8151968e+01 -6.9555081e+01 
4.8493652e+03 5.7968526e+01 -6.5511133e+01 
5.0397949e+03 5.8908205e+01 -1.0079240e+02 
5.2375488e+03 5.7653552e+01 -1.6212601e+02 
5.4433594e+03 5.7422553e+01 1.0248536e+02 
5.6564941e+03 5.8343001e+01 -1.8387918e+01 
5.8791504e+03 5.7422143e+01 -1.7691287e+02 
6.1098633e+03 5.7011958e+01 -9.9804424e+00 
6.3493652e+03 5.6658368e+01 1.2863355e+02 
6.5991211e+03 5.6994643e+01 -1.3544749e+02 
6.8576660e+03 5.7162710e+01 -7.9474300e+01 
7.1271973e+03 5.7414553e+01 -6.4879153e+01 
7.4069824e+03 5.6629963e+01 -9.3499085e+01 
7.6977539e+03 5.6144377e+01 -1.6340073e+02 
8.0002441e+03 5.5694426e+01 7.7782110e+01 
8.3137207e+03 5.4183801e+01 -8.3670618e+01 
8.6403809e+03 5.2400192e+01 6.8115327e+01 
8.9794922e+03 5.1152672e+01 -1.7741280e+02 
9.3325195e+03 5.2833887e+01 -1.2525852e+02 
9.6987305e+03 5.1550344e+01 -1.3745541e+02 
1.0079590e+04 5.1181775e+01 1.6632979e+02 
1.0475098e+04 5.1630480e+01 4.5681461e+01 
1.0885986e+04 4.9524095e+01 -1.4522954e+02 
1.1313721e+04 4.8058616e+01 -1.4825932e+01 
1.1757568e+04 5.0468197e+01 5.6046382e+01 
1.2219727e+04 5.3564671e+01 1.7457194e+01 
1.2699463e+04 5.3571299e+01 -1.0002817e+02 
1.3197510e+04 5.0771172e+01 7.5181650e+01 
1.3716064e+04 4.7754212e+01 -1.5559997e+02 
1.4254395e+04 4.8361857e+01 -1.0444044e+02 
1.4813965e+04 4.7644813e+01 -1.6931538e+02 
1.5395508e+04 4.7780828e+01 5.2798424e+01 
1.5999756e+04 4.4975657e+01 1.7061979e+02 
1.6628174e+04 4.2143448e+01 -1.4415349e+02 
1.7280762e+04 4.0913658e+01 1.7014066e+02 
1.7959717e+04 4.0196825e+01 8.2431001e+00 
1.8664307e+04 3.8243281e+01 1.0968058e+02 
1.9397461e+04 3.7821853e+01 8.0153562e+01 
1.9999512e+04 4.1316064e+01 1.7498806e+02 
