Freq[Hz]     dBSPL  Phase[Deg]
2.0507813e+01 6.1905985e+01 -8.2914364e+01 
2.1240234e+01 6.2947414e+01 -8.8573208e+01 
2.1972656e+01 6.4698892e+01 -9.3224224e+01 
2.2705078e+01 6.5493666e+01 -1.0333141e+02 
2.4169922e+01 6.7788858e+01 -1.1720352e+02 
2.4902344e+01 6.9268801e+01 -1.2769180e+02 
2.5634766e+01 7.0321153e+01 -1.3975705e+02 
2.7099609e+01 7.2227829e+01 -1.6105247e+02 
2.7832031e+01 7.3359946e+01 -1.7327130e+02 
2.9296875e+01 7.5357979e+01 1.6453130e+02 
3.0029297e+01 7.6367738e+01 1.5237931e+02 
3.1494141e+01 7.7778135e+01 1.2548132e+02 
3.2226563e+01 7.8237796e+01 1.1268914e+02 
3.3691406e+01 7.8943230e+01 8.8384761e+01 
3.5156250e+01 7.9391141e+01 6.5917065e+01 
3.6621094e+01 7.9718848e+01 4.4964363e+01 
3.8085938e+01 7.9909619e+01 2.5835576e+01 
3.9550781e+01 8.0071862e+01 8.2087468e+00 
4.1015625e+01 8.0273991e+01 -8.5839606e+00 
4.2480469e+01 8.0301534e+01 -2.4205675e+01 
4.3945313e+01 8.0402719e+01 -3.9535300e+01 
4.6142578e+01 8.0522509e+01 -6.1363477e+01 
4.7607422e+01 8.0608244e+01 -7.5233823e+01 
4.9804688e+01 8.0546449e+01 -9.5911058e+01 
5.1269531e+01 8.0483553e+01 -1.0845533e+02 
5.3466797e+01 8.0285978e+01 -1.2633868e+02 
5.5664063e+01 8.0317053e+01 -1.4248040e+02 
5.7861328e+01 8.0382087e+01 -1.5979053e+02 
6.0058594e+01 8.0171719e+01 -1.7523412e+02 
6.2255859e+01 8.0073795e+01 1.6974636e+02 
6.5185547e+01 8.0017679e+01 1.4972452e+02 
6.7382813e+01 7.9990845e+01 1.3522055e+02 
7.0312500e+01 7.9945948e+01 1.1581817e+02 
7.3242188e+01 7.9873469e+01 9.7123890e+01 
7.5439453e+01 7.9882452e+01 8.3913789e+01 
7.9101563e+01 7.9945119e+01 6.0136787e+01 
8.2031250e+01 8.0181413e+01 4.2075004e+01 
8.4960938e+01 8.0002873e+01 2.3603754e+01 
8.8623047e+01 7.9868327e+01 1.9982069e+00 
9.1552734e+01 7.9801983e+01 -1.5079626e+01 
9.5214844e+01 7.9742477e+01 -3.6154893e+01 
9.8876953e+01 7.9602379e+01 -5.7238456e+01 
1.0327148e+02 7.9689322e+01 -8.2140616e+01 
1.0693359e+02 7.9419662e+01 -1.0315881e+02 
1.1132813e+02 7.9164537e+01 -1.2616634e+02 
1.1572266e+02 7.9260751e+01 -1.4778322e+02 
1.2011719e+02 7.9461067e+01 -1.7148830e+02 
1.2524414e+02 7.9696616e+01 1.5924787e+02 
1.2963867e+02 7.9501768e+01 1.3569045e+02 
1.3476563e+02 7.9643867e+01 1.0774032e+02 
1.4062500e+02 7.9418919e+01 7.7297627e+01 
1.4575195e+02 7.9358132e+01 5.0028606e+01 
1.5161133e+02 7.9463137e+01 2.1382426e+01 
1.5747070e+02 7.9725591e+01 -1.0960266e+01 
1.6333008e+02 7.9679570e+01 -4.3941526e+01 
1.6992188e+02 7.9399142e+01 -7.7935849e+01 
1.7651367e+02 7.9247462e+01 -1.1309294e+02 
1.8383789e+02 7.9389124e+01 -1.4988573e+02 
1.9116211e+02 7.9162202e+01 1.7047061e+02 
1.9848633e+02 7.8830332e+01 1.3259262e+02 
2.0654297e+02 7.8747160e+01 9.2620973e+01 
2.1459961e+02 7.8571905e+01 5.1589814e+01 
2.2265625e+02 7.8600989e+01 1.2484397e+01 
2.3144531e+02 7.8589285e+01 -3.3623022e+01 
2.4023438e+02 7.8503586e+01 -7.9608053e+01 
2.4975586e+02 7.8238398e+01 -1.2523333e+02 
2.6000977e+02 7.8991712e+01 -1.7957054e+02 
2.7026367e+02 7.8514203e+01 1.2410303e+02 
2.8051758e+02 7.7468924e+01 7.5024221e+01 
2.9150391e+02 7.8008621e+01 2.2206033e+01 
3.0322266e+02 7.8651663e+01 -4.1510942e+01 
3.1494141e+02 7.8000077e+01 -1.0442280e+02 
3.2739258e+02 7.7517714e+01 -1.6378941e+02 
3.3984375e+02 7.7823899e+01 1.3498585e+02 
3.5375977e+02 7.8009529e+01 6.2386390e+01 
3.6767578e+02 7.8273488e+01 -1.0025897e+01 
3.8159180e+02 7.8378280e+01 -7.9630341e+01 
3.9697266e+02 7.8251755e+01 -1.6248828e+02 
4.1235352e+02 7.8313429e+01 1.2340529e+02 
4.2846680e+02 7.8837274e+01 3.9464881e+01 
4.4531250e+02 7.8426307e+01 -4.8857238e+01 
4.6289063e+02 7.7719630e+01 -1.3442612e+02 
4.8120117e+02 7.7878349e+01 1.3815145e+02 
5.0024414e+02 7.7671012e+01 4.5893736e+01 
5.1928711e+02 7.7625658e+01 -4.4976893e+01 
5.3979492e+02 7.7437488e+01 -1.4030248e+02 
5.6103516e+02 7.7210724e+01 1.2357310e+02 
5.8300781e+02 7.7552444e+01 2.3185789e+01 
6.0644531e+02 7.7167329e+01 -8.3707621e+01 
6.2988281e+02 7.7375863e+01 1.7348420e+02 
6.5478516e+02 7.7084057e+01 6.1450328e+01 
6.8041992e+02 7.7259753e+01 -5.0058593e+01 
7.0678711e+02 7.7084969e+01 -1.6802822e+02 
7.3461914e+02 7.6891886e+01 7.5422394e+01 
7.6391602e+02 7.7183278e+01 -4.9832506e+01 
7.9394531e+02 7.7033603e+01 -1.7951034e+02 
8.2470703e+02 7.7425576e+01 4.9489066e+01 
8.5693359e+02 7.7321001e+01 -8.8113174e+01 
8.9062500e+02 7.7642679e+01 1.2790018e+02 
9.2578125e+02 7.7441015e+01 -2.4010659e+01 
9.6240234e+02 7.6940036e+01 -1.7598222e+02 
9.9975586e+02 7.6949166e+01 2.6563232e+01 
1.0393066e+03 7.6455283e+01 -1.3544082e+02 
1.0803223e+03 7.6887376e+01 5.3754067e+01 
1.1228027e+03 7.7484160e+01 -1.1974353e+02 
1.1667480e+03 7.7037963e+01 5.1414783e+01 
1.2121582e+03 7.7450121e+01 -1.3815765e+02 
1.2597656e+03 7.6722148e+01 2.5774329e+01 
1.3095703e+03 7.6425127e+01 1.7911532e+02 
1.3608398e+03 7.6806569e+01 -2.9294180e+01 
1.4143066e+03 7.6459135e+01 1.1178587e+02 
1.4699707e+03 7.6733285e+01 -1.2020718e+02 
1.5270996e+03 7.6459749e+01 4.6790743e+00 
1.5871582e+03 7.6265085e+01 1.1994007e+02 
1.6494141e+03 7.6126510e+01 -1.3127195e+02 
1.7145996e+03 7.6816491e+01 -3.7308608e+01 
1.7819824e+03 7.6959243e+01 4.1631898e+01 
1.8515625e+03 7.5927218e+01 1.1851666e+02 
1.9248047e+03 7.6493851e+01 -1.7352817e+02 
2.0002441e+03 7.7715709e+01 -1.2463725e+02 
2.0786133e+03 7.7439668e+01 -9.1900974e+01 
2.1599121e+03 7.6535559e+01 -6.0609104e+01 
2.2448730e+03 7.7611350e+01 -4.4991267e+01 
2.3327637e+03 7.7482178e+01 -5.0792286e+01 
2.4243164e+03 7.6572696e+01 -6.3709440e+01 
2.5195313e+03 7.7131807e+01 -8.7492452e+01 
2.6184082e+03 7.6829936e+01 -1.3590653e+02 
2.7216797e+03 7.6535576e+01 1.6653207e+02 
2.8286133e+03 7.6390860e+01 8.7989811e+01 
2.9392090e+03 7.6040415e+01 1.6367937e+00 
3.0549316e+03 7.6331611e+01 -1.1230518e+02 
3.1750488e+03 7.5029284e+01 1.2253784e+02 
3.2995605e+03 7.6018856e+01 -2.2700458e+01 
3.4291992e+03 7.5066089e+01 1.7028368e+02 
3.5632324e+03 7.5579659e+01 -1.1062422e+01 
3.7038574e+03 7.5221500e+01 1.3569673e+02 
3.8488770e+03 7.5225135e+01 -8.9665067e+01 
3.9997559e+03 7.5419106e+01 1.6255788e+01 
4.1572266e+03 7.5083739e+01 9.9039414e+01 
4.3205566e+03 7.5217213e+01 1.5513873e+02 
4.4897461e+03 7.4897439e+01 -1.6996590e+02 
4.6662598e+03 7.5389466e+01 -1.6494241e+02 
4.8493652e+03 7.5330057e+01 1.7635619e+02 
5.0397949e+03 7.4923144e+01 1.1626318e+02 
5.2375488e+03 7.5946545e+01 3.4536764e+01 
5.4433594e+03 7.5799302e+01 -7.5854638e+01 
5.6564941e+03 7.4966053e+01 1.3830671e+02 
5.8791504e+03 7.4766145e+01 -4.8324042e+01 
6.1098633e+03 7.4567877e+01 9.5394748e+01 
6.3493652e+03 7.4354510e+01 -1.5281067e+02 
6.5991211e+03 7.4693334e+01 -8.2355629e+01 
6.8576660e+03 7.4711557e+01 -4.9880510e+01 
7.1271973e+03 7.4496817e+01 -6.1650667e+01 
7.4069824e+03 7.4459993e+01 -1.1435963e+02 
7.6977539e+03 7.4789113e+01 1.4822841e+02 
8.0002441e+03 7.5299344e+01 7.5229630e-01 
8.3137207e+03 7.5569990e+01 1.6586149e+02 
8.6403809e+03 7.5039192e+01 -8.2986147e+01 
8.9794922e+03 7.4462389e+01 -1.5304187e+01 
9.3325195e+03 7.4120017e+01 -6.8614462e+00 
9.6987305e+03 7.3827710e+01 -4.5707588e+01 
1.0079590e+04 7.4511163e+01 -1.4777675e+02 
1.0475098e+04 7.4691963e+01 4.5116480e+01 
1.0885986e+04 7.4218634e+01 -1.7928135e+02 
1.1313721e+04 7.3814932e+01 -1.1212553e+02 
1.1757568e+04 7.5101067e+01 -1.0103195e+02 
1.2219727e+04 7.5383702e+01 1.6691144e+02 
1.2699463e+04 7.3402823e+01 3.2586449e+01 
1.3197510e+04 7.5186962e+01 -1.7655035e+02 
1.3716064e+04 7.7141531e+01 -1.3134101e+02 
1.4254395e+04 7.6613212e+01 -1.6622090e+02 
1.4813965e+04 7.5009326e+01 7.5636174e+01 
1.5395508e+04 7.4079326e+01 -1.1819887e+02 
1.5999756e+04 7.2205881e+01 -5.1585859e+01 
1.6628174e+04 7.2576663e+01 -6.5022162e+01 
1.7280762e+04 7.3575757e+01 1.5969360e+02 
1.7959717e+04 7.2771261e+01 -8.4014792e+01 
1.8664307e+04 7.0130961e+01 -6.1769199e+01 
1.9397461e+04 6.9932033e+01 -1.4427300e+02 
1.9999512e+04 7.0958020e+01 -7.0304784e+01 
