20.0 47.726776
20.290899 48.189777
20.586 48.683777
20.8855 49.216778
21.189301 49.804775
21.497499 50.446777
21.8102 51.133778
22.127399 51.859779
22.4492 52.610779
22.775801 53.373775
23.1071 54.133778
23.443199 54.875778
23.7841 55.586777
24.1301 56.257778
24.4811 56.882778
24.8372 57.461777
25.1984 57.995777
25.564899 58.489777
25.9368 58.951778
26.3141 59.392776
26.6968 59.82478
27.0851 60.259777
27.479099 60.709778
27.878799 61.177776
28.2843 61.662777
28.6957 62.15778
29.1131 62.65078
29.536501 63.132778
29.966101 63.593777
30.402 64.029778
30.8442 64.44278
31.2929 64.843773
31.748 65.246773
32.209801 65.668777
32.678299 66.126778
33.153599 66.626778
33.635899 67.16478
34.125099 67.732773
34.621498 68.312775
35.125 68.88678
35.635899 69.438774
36.154301 69.959778
36.680199 70.444778
37.213699 70.892776
37.755 71.321777
38.3041 71.740776
38.861301 72.059776
39.426498 72.415779
40.0 72.763779
40.581799 73.110779
41.1721 73.460777
41.771 73.818779
42.378502 74.187775
42.9949 74.56778
43.6203 74.956779
44.254799 75.353775
44.898499 75.756775
45.551498 76.16478
46.2141 76.580772
46.886299 77.005775
47.568298 77.443779
48.260201 77.893776
48.962101 78.352776
49.674301 78.815773
50.396801 79.278778
51.129902 79.735779
51.8736 80.183777
52.628101 80.619774
53.3936 81.043777
54.1702 81.454773
54.958099 81.850777
55.7575 82.231773
56.568501 82.597771
57.391399 82.946777
58.226101 83.280777
59.073 83.596771
59.932301 83.897774
60.804 84.183777
61.6884 84.452774
62.585701 84.708771
63.496 84.991776
64.419601 85.167778
65.356598 85.376778
66.307297 85.569771
67.271698 85.745773
68.250198 85.907776
69.242897 86.055771
70.250099 86.195778
71.271896 86.328773
72.308601 86.454773
73.360298 86.576775
74.427399 86.692772
75.509903 86.802773
76.608299 86.905777
77.722603 86.999771
78.853104 87.085777
80.0 87.163773
81.163597 87.232773
82.3442 87.293777
83.541901 87.347771
84.757 87.393776
85.989899 87.434776
87.240601 87.469772
88.509598 87.503777
89.797 87.526772
91.103104 87.551773
92.4282 87.572777
93.772598 87.592773
95.136597 87.610771
96.520401 87.627777
97.924301 87.641777
99.348602 87.652771
100.794 87.659775
102.26 87.661774
103.747 87.659775
105.256 87.657776
106.787 87.657776
108.34 87.659775
109.916 87.661774
111.515 87.660774
113.137 87.645775
114.783 87.599777
116.452 87.533775
118.146 87.441772
119.865 87.351776
121.608 87.279778
123.377 87.229774
125.171 87.197777
126.992 87.177773
128.839 87.165771
130.713 87.159775
132.615 87.151772
134.543 87.132774
136.5 87.096771
138.486 87.047775
140.5 86.979774
142.544 86.894775
144.617 86.809776
146.721 86.738777
148.855 86.689774
151.02 86.662773
153.217 86.647774
155.445 86.638771
157.706 86.634773
160.0 86.635773
162.327 86.637772
164.688 86.642776
167.084 86.647774
169.514 86.651772
171.98 86.647774
174.481 86.624771
177.019 86.567772
179.594 86.473778
182.206 86.364777
184.856 86.283775
187.545 86.248772
190.273 86.243774
193.041 86.253777
195.849 86.251778
198.697 86.218773
201.587 86.140778
204.52 86.026772
207.494 85.916771
210.512 85.842773
213.574 85.809776
216.681 85.810776
219.833 85.826775
223.03 85.840775
226.274 85.838776
229.565 85.810776
232.905 85.756775
236.292 85.681778
239.729 85.579773
243.216 85.499771
246.754 85.469772
250.343 85.472771
253.984 85.473778
257.678 85.433777
261.426 85.303772
265.229 85.104774
269.087 84.959778
273.001 84.893776
276.972 84.895775
281.0 84.945778
285.088 85.029778
289.234 85.103775
293.441 85.135773
297.709 85.121773
302.04 85.02314588853716
306.433 84.87032268519931
310.89 84.76429509670015
315.412 84.74606797639655
320.0 84.77963517764535
324.655 84.79998355380339
329.377 84.74212610487069
334.168 84.59204853756097
339.028 84.3997618518742
343.959 84.2852387545241
348.962 84.36149909886755
354.038 84.49053073826138
359.188 84.51431852606244
364.412 84.53488346227076
369.713 84.56020310695685
375.09 84.4982856067639
380.546 84.44311452176247
386.081 84.49169985195253
391.697 84.63302530404783
397.394 84.76210187804834
403.175 84.78591113402464
409.039 84.68046121861988
414.989 84.46673869190461
421.025 84.23974555387882
427.149 84.08047651125625
433.362 83.93092141739372
439.665 83.77709312564811
446.06 83.72296634273313
452.548 83.78255192200561
459.131 83.91183957017928
465.809 84.02082328725413
472.584 84.09950377994387
479.458 84.22587575496223
486.432 84.35293306566604
493.507 84.41766856541217
500.686 84.33207581427116
507.968 84.13216695888619
515.357 83.91991341268465
522.853 83.65433017566654
530.458 83.3893949545456
538.174 83.1771194560355
546.002 82.94548653349311
553.943 82.95449604027529
562.001 83.27514038980947
570.175 83.70042372873876
578.469 84.0163214704906
586.883 84.196845615065
595.419 84.25698386917566
604.08 84.28573079289313
612.866 84.32208738621743
621.78 84.25403720921913
630.824 84.06858196861191
640.0 83.99470937110948
649.309 84.03141227006873
658.753 84.06269937220334
668.335 83.96854523758388
678.056 83.87496071956721
687.919 83.72292337822388
697.925 83.65844106691077
708.077 83.74649134569842
718.376 83.65108806794369
728.825 83.30520579371715
739.426 83.1528522297325
750.181 83.34300908270347
761.093 83.2776669127006
772.163 82.90283757308075
783.394 82.64349862391447
794.789 82.48264262527236
806.349 82.32926243051126
818.078 82.16435745305857
829.977 81.88791754627117
842.05 81.51592812357646
854.298 81.2223910383313
866.724 81.12328585060627
879.33 81.04161926711504
892.12 80.93237370128506
905.097 81.15254071318687
918.262 81.77411715617737
931.618 82.46208659032708
945.169 82.92144542906343
958.917 83.23418837910013
972.864 83.50930214715089
987.015 83.62777599999998
1001.95 83.62777599999998
1007.81 83.74077599999998
1013.67 83.84277599999999
1019.53 83.93477599999999
1025.39 84.01577599999999
1031.25 84.08677599999999
1037.11 84.14677599999999
1042.97 84.19677599999999
1048.83 84.23577599999999
1054.69 84.263776
1060.55 84.28077599999999
1066.41 84.28677599999999
1072.27 84.281776
1078.12 84.26477599999998
1083.98 84.23777599999998
1089.84 84.19877599999998
1095.7 84.147776
1101.56 84.08677599999999
1107.42 84.013776
1113.28 83.92877599999998
1119.14 83.83277599999998
1125.0 83.72577599999998
1130.86 83.60877599999999
1136.72 83.47977599999999
1142.58 83.34067599999999
1148.44 83.19127599999999
1154.3 83.03207599999999
1160.16 82.86327599999998
1166.02 82.68537599999999
1171.88 82.49877599999999
1177.73 82.30397599999999
1183.59 82.10147599999999
1189.45 81.89187599999998
1195.31 81.67557599999999
1201.17 81.45327599999999
1207.03 81.22547599999999
1212.89 80.99267599999999
1218.75 80.75547599999999
1224.61 80.51437599999998
1230.47 80.26997599999999
1236.33 80.02267599999999
1242.19 79.77287599999998
1248.05 79.521076
1253.91 79.26757599999999
1259.77 79.01267599999998
1265.62 78.75657599999998
1271.48 78.49947599999999
1277.34 78.24147599999999
1283.2 77.98277599999999
1289.06 77.72317599999998
1294.92 77.46277599999999
1300.78 77.20157599999999
1306.64 76.93947599999998
1312.5 76.67627599999999
1318.36 76.41197599999998
1324.22 76.14647599999999
1330.08 75.87977599999999
1335.94 75.61177599999999
1341.8 75.34267599999998
1347.66 75.07257599999998
1353.52 74.801876
1359.38 74.53077599999999
1365.23 74.259976
1371.09 73.99017599999999
1376.95 73.72217599999999
1382.81 73.45697599999998
1388.67 73.19597599999999
1394.53 72.94027599999998
1400.39 72.69167599999999
1406.25 72.45157599999999
1412.11 72.22167599999999
1417.97 72.00377599999999
1423.83 71.79957599999999
1429.69 71.610576
1435.55 71.43807599999998
1441.41 71.28337599999999
1447.27 71.14717599999999
1453.12 71.03017599999998
1458.98 70.93237599999999
1464.84 70.853676
1470.7 70.79327599999999
1476.56 70.75037599999999
1482.42 70.72367599999998
1488.28 70.71177599999999
1494.14 70.71297599999998
1500.0 70.72557599999999
1505.86 70.74767599999998
1511.72 70.77737599999999
1517.58 70.81287599999999
1523.44 70.85237599999999
1529.3 70.89427599999999
1535.16 70.93687599999998
1541.02 70.97887599999999
1546.88 71.01877599999999
1552.73 71.05547599999998
1558.59 71.08797599999998
1564.45 71.115276
1570.31 71.13677599999998
1576.17 71.15177599999998
1582.03 71.159776
1587.89 71.16067599999998
1593.75 71.15407599999999
1599.61 71.14017599999998
1605.47 71.11897599999999
1611.33 71.09067599999999
1617.19 71.055776
1623.05 71.014676
1628.91 70.96807599999998
1634.77 70.91657599999999
1640.62 70.86087599999999
1646.48 70.80207599999999
1652.34 70.74087599999999
1658.2 70.678176
1664.06 70.61507599999999
1669.92 70.55237599999998
1675.78 70.49107599999999
1681.64 70.43187599999999
1687.5 70.37567599999998
1693.36 70.32297599999998
1699.22 70.27447599999999
1705.08 70.23057599999999
1710.94 70.19157599999998
1716.8 70.15767599999998
1722.66 70.128976
1728.52 70.10527599999999
1734.38 70.086576
1740.23 70.072476
1746.09 70.06267599999998
1751.95 70.05677599999999
1757.81 70.05427599999999
1763.67 70.05477599999999
1769.53 70.05757599999998
1775.39 70.06227599999998
1781.25 70.06837599999999
1787.11 70.07527599999999
1792.97 70.08247599999999
1798.83 70.08967599999998
1804.69 70.09627599999999
1810.55 70.101976
1816.41 70.10637599999998
1822.27 70.10917599999999
1828.12 70.10997599999999
1833.98 70.10837599999999
1839.84 70.10417599999998
1845.7 70.09707599999999
1851.56 70.08677599999999
1857.42 70.07277599999999
1863.28 70.05477599999999
1869.14 70.03237599999999
1875.0 70.00517599999999
1880.86 69.97277599999998
1886.72 69.93457599999999
1892.58 69.88997599999999
1898.44 69.83857599999999
1904.3 69.77967599999998
1910.16 69.71277599999999
1916.02 69.63717599999998
1921.88 69.55217599999999
1927.73 69.45737599999998
1933.59 69.35207599999998
1939.45 69.23567599999998
1945.31 69.10767599999998
1951.17 68.96767599999998
1957.03 68.81537599999999
1962.89 68.65047599999998
1968.75 68.47287599999999
1974.61 68.28247599999999
1980.47 68.07957599999999
1986.33 67.86447599999998
1992.19 67.63787599999999
1998.05 67.40067599999999
2003.91 67.15407599999999
2009.77 66.89977599999999
2015.62 66.63977599999998
2021.48 66.37657599999999
2027.34 66.11307599999999
2033.2 65.85307599999999
2039.06 65.600276
2044.92 65.35947599999999
2050.78 65.13527599999999
2056.64 64.93267599999999
2062.5 64.75647599999999
2068.36 64.61137599999999
2074.22 64.50087599999999
2080.08 64.42787599999998
2085.94 64.39367599999999
2091.8 64.39847599999999
2097.66 64.44087599999999
2103.52 64.51827599999999
2109.38 64.627276
2115.23 64.763376
2121.09 64.92207599999999
2126.95 65.09847599999999
2132.81 65.28787599999998
2138.67 65.48607599999998
2144.53 65.688876
2150.39 65.89297599999999
2156.25 66.09527599999998
2162.11 66.29297599999998
2167.97 66.48407599999999
2173.83 66.66667599999998
2179.69 66.839176
2185.55 67.00037599999999
2191.41 67.14927599999999
2197.27 67.28497599999999
2203.12 67.40707599999999
2208.98 67.51497599999999
2214.84 67.60827599999999
2220.7 67.68687599999998
2226.56 67.75067599999998
2232.42 67.799776
2238.28 67.83407599999998
2244.14 67.85387599999999
2250.0 67.85947599999999
2255.86 67.85127599999998
2261.72 67.82957599999999
2267.58 67.795076
2273.44 67.748376
2279.3 67.68997599999999
2285.16 67.62087599999998
2291.02 67.54187599999999
2296.88 67.45367599999999
2302.73 67.357576
2308.59 67.254376
2314.45 67.14527599999998
2320.31 67.031376
2326.17 66.91397599999999
2332.03 66.79407599999999
2337.89 66.673076
2343.75 66.55197599999998
2349.61 66.43207599999998
2355.47 66.31437599999998
2361.33 66.19987599999999
2367.19 66.08947599999999
2373.05 65.98407599999999
2378.91 65.88417599999998
2384.77 65.79047599999998
2390.62 65.70307599999998
2396.48 65.62227599999999
2402.34 65.54817599999998
2408.2 65.48047599999998
2414.06 65.41907599999999
2419.92 65.36337599999999
2425.78 65.31307599999998
2431.64 65.26757599999999
2437.5 65.22627599999998
2443.36 65.18857599999998
2449.22 65.15387599999998
2455.08 65.121676
2460.94 65.09147599999999
2466.8 65.06287599999999
2472.66 65.03567599999998
2478.52 65.00967599999998
2484.38 64.98487599999999
2490.23 64.96137599999999
2496.09 64.93927599999999
2501.95 64.91907599999999
2507.81 64.89407599999998
2513.67 64.880676
2519.53 64.87677599999999
2525.39 64.86937599999999
2531.25 64.86637599999999
2537.11 64.86857599999999
2542.97 64.87627599999999
2548.83 64.88997599999999
2554.69 64.90997599999999
2560.55 64.93647599999998
2566.41 64.96937599999998
2572.27 65.008676
2578.12 65.05407599999998
2583.98 65.10507599999998
2589.84 65.16127599999999
2595.7 65.22197599999998
2601.56 65.28637599999999
2607.42 65.353676
2613.28 65.423076
2619.14 65.49357599999999
2625.0 65.56437599999998
2630.86 65.63467599999998
2636.72 65.70337599999999
2642.58 65.769776
2648.44 65.83307599999999
2654.3 65.89247599999999
2660.16 65.94727599999999
2666.02 65.99677599999998
2671.88 66.04047599999998
2677.73 66.07777599999999
2683.59 66.10817599999999
2689.45 66.13127599999999
2695.31 66.14657599999998
2701.17 66.15387599999998
2707.03 66.15277599999999
2712.89 66.14317599999998
2718.75 66.12487599999999
2724.61 66.09777599999998
2730.47 66.061776
2736.33 66.01697599999999
2742.19 65.96337599999998
2748.05 65.90107599999999
2753.91 65.83037599999999
2759.77 65.75147599999998
2765.62 65.66457599999998
2771.48 65.57017599999999
2777.34 65.46867599999999
2783.2 65.360576
2789.06 65.24617599999999
2794.92 65.126376
2800.78 65.00157599999999
2806.64 64.87257599999998
2812.5 64.74007599999999
2818.36 64.60487599999999
2824.22 64.46777599999999
2830.08 64.32977599999998
2835.94 64.19167599999999
2841.8 64.05467599999999
2847.66 63.919775999999985
2853.52 63.78807599999999
2859.38 63.66087599999999
2865.23 63.53937599999999
2871.09 63.424775999999994
2876.95 63.31857599999999
2882.81 63.221875999999995
2888.67 63.13627599999998
2894.53 63.06287599999999
2900.39 63.00297599999999
2906.25 62.95757599999999
2912.11 62.92767599999999
2917.97 62.91387599999999
2923.83 62.91687599999999
2929.69 62.936775999999995
2935.55 62.97347599999999
2941.41 63.026675999999995
2947.27 63.09567599999998
2953.12 63.17937599999999
2958.98 63.276775999999984
2964.84 63.38627599999998
2970.7 63.506275999999986
2976.56 63.635075999999984
2982.42 63.770675999999995
2988.28 63.91137599999999
2994.14 64.05517599999999
3000.0 64.20027599999999
3005.86 64.34497599999999
3011.72 64.487676
3017.58 64.62667599999999
3023.44 64.76067599999999
3029.3 64.88847599999998
3035.16 65.00887599999999
3041.02 65.12107599999999
3046.88 65.22407599999998
3052.73 65.31737599999998
3058.59 65.40047599999998
3064.45 65.47287599999999
3070.31 65.534376
3076.17 65.584876
3082.03 65.62447599999999
3087.89 65.65317599999999
3093.75 65.67137599999998
3099.61 65.67937599999999
3105.47 65.677776
3111.33 65.667076
3117.19 65.64807599999999
3123.05 65.62157599999999
3128.91 65.58837599999998
3134.77 65.54957599999999
3140.62 65.50627599999999
3146.48 65.45947599999998
3152.34 65.41037599999999
3158.2 65.36017599999998
3164.06 65.30997599999999
3169.92 65.26107599999999
3175.78 65.21447599999999
3181.64 65.17117599999999
3187.5 65.13207599999998
3193.36 65.09807599999999
3199.22 65.06977599999999
3205.08 65.04757599999999
3210.94 65.03187599999998
3216.8 65.022776
3222.66 65.02027599999998
3228.52 65.02417599999998
3234.38 65.03417599999999
3240.23 65.04967599999999
3246.09 65.07037599999998
3251.95 65.09567599999998
3257.81 65.12477599999998
3263.67 65.15727599999998
3269.53 65.19257599999999
3275.39 65.23007599999998
3281.25 65.26957599999999
3287.11 65.31067599999999
3292.97 65.353276
3298.83 65.39727599999999
3304.69 65.44277599999998
3310.55 65.49007599999999
3316.41 65.53957599999998
3322.27 65.59177599999998
3328.12 65.64727599999999
3333.98 65.70667599999999
3339.84 65.77077599999998
3345.7 65.84017599999999
3351.56 65.915776
3357.42 65.99807599999998
3363.28 66.08757599999998
3369.14 66.18487599999999
3375.0 66.28997599999998
3380.86 66.40327599999999
3386.72 66.52437599999999
3392.58 66.65317599999999
3398.44 66.78917599999998
3404.3 66.93177599999999
3410.16 67.08027599999998
3416.02 67.23357599999999
3421.88 67.390976
3427.73 67.55137599999999
3433.59 67.71357599999999
3439.45 67.87677599999999
3445.31 68.03987599999999
3451.17 68.20187599999998
3457.03 68.36187599999998
3462.89 68.51897599999998
3468.75 68.67247599999999
3474.61 68.821576
3480.47 68.96577599999999
3486.33 69.10437599999999
3492.19 69.23707599999999
3498.05 69.36327599999998
3503.91 69.48287599999999
3509.77 69.59537599999999
3515.62 69.70057599999998
3521.48 69.79837599999999
3527.34 69.88867599999999
3533.2 69.97127599999999
3539.06 70.04607599999999
3544.92 70.11317599999998
3550.78 70.17247599999999
3556.64 70.22407599999998
3562.5 70.26787599999999
3568.36 70.30407599999998
3574.22 70.33257599999999
3580.08 70.35347599999999
3585.94 70.366976
3591.8 70.37307599999998
3597.66 70.37187599999999
3603.52 70.36347599999999
3609.38 70.34787599999999
3615.23 70.32537599999999
3621.09 70.29607599999999
3626.95 70.25987599999999
3632.81 70.21707599999999
3638.67 70.16777599999999
3644.53 70.11207599999999
3650.39 70.050176
3656.25 69.98217599999998
3662.11 69.90837599999999
3667.97 69.828876
3673.83 69.74397599999999
3679.69 69.65387599999998
3685.55 69.55907599999999
3691.41 69.459876
3697.27 69.356676
3703.12 69.24997599999999
3708.98 69.14047599999999
3714.84 69.02887599999998
3720.7 68.91587599999998
3726.56 68.80237599999998
3732.42 68.68937599999998
3738.28 68.57797599999999
3744.14 68.46947599999999
3750.0 68.36497599999998
3755.86 68.265976
3761.72 68.17387599999999
3767.58 68.09007599999998
3773.44 68.015976
3779.3 67.95307599999998
3785.16 67.90257599999998
3791.02 67.86557599999999
3796.88 67.84307599999998
3802.73 67.83567599999999
3808.59 67.84377599999999
3814.45 67.86757599999999
3820.31 67.90697599999999
3826.17 67.96137599999999
3832.03 68.03017599999998
3837.89 68.11237599999998
3843.75 68.206876
3849.61 68.31247599999999
3855.47 68.427776
3861.33 68.55137599999999
3867.19 68.68187599999999
3873.05 68.81777599999998
3878.91 68.95807599999999
3884.77 69.10127599999998
3890.62 69.24647599999999
3896.48 69.39247599999999
3902.34 69.53857599999999
3908.2 69.68387599999998
3914.06 69.82787599999999
3919.92 69.96977599999998
3925.78 70.10937599999998
3931.64 70.24607599999999
3937.5 70.37967599999999
3943.36 70.509976
3949.22 70.63677599999998
3955.08 70.759976
3960.94 70.87927599999999
3966.8 70.99487599999999
3972.66 71.10647599999999
3978.52 71.214176
3984.38 71.31777599999998
3990.23 71.417476
3996.09 71.512976
4001.95 71.60427599999998
4007.81 71.69137599999999
4013.67 71.77417599999998
4019.53 71.85247599999998
4025.39 71.92617599999998
4031.25 71.99517599999999
4037.11 72.05937599999999
4042.97 72.11837599999998
4048.83 72.17227599999998
4054.69 72.220576
4060.55 72.26317599999999
4066.41 72.29997599999999
4072.27 72.330576
4078.12 72.35477599999999
4083.98 72.37227599999999
4089.84 72.38297599999999
4095.7 72.38657599999999
4101.56 72.38287599999998
4107.42 72.37157599999999
4113.28 72.35267599999999
4119.14 72.32577599999999
4125.0 72.290776
4130.86 72.24757599999998
4136.72 72.196176
4142.58 72.13627599999998
4148.44 72.06797599999999
4154.3 71.99127599999998
4160.16 71.90627599999999
4166.02 71.81297599999999
4171.88 71.711576
4177.73 71.54147599999999
4183.59 71.42117599999999
4189.45 71.29397599999999
4195.31 71.224876
4201.17 71.08877599999998
4207.03 70.94737599999999
4212.89 70.80157599999998
4218.75 70.65227599999999
4224.61 70.50057599999998
4230.47 70.34787599999999
4236.33 70.19537599999998
4242.19 70.04477599999998
4248.05 69.89757599999999
4253.91 69.75537599999998
4259.77 69.62017599999999
4265.62 69.49347599999999
4271.48 69.37707599999999
4277.34 69.27247599999998
4283.2 69.18097599999999
4289.06 69.103676
4294.92 69.04147599999999
4300.78 68.99467599999998
4306.64 68.96317599999999
4312.5 68.94687599999999
4318.36 68.94467599999999
4324.22 68.95567599999998
4330.08 68.978276
4335.94 69.01087599999998
4341.8 69.05137599999999
4347.66 69.09777599999998
4353.52 69.14807599999999
4359.38 69.20007599999998
4365.23 69.25157599999999
4371.09 69.30077599999998
4376.95 69.345576
4382.81 69.38417599999998
4388.67 69.41497599999998
4394.53 69.43647599999998
4400.39 69.44717599999998
4406.25 69.44567599999999
4412.11 69.43097599999999
4417.97 69.40177599999998
4423.83 69.35707599999999
4429.69 69.29597599999998
4435.55 69.21737599999999
4441.41 69.12027599999999
4447.27 69.003976
4453.12 68.86727599999999
4458.98 68.70927599999999
4464.84 68.52907599999999
4470.7 68.32537599999999
4476.56 68.09717599999999
4482.42 67.84317599999999
4488.28 67.56207599999999
4494.14 67.25247599999999
4500.0 66.91267599999999
4505.86 66.54127599999998
4511.72 66.13647599999999
4517.58 65.69677599999999
4523.44 65.22077599999999
4529.3 64.70757599999999
4535.16 64.15697599999999
4541.02 63.57057599999999
4546.88 62.95227599999998
4552.73 62.31037599999999
4558.59 61.65887599999999
4564.45 61.01987599999998
4570.31 60.42337599999999
4576.17 59.90627599999999
4582.03 59.50607599999999
4587.89 59.25517599999999
4593.75 59.174475999999984
4599.61 59.270775999999984
4605.47 59.53547599999999
4611.33 59.94577599999998
4617.19 60.46847599999998
4623.05 61.065775999999985
4628.91 61.70167599999999
4634.77 62.347275999999994
4640.62 62.981875999999986
4646.48 63.59267599999998
4652.34 64.172176
4658.2 64.71687599999998
4664.06 65.22597599999999
4669.92 65.69967599999998
4675.78 66.13917599999999
4681.64 66.54617599999999
4687.5 66.922176
4693.36 67.26897599999998
4699.22 67.58837599999998
4705.08 67.88177599999999
4710.94 68.15067599999999
4716.8 68.39637599999999
4722.66 68.62007599999998
4728.52 68.82267599999999
4734.38 69.00517599999999
4740.23 69.16827599999999
4746.09 69.31267599999998
4751.95 69.438876
4757.81 69.547176
4763.67 69.637976
4769.53 69.71147599999999
4775.39 69.767676
4781.25 69.80657599999999
4787.11 69.82807599999998
4792.97 69.831876
4798.83 69.81757599999999
4804.69 69.784776
4810.55 69.73277599999999
4816.41 69.66097599999999
4822.27 69.56847599999999
4828.12 69.45417599999999
4833.98 69.31707599999999
4839.84 69.15577599999999
4845.7 68.96867599999999
4851.56 68.753976
4857.42 68.50977599999999
4863.28 68.23357599999999
4869.14 67.92277599999998
4875.0 67.57427599999998
4880.86 67.18437599999999
4886.72 66.74907599999999
4892.58 66.26357599999999
4898.44 65.72267599999999
4904.3 65.12067599999999
4910.16 64.45187599999998
4916.02 63.71187599999999
4921.88 62.90047599999998
4927.73 62.02697599999999
4933.59 61.119975999999994
4939.45 60.23837599999999
4945.31 59.47077599999999
4951.17 58.91137599999999
4957.03 58.63107599999999
4962.89 58.66607599999999
4968.75 59.02187599999999
4974.61 59.673675999999986
4980.47 60.56247599999999
4986.33 61.59927599999999
4992.19 62.68957599999999
4998.05 63.76327599999999
5003.91 64.78237599999999
5009.77 65.73217599999998
5015.62 66.61067599999998
5021.48 67.42117599999999
5027.34 68.16927599999998
5033.2 68.86067599999998
5039.06 69.500976
5044.92 70.09487599999999
5050.78 70.64697599999998
5056.64 71.16087599999999
5062.5 71.63997599999999
5068.36 72.08717599999999
5074.22 72.50477599999999
5080.08 72.89517599999999
5085.94 73.26017599999999
5091.8 73.60147599999999
5097.66 73.92067599999999
5103.52 74.21897599999998
5109.38 74.49757599999998
5115.23 74.75767599999999
5121.09 75.00027599999999
5126.95 75.22607599999999
5132.81 75.43597599999998
5138.67 75.63077599999998
5144.53 75.81117599999999
5150.39 75.97767599999999
5156.25 76.13087599999999
5162.11 76.27137599999999
5167.97 76.39977599999999
5173.83 76.516376
5179.69 76.621676
5185.55 76.71607599999999
5191.41 76.80007599999999
5197.27 76.87387599999998
5203.12 76.93797599999999
5208.98 76.99257599999999
5214.84 77.03807599999999
5220.7 77.074576
5226.56 77.10257599999998
5232.42 77.12217599999998
5238.28 77.13357599999999
5244.14 77.137076
5250.0 77.13287599999998
5255.86 77.12107599999999
5261.72 77.10187599999999
5267.58 77.075476
5273.44 77.04197599999999
5279.3 77.00147599999998
5285.16 76.954276
5291.02 76.900376
5296.88 76.83987599999999
5302.73 76.77307599999999
5308.59 76.70007599999998
5314.45 76.62087599999998
5320.31 76.53587599999999
5326.17 76.44517599999999
5332.03 76.348976
5337.89 76.24767599999998
5343.75 76.14127599999999
5349.61 76.03037599999999
5355.47 75.91527599999999
5361.33 75.79637599999998
5367.19 75.67407599999999
5373.05 75.54907599999999
5378.91 75.421776
5384.77 75.29287599999999
5390.62 75.16307599999999
5396.48 75.03317599999998
5402.34 74.903776
5408.2 74.77587599999998
5414.06 74.65027599999999
5419.92 74.52767599999999
5425.78 74.40907599999998
5431.64 74.29517599999998
5437.5 74.18687599999998
5443.36 74.08477599999999
5449.22 73.98947599999998
5455.08 73.90147599999999
5460.94 73.821176
5466.8 73.74887599999998
5472.66 73.68467599999998
5478.52 73.62837599999999
5484.38 73.57997599999999
5490.23 73.53897599999999
5496.09 73.50497599999998
5501.95 73.47737599999999
5507.81 73.45547599999999
5513.67 73.438476
5519.53 73.42547599999999
5525.39 73.41557599999999
5531.25 73.40797599999999
5537.11 73.401676
5542.97 73.39577599999998
5548.83 73.38927599999998
5554.69 73.38157599999998
5560.55 73.371676
5566.41 73.35877599999999
5572.27 73.34237599999999
5578.12 73.32167599999998
5583.98 73.29627599999999
5589.84 73.26557599999998
5595.7 73.22907599999999
5601.56 73.18657599999999
5607.42 73.13757599999998
5613.28 73.08207599999999
5619.14 73.019776
5625.0 72.950476
5630.86 72.87437599999998
5636.72 72.79127599999998
5642.58 72.70137599999998
5648.44 72.60467599999998
5654.3 72.50157599999999
5660.16 72.39217599999999
5666.02 72.27677599999998
5671.88 72.15577599999999
5677.73 72.02957599999999
5683.59 71.89857599999999
5689.45 71.76327599999999
5695.31 71.624276
5701.17 71.48197599999999
5707.03 71.33717599999999
5712.89 71.190176
5718.75 71.04177599999998
5724.61 70.89247599999999
5730.47 70.74297599999998
5736.33 70.59377599999999
5742.19 70.44537599999998
5748.05 70.29827599999999
5753.91 70.15297599999998
5759.77 70.009976
5765.62 69.86957599999998
5771.48 69.73197599999999
5777.34 69.59767599999999
5783.2 69.46667599999999
5789.06 69.33927599999998
5794.92 69.21547599999998
5800.78 69.095576
5806.64 68.979576
5812.5 68.86757599999999
5818.36 68.75967599999998
5824.22 68.65607599999998
5830.08 68.55677599999999
5835.94 68.46217599999999
5841.8 68.37257599999998
5847.66 68.28807599999999
5853.52 68.176476
5859.38 68.10767599999998
5865.23 68.04597599999998
5871.09 68.02377599999998
5876.95 67.97447599999998
5882.81 67.93407599999999
5888.67 67.90307599999998
5894.53 67.88227599999999
5900.39 67.87217599999998
5906.25 67.873376
5912.11 67.88627599999998
5917.97 67.91117599999998
5923.83 67.94817599999999
5929.69 67.99727599999999
5935.55 68.05817599999999
5941.41 68.130676
5947.27 68.21397599999999
5953.12 68.30757599999998
5958.98 68.41047599999999
5964.84 68.52187599999999
5970.7 68.64047599999999
5976.56 68.76547599999999
5982.42 68.89547599999999
5988.28 69.02937599999998
5994.14 69.166176
6000.0 69.30467599999999
6005.86 69.44387599999999
6011.72 69.58287599999998
6017.58 69.72067599999998
6023.44 69.85657599999999
6029.3 69.98987599999998
6035.16 70.11987599999999
6041.02 70.24607599999999
6046.88 70.36807599999999
6052.73 70.48537599999999
6058.59 70.59797599999999
6064.45 70.70537599999999
6070.31 70.80757599999998
6076.17 70.90457599999999
6082.03 70.99617599999999
6087.89 71.08257599999999
6093.75 71.16367599999998
6099.61 71.23977599999999
6105.47 71.31107599999999
6111.33 71.377676
6117.19 71.43997599999999
6123.05 71.49807599999998
6128.91 71.55247599999998
6134.77 71.60337599999998
6140.62 71.65127599999998
6146.48 71.69637599999999
6152.34 71.73927599999999
6158.2 71.78017599999998
6164.06 71.81957599999998
6169.92 71.85787599999999
6175.78 71.89537599999998
6181.64 71.932476
6187.5 71.96947599999999
6193.36 72.00677599999999
6199.22 72.04447599999999
6205.08 72.08297599999999
6210.94 72.12237599999999
6216.8 72.16267599999999
6222.66 72.20417599999999
6228.52 72.24677599999998
6234.38 72.29047599999998
6240.23 72.33517599999999
6246.09 72.38087599999999
6251.95 72.42727599999999
6257.81 72.47417599999999
6263.67 72.52137599999999
6269.53 72.568576
6275.39 72.61557599999999
6281.25 72.66187599999999
6287.11 72.707276
6292.97 72.751376
6298.83 72.79387599999998
6304.69 72.83437599999999
6310.55 72.87257599999998
6316.41 72.908076
6322.27 72.940576
6328.12 72.96987599999999
6333.98 72.99557599999999
6339.84 73.01737599999998
6345.7 73.03517599999999
6351.56 73.04857599999998
6357.42 73.057476
6363.28 73.061776
6369.14 73.06117599999999
6375.0 73.05567599999999
6380.86 73.045076
6386.72 73.02937599999998
6392.58 73.00847599999999
6398.44 72.98247599999999
6404.3 72.951276
6410.16 72.91497599999998
6416.02 72.87357599999999
6421.88 72.82727599999998
6427.73 72.77607599999999
6433.59 72.72027599999998
6439.45 72.65987599999998
6445.31 72.59517599999998
6451.17 72.52647599999999
6457.03 72.453876
6462.89 72.377676
6468.75 72.29817599999998
6474.61 72.21577599999999
6480.47 72.13057599999999
6486.33 72.04307599999999
6492.19 71.95357599999998
6498.05 71.86237599999998
6503.91 71.76987599999998
6509.77 71.67637599999999
6515.62 71.58217599999999
6521.48 71.48777599999998
6527.34 71.39327599999999
6533.2 71.29897599999998
6539.06 71.20537599999999
6544.92 71.11257599999999
6550.78 71.02087599999999
6556.64 70.93037599999998
6562.5 70.84147599999999
6568.36 70.75407599999998
6574.22 70.66857599999999
6580.08 70.584876
6585.94 70.50317599999998
6591.8 70.42337599999999
6597.66 70.34567599999998
6603.52 70.26997599999999
6609.38 70.196176
6615.23 70.12437599999998
6621.09 70.054476
6626.95 69.98627599999999
6632.81 69.91977599999998
6638.67 69.85487599999999
6644.53 69.79137599999999
6650.39 69.72917599999998
6656.25 69.66807599999999
6662.11 69.60807599999998
6667.97 69.54887599999999
6673.83 69.49037599999998
6679.69 69.432476
6685.55 69.37507599999999
6691.41 69.31797599999999
6697.27 69.26107599999999
6703.12 69.20437599999998
6708.98 69.14767599999999
6714.84 69.090876
6720.7 69.03417599999999
6726.56 68.97727599999999
6732.42 68.92037599999999
6738.28 68.86347599999999
6744.14 68.80667599999998
6750.0 68.74997599999999
6755.86 68.69367599999998
6761.72 68.63777599999999
6767.58 68.58257599999999
6773.44 68.52817599999999
6779.3 68.47507599999999
6785.16 68.42337599999999
6791.02 68.373376
6796.88 68.32537599999999
6802.73 68.27987599999999
6808.59 68.23697599999998
6814.45 68.19717599999998
6820.31 68.16067599999998
6826.17 68.12777599999998
6832.03 68.09867599999998
6837.89 68.07367599999999
6843.75 68.052776
6849.61 68.03617599999998
6855.47 68.02377599999998
6861.33 68.01567599999998
6867.19 68.01157599999999
6873.05 68.01127599999998
6878.91 68.01457599999999
6884.77 68.02097599999999
6890.62 68.02997599999999
6896.48 68.041176
6902.34 68.05387599999999
6908.2 68.06747599999998
6914.06 68.08117599999999
6919.92 68.09437599999998
6925.78 68.10617599999999
6931.64 68.11577599999998
6937.5 68.12237599999999
6943.36 68.12527599999999
6949.22 68.12367599999999
6955.08 68.11657599999998
6960.94 68.10347599999999
6966.8 68.083576
6972.66 68.05607599999999
6978.52 68.02037599999998
6984.38 67.97597599999999
6990.23 67.922176
6996.09 67.85847599999998
7001.95 67.78447599999998
7007.81 67.69977599999999
7013.67 67.60407599999999
7019.53 67.49707599999999
7025.39 67.37877599999999
7031.25 67.24887599999998
7037.11 67.107576
7042.97 66.95507599999999
7048.83 66.79167599999998
7054.69 66.61777599999999
7060.55 66.434176
7066.41 66.24157599999998
7072.27 66.04137599999999
7078.12 65.83477599999999
7083.98 65.62347599999998
7089.84 65.40947599999998
7095.7 65.19507599999999
7101.56 64.98287599999999
7107.42 64.775776
7113.28 64.57677599999998
7119.14 64.38907599999999
7125.0 64.21597599999998
7130.86 64.060476
7136.72 63.925375999999986
7142.58 63.81307599999998
7148.44 63.72537599999998
7154.3 63.663375999999985
7160.16 63.627375999999984
7166.02 63.616975999999994
7171.88 63.63087599999999
7177.73 63.667075999999994
7183.59 63.72307599999999
7189.45 63.795675999999986
7195.31 63.88177599999999
7201.17 63.97777599999999
7207.03 64.08007599999999
7212.89 64.18537599999999
7218.75 64.290376
7224.61 64.39227599999998
7230.47 64.48847599999999
7236.33 64.57657599999999
7242.19 64.65477599999998
7248.05 64.72137599999999
7253.91 64.77517599999999
7259.77 64.81507599999999
7265.62 64.84047599999998
7271.48 64.85097599999999
7277.34 64.84627599999999
7283.2 64.82667599999999
7289.06 64.79237599999999
7294.92 64.74417599999998
7300.78 64.68297599999998
7306.64 64.61007599999999
7312.5 64.52717599999998
7318.36 64.43627599999999
7324.22 64.33967599999998
7330.08 64.240276
7335.94 64.14107599999998
7341.8 64.045476
7347.66 63.95737599999998
7353.52 63.88027599999998
7359.38 63.818175999999994
7365.23 63.77447599999999
7371.09 63.75257599999999
7376.95 63.75487599999998
7382.81 63.78357599999998
7388.67 63.839575999999994
7394.53 63.923175999999984
7400.39 64.03357599999998
7406.25 64.16937599999999
7412.11 64.32817599999998
7417.97 64.506976
7423.83 64.702576
7429.69 64.91117599999998
7435.55 65.12917599999999
7441.41 65.35297599999998
7447.27 65.57917599999999
7453.12 65.804476
7458.98 66.02617599999999
7464.84 66.24167599999998
7470.7 66.44907599999999
7476.56 66.64637599999999
7482.42 66.83217599999999
7488.28 67.00527599999998
7494.14 67.16467599999999
7500.0 67.30977599999999
7505.86 67.43997599999999
7511.72 67.554876
7517.58 67.65427599999998
7523.44 67.76147599999999
7529.3 67.82207599999998
7535.16 67.86727599999999
7541.02 67.897376
7546.88 67.89407599999998
7552.73 67.90277599999999
7558.59 67.89757599999999
7564.45 67.878976
7570.31 67.84787599999999
7576.17 67.80477599999999
7582.03 67.75087599999999
7587.89 67.68707599999999
7593.75 67.61457599999999
7599.61 67.53457599999999
7605.47 67.44857599999999
7611.33 67.35787599999999
7617.19 67.26437599999998
7623.05 67.16947599999999
7628.91 67.07507599999998
7634.77 66.98287599999999
7640.62 66.894776
7646.48 66.81247599999999
7652.34 66.73747599999999
7658.2 66.67147599999998
7664.06 66.615676
7669.92 66.57107599999999
7675.78 66.53867599999998
7681.64 66.51877599999999
7687.5 66.51177599999998
7693.36 66.51737599999998
7699.22 66.53527599999998
7705.08 66.564776
7710.94 66.60487599999999
7716.8 66.65437599999998
7722.66 66.71207599999998
7728.52 66.77627599999998
7734.38 66.84567599999998
7740.23 66.91867599999999
7746.09 66.993676
7751.95 67.06937599999999
7757.81 67.14427599999999
7763.67 67.21707599999999
7769.53 67.28677599999999
7775.39 67.35237599999999
7781.25 67.412776
7787.11 67.46747599999999
7792.97 67.51577599999999
7798.83 67.55727599999999
7804.69 67.59137599999998
7810.55 67.61797599999998
7816.41 67.63687599999999
7822.27 67.64807599999999
7828.12 67.65127599999998
7833.98 67.64677599999999
7839.84 67.63457599999998
7845.7 67.61477599999999
7851.56 67.58767599999999
7857.42 67.55327599999998
7863.28 67.51187599999999
7869.14 67.46377599999998
7875.0 67.40897599999998
7880.86 67.34797599999999
7886.72 67.28077599999999
7892.58 67.20757599999999
7898.44 67.12867599999998
7904.3 67.04407599999999
7910.16 66.953876
7916.02 66.85817599999999
7921.88 66.75707599999998
7927.73 66.650376
7933.59 66.53817599999999
7939.45 66.42027599999999
7945.31 66.29657599999999
7951.17 66.16687599999999
7957.03 66.03087599999999
7962.89 65.88847599999998
7968.75 65.73917599999999
7974.61 65.58267599999999
7980.47 65.41867599999999
7986.33 65.24687599999999
7992.19 65.06667599999999
7998.05 64.87777599999998
8003.91 64.679876
8009.77 64.47237599999998
8015.62 64.25517599999999
8021.48 64.02767599999999
8027.34 63.78977599999999
8033.2 63.54107599999999
8039.06 63.28157599999999
8044.92 63.01117599999999
8050.78 62.72987599999999
8056.64 62.43787599999999
8062.5 62.13547599999998
8068.36 61.82337599999998
8074.22 61.502275999999995
8080.08 61.173075999999995
8085.94 60.83747599999998
8091.8 60.496875999999986
8097.66 60.15357599999999
8103.52 59.80997599999999
8109.38 59.46907599999999
8115.23 59.13417599999998
8121.09 58.808775999999995
8126.95 58.49677599999998
8132.81 58.20207599999999
8138.67 57.92857599999999
8144.53 57.67987599999999
8150.39 57.45907599999998
8156.25 57.26877599999999
8162.11 57.11077599999999
8167.97 56.98587599999999
8173.83 56.89417599999999
8179.69 56.83477599999999
8185.55 56.805775999999994
8191.41 56.804675999999986
8197.27 56.82827599999999
8203.12 56.87277599999999
8208.98 56.934375999999986
8214.84 57.00887599999999
8220.7 57.092575999999994
8226.56 57.18157599999999
8232.42 57.27257599999999
8238.28 57.36247599999999
8244.14 57.448875999999984
8250.0 57.529375999999985
8255.86 57.60247599999998
8261.72 57.666775999999984
8267.58 57.721175999999986
8273.44 57.76507599999999
8279.3 57.798075999999995
8285.16 57.819875999999994
8291.02 57.83067599999998
8296.88 57.83047599999999
8302.73 57.81967599999999
8308.59 57.79887599999999
8314.45 57.76857599999998
8320.31 57.72947599999999
8326.17 57.68227599999999
8332.03 57.627675999999994
8337.89 57.56657599999998
8343.75 57.49977599999998
8349.61 57.42807599999999
8355.47 57.352175999999986
8361.33 57.272975999999986
8367.19 57.19107599999998
8373.05 57.10707599999999
8378.91 57.02157599999998
8384.77 56.93487599999999
8390.62 56.84737599999998
8396.48 56.759275999999986
8402.34 56.670675999999986
8408.2 56.58147599999998
8414.06 56.491675999999984
8419.92 56.40107599999999
8425.78 56.309175999999994
8431.64 56.21567599999999
8437.5 56.119975999999994
8443.36 56.02157599999998
8449.22 55.91997599999999
8455.08 55.81437599999998
8460.94 55.704075999999986
8466.8 55.58867599999999
8472.66 55.467275999999984
8478.52 55.33947599999999
8484.38 55.20467599999999
8490.23 55.062375999999986
8496.09 54.912375999999995
8501.95 54.75427599999999
8507.81 54.58817599999999
8513.67 54.414075999999994
8519.53 54.23237599999999
8525.39 54.04357599999999
8531.25 53.84837599999999
8537.11 53.647975999999986
8542.97 53.44357599999999
8548.83 53.236975999999984
8554.69 53.02997599999999
8560.55 52.82497599999999
8566.41 52.624375999999984
8572.27 52.43097599999999
8578.12 52.24747599999999
8583.98 52.076875999999984
8589.84 51.92197599999999
8595.7 51.78527599999998
8601.56 51.66927599999998
8607.42 51.575875999999994
8613.28 51.50647599999999
8619.14 51.462175999999985
8625.0 51.44307599999999
8630.86 51.44897599999999
8636.72 51.47917599999998
8642.58 51.53217599999999
8648.44 51.606275999999994
8654.3 51.69927599999998
8660.16 51.808875999999984
8666.02 51.93257599999998
8671.88 52.067875999999984
8677.73 52.21207599999998
8683.59 52.36307599999999
8689.45 52.51837599999999
8695.31 52.676075999999995
8701.17 52.83437599999999
8707.03 52.99147599999999
8712.89 53.14597599999999
8718.75 53.29657599999999
8724.61 53.44217599999999
8730.47 53.58177599999999
8736.33 53.71437599999999
8742.19 53.83947599999999
8748.05 53.956175999999985
8753.91 54.06397599999998
8759.77 54.162475999999984
8765.62 54.25117599999999
8771.48 54.32977599999998
8777.34 54.397975999999986
8783.2 54.45557599999999
8789.06 54.50257599999999
8794.92 54.53897599999999
8800.78 54.564775999999995
8806.64 54.580175999999994
8812.5 54.585475999999986
8818.36 54.58097599999999
8824.22 54.56717599999999
8830.08 54.54467599999998
8835.94 54.51407599999999
8841.8 54.476275999999984
8847.66 54.43187599999999
8853.52 54.382075999999984
8859.38 54.32757599999999
8865.23 54.26947599999998
8871.09 54.20887599999999
8876.95 54.146675999999985
8882.81 54.08387599999999
8888.67 54.02137599999999
8894.53 53.96007599999999
8900.39 53.90057599999999
8906.25 53.843575999999985
8912.11 53.78947599999999
8917.97 53.73847599999999
8923.83 53.690775999999985
8929.69 53.64647599999999
8935.55 53.605175999999986
8941.41 53.56667599999999
8947.27 53.53057599999998
8953.12 53.496375999999984
8958.98 53.463475999999986
8964.84 53.431375999999986
8970.7 53.399275999999986
8976.56 53.36677599999999
8982.42 53.333175999999995
8988.28 53.298075999999995
8994.14 53.260975999999985
9000.0 53.22137599999999
9005.86 53.17907599999998
9011.72 53.13387599999999
9017.58 53.085475999999986
9023.44 53.033675999999986
9029.3 52.97857599999999
9035.16 52.919775999999985
9041.02 52.85737599999999
9046.88 52.79127599999998
9052.73 52.72107599999998
9058.59 52.64677599999999
9064.45 52.567875999999984
9070.31 52.48387599999998
9076.17 52.394375999999994
9082.03 52.298675999999986
9087.89 52.19567599999999
9093.75 52.08467599999999
9099.61 51.96437599999999
9105.47 51.83337599999999
9111.33 51.690375999999986
9117.19 51.533675999999986
9123.05 51.361575999999985
9128.91 51.17207599999999
9134.77 50.96327599999999
9140.62 50.732975999999994
9146.48 50.479275999999984
9152.34 50.20007599999998
9158.2 49.893275999999986
9164.06 49.55757599999998
9169.92 49.19177599999999
9175.78 48.79617599999999
9181.64 48.37217599999998
9187.5 47.924075999999985
9193.36 47.21827599999999
9199.22 46.76967599999999
9205.08 46.34817599999999
9210.94 45.974175999999986
9216.8 45.66647599999999
9222.66 45.64377599999999
9228.52 45.483375999999986
9234.38 45.41367599999999
9240.23 45.43857599999999
9246.09 45.559375999999986
9251.95 45.774875999999985
9257.81 46.08147599999999
9263.67 46.47217599999999
9269.53 46.93637599999999
9275.39 47.459575999999984
9281.25 48.024275999999986
9287.11 48.61167599999999
9292.97 49.20457599999999
9298.83 49.78857599999999
9304.69 50.35367599999999
9310.55 50.89317599999998
9316.41 51.40347599999998
9322.27 51.882975999999985
9328.12 52.33147599999998
9333.98 52.749375999999984
9339.84 53.137675999999985
9345.7 53.49757599999998
9351.56 53.83037599999999
9357.42 54.137275999999986
9363.28 54.41957599999999
9369.14 54.678375999999986
9375.0 54.91487599999999
9380.86 55.13007599999999
9386.72 55.32507599999998
9392.58 55.50057599999998
9398.44 55.657775999999984
9404.3 55.797375999999986
9410.16 55.92027599999999
9416.02 56.02757599999998
9421.88 56.12007599999998
9427.73 56.19877599999998
9433.59 56.264675999999994
9439.45 56.31887599999999
9445.31 56.36247599999999
9451.17 56.39657599999998
9457.03 56.42257599999999
9462.89 56.44157599999998
9468.75 56.454875999999985
9474.61 56.46377599999998
9480.47 56.469475999999986
9486.33 56.47317599999998
9492.19 56.47597599999999
9498.05 56.478875999999985
9503.91 56.48277599999999
9509.77 56.488575999999995
9515.62 56.49657599999999
9521.48 56.507375999999994
9527.34 56.521075999999994
9533.2 56.537775999999994
9539.06 56.557175999999984
9544.92 56.578875999999994
9550.78 56.60247599999998
9556.64 56.62717599999999
9562.5 56.65217599999998
9568.36 56.67657599999998
9574.22 56.69927599999998
9580.08 56.71937599999998
9585.94 56.735675999999984
9591.8 56.74707599999999
9597.66 56.752675999999994
9603.52 56.75137599999999
9609.38 56.742175999999986
9615.23 56.72427599999999
9621.09 56.69687599999999
9626.95 56.659375999999995
9632.81 56.611175999999986
9638.67 56.55197599999998
9644.53 56.48157599999999
9650.39 56.39987599999999
9656.25 56.30707599999998
9662.11 56.20367599999999
9667.97 56.09027599999999
9673.83 55.96797599999999
9679.69 55.83807599999999
9685.55 55.70227599999998
9691.41 55.56267599999998
9697.27 55.42157599999999
9703.12 55.281775999999994
9708.98 55.146275999999986
9714.84 55.018275999999986
9720.7 54.90117599999999
9726.56 54.798175999999984
9732.42 54.71247599999998
9738.28 54.64677599999999
9744.14 54.60357599999999
9750.0 54.58467599999999
9755.86 54.59127599999999
9761.72 54.62387599999998
9767.58 54.682475999999994
9773.44 54.766075999999984
9779.3 54.87337599999999
9785.16 55.002275999999995
9791.02 55.15017599999999
9796.88 55.31417599999999
9802.73 55.49117599999998
9808.59 55.67787599999998
9814.45 55.87117599999999
9820.31 56.06797599999999
9826.17 56.26537599999999
9832.03 56.46097599999999
9837.89 56.65247599999999
9843.75 56.83807599999999
9849.61 57.01627599999999
9855.47 57.18587599999999
9861.33 57.34607599999998
9867.19 57.49607599999999
9873.05 57.63547599999998
9878.91 57.76427599999998
9884.77 57.882375999999994
9890.62 57.989975999999984
9896.48 58.08727599999999
9902.34 58.174775999999994
9908.2 58.252875999999986
9914.06 58.322475999999995
9919.92 58.38397599999999
9925.78 58.43827599999999
9931.64 58.48627599999999
9937.5 58.52867599999999
9943.36 58.56657599999998
9949.22 58.60067599999999
9955.08 58.632075999999984
9960.94 58.66147599999999
9966.8 58.689875999999984
9972.66 58.71797599999999
9978.52 58.74647599999999
9984.38 58.77607599999999
9990.23 58.807175999999984
9996.09 58.84037599999999
10002.0 58.87577599999999
10007.8 58.91357599999999
10013.7 58.953875999999994
10019.5 58.99647599999999
10025.4 59.04127599999998
10031.2 59.08777599999999
10037.1 59.135575999999986
10043.0 59.184175999999994
10048.8 59.23287599999999
10054.7 59.281075999999985
10060.5 59.32787599999999
10066.4 59.372675999999984
10072.3 59.41447599999999
10078.1 59.45257599999999
10084.0 59.485975999999994
10089.8 59.51387599999998
10095.7 59.53547599999999
10101.6 59.54987599999998
10107.4 59.556175999999994
10113.3 59.55357599999999
10119.1 59.54127599999998
10125.0 59.51837599999999
10130.9 59.483975999999984
10136.7 59.437375999999986
10142.6 59.377675999999994
10148.4 59.30397599999999
10154.3 59.21547599999998
10160.2 59.11107599999998
10166.0 58.99007599999999
10171.9 58.851275999999984
10177.7 58.69367599999998
10183.6 58.516375999999994
10189.5 58.31797599999999
10195.3 58.097475999999986
10201.2 57.853275999999994
10207.0 57.584175999999985
10212.9 57.28847599999999
10218.8 56.964275999999984
10224.6 56.609875999999986
10230.5 56.22277599999998
10236.3 55.80067599999998
10242.2 55.34047599999998
10248.0 54.83907599999999
10253.9 54.29237599999999
10259.8 53.69597599999999
10265.6 53.04467599999998
10271.5 52.33267599999999
10277.3 51.553775999999985
10283.2 50.70267599999998
10289.1 49.77757599999998
10294.9 48.78697599999998
10300.8 47.759675999999985
10306.6 46.750275999999985
10312.5 45.82287599999999
10318.4 45.02377599999999
10324.2 44.37477599999999
10330.1 43.88217599999999
10335.9 43.54637599999999
10341.8 43.36637599999999
10347.7 43.34197599999999
10353.5 43.47407599999999
10359.4 43.763975999999985
10365.2 44.20997599999999
10371.1 44.80157599999999
10377.0 45.507975999999985
10382.8 46.27367599999999
10388.7 47.03437599999999
10394.5 47.74417599999998
10400.4 48.38327599999998
10406.2 48.94767599999999
10412.1 49.44087599999999
10418.0 49.868375999999984
10423.8 50.235975999999994
10429.7 50.54897599999998
10435.5 50.81167599999999
10441.4 51.02797599999998
10447.3 51.201075999999986
10453.1 51.333775999999986
10459.0 51.42807599999999
10464.8 51.486175999999986
10470.7 51.50957599999998
10476.6 51.49997599999999
10482.4 51.45887599999999
10488.3 51.38757599999998
10494.1 51.28767599999999
10500.0 51.160775999999984
10505.9 51.00877599999998
10511.7 50.833775999999986
10517.6 50.63847599999998
10523.4 50.42587599999999
10529.3 50.19947599999999
10535.2 49.96357599999999
10541.0 49.722875999999985
10546.9 49.482675999999984
10552.7 49.248575999999986
10558.6 49.02647599999999
10564.5 48.82207599999998
10570.3 48.640675999999985
10576.2 48.48717599999999
10582.0 48.36557599999999
10587.9 48.27887599999998
10593.8 48.228875999999985
10599.6 48.216475999999986
10605.5 48.241275999999985
10611.3 48.30177599999999
10617.2 48.395375999999985
10623.0 48.51877599999999
10628.9 48.66757599999998
10634.8 48.83727599999999
10640.6 49.022975999999986
10646.5 49.219875999999985
10652.3 49.42337599999999
10658.2 49.62947599999998
10664.1 49.83467599999999
10669.9 50.03617599999998
10675.8 50.23157599999999
10681.6 50.419375999999986
10687.5 50.59847599999999
10693.4 50.76807599999999
10699.2 50.92797599999999
10705.1 51.07807599999998
10710.9 51.21867599999999
10716.8 51.35017599999999
10722.7 51.47307599999999
10728.5 51.58797599999998
10734.4 51.69567599999999
10740.2 51.79687599999998
10746.1 51.89227599999998
10752.0 51.982575999999995
10757.8 52.06837599999999
10763.7 52.15027599999999
10769.5 52.22867599999999
10775.4 52.304175999999984
10781.2 52.37677599999999
10787.1 52.446775999999986
10793.0 52.51417599999999
10798.8 52.578875999999994
10804.7 52.640675999999985
10810.5 52.69937599999999
10816.4 52.754575999999986
10822.3 52.805775999999994
10828.1 52.852575999999985
10834.0 52.89427599999999
10839.8 52.93037599999998
10845.7 52.96037599999998
10851.6 52.983575999999985
10857.4 52.99957599999999
10863.3 52.99907599999999
10869.1 52.99437599999999
10875.0 52.980975999999984
10880.9 52.958575999999994
10886.7 52.927075999999985
10892.6 52.886375999999984
10898.4 52.83647599999999
10904.3 52.796775999999994
10910.2 52.73367599999999
10916.0 52.66187599999999
10921.9 52.58207599999999
10927.7 52.49457599999998
10933.6 52.40027599999999
10939.5 52.29987599999998
10945.3 52.194475999999995
10951.2 52.08497599999998
10957.0 51.97267599999999
10962.9 51.858975999999984
10968.8 51.74517599999999
10974.6 51.63287599999998
10980.5 51.523375999999985
10986.3 51.41827599999999
10992.2 51.31887599999999
10998.0 51.226575999999994
11003.9 51.14247599999999
11009.8 51.067475999999985
11015.6 51.00247599999999
11021.5 50.94777599999999
11027.3 50.90377599999999
11033.2 50.87037599999999
11039.1 50.84717599999999
11044.9 50.83367599999998
11050.8 50.82897599999998
11056.6 50.83207599999999
11062.5 50.84167599999999
11068.4 50.85647599999999
11074.2 50.87497599999999
11080.1 50.895675999999995
11085.9 50.917075999999994
11091.8 50.937775999999985
11097.7 50.95647599999998
11103.5 50.97207599999999
11109.4 50.98377599999999
11115.2 50.99077599999998
11121.1 50.99277599999999
11127.0 50.98967599999999
11132.8 50.98167599999999
11138.7 50.969475999999986
11144.5 50.95377599999999
11150.4 50.93577599999999
11156.2 50.917075999999994
11162.1 50.899275999999986
11168.0 50.884275999999986
11173.8 50.874375999999984
11179.7 50.87147599999999
11185.5 50.877875999999986
11191.4 50.895775999999984
11197.3 50.92687599999999
11203.1 50.97317599999998
11209.0 51.03597599999999
11214.8 51.11637599999999
11220.7 51.215175999999985
11226.6 51.33267599999999
11232.4 51.46867599999999
11238.3 51.622675999999984
11244.1 51.79387599999998
11250.0 51.98077599999999
11255.9 52.18197599999999
11261.7 52.395375999999985
11267.6 52.61897599999999
11273.4 52.850475999999986
11279.3 53.087575999999984
11285.2 53.32807599999998
11291.0 53.569575999999984
11296.9 53.81007599999998
11302.7 54.04747599999999
11308.6 54.27997599999999
11314.5 54.50607599999999
11320.3 54.72437599999999
11326.2 54.93367599999999
11332.0 55.13277599999999
11337.9 55.32107599999999
11343.8 55.497675999999984
11349.6 55.66217599999999
11355.5 55.814075999999986
11361.3 55.953175999999985
11367.2 56.07917599999999
11373.0 56.19197599999998
11378.9 56.29157599999999
11384.8 56.377875999999986
11390.6 56.451075999999986
11396.5 56.511375999999984
11402.3 56.558875999999984
11408.2 56.593875999999995
11414.1 56.616675999999984
11419.9 56.62777599999998
11425.8 56.627375999999984
11431.6 56.616275999999985
11437.5 56.59477599999998
11443.4 56.56377599999999
11449.2 56.523775999999984
11455.1 56.47567599999999
11460.9 56.420475999999994
11466.8 56.35887599999998
11472.7 56.292175999999984
11478.5 56.22147599999998
11484.4 56.14787599999998
11490.2 56.07267599999999
11496.1 55.99717599999998
11502.0 55.92267599999998
11507.8 55.85057599999999
11513.7 55.78207599999999
11519.5 55.71837599999999
11525.4 55.66047599999999
11531.2 55.60957599999999
11537.1 55.56627599999999
11543.0 55.53117599999999
11548.8 55.50487599999998
11554.7 55.48737599999998
11560.5 55.47877599999998
11566.4 55.47877599999998
11572.3 55.48687599999998
11578.1 55.50247599999999
11584.0 55.524675999999985
11589.8 55.552475999999984
11595.7 55.58467599999999
11601.6 55.62007599999998
11607.4 55.657375999999985
11613.3 55.69517599999999
11619.1 55.732275999999985
11625.0 55.767375999999985
11630.9 55.79917599999999
11636.7 55.82667599999999
11642.6 55.84887599999999
11648.4 55.864975999999984
11654.3 55.874275999999995
11660.2 55.87627599999999
11666.0 55.87067599999999
11671.9 55.857275999999985
11677.7 55.836175999999995
11683.6 55.80757599999998
11689.5 55.77197599999998
11695.3 55.73007599999998
11701.2 55.68267599999999
11707.0 55.63087599999999
11712.9 55.57597599999998
11718.8 55.519375999999994
11724.6 55.46267599999999
11730.5 55.40757599999999
11736.3 55.355975999999984
11742.2 55.30967599999998
11748.0 55.27047599999999
11753.9 55.239975999999984
11759.8 55.21997599999999
11765.6 55.211775999999986
11771.5 55.21657599999999
11777.3 55.23517599999998
11783.2 55.26817599999998
11789.1 55.315775999999985
11794.9 55.377875999999986
11800.8 55.45397599999998
11806.6 55.54327599999999
11812.5 55.64457599999999
11818.4 55.756675999999985
11824.2 55.877675999999994
11830.1 56.00607599999999
11835.9 56.139675999999994
11841.8 56.27657599999999
11847.7 56.41487599999999
11853.5 56.55237599999998
11859.4 56.687375999999986
11865.2 56.81807599999999
11871.1 56.94277599999998
11877.0 57.06007599999998
11882.8 57.16867599999999
11888.7 57.267375999999985
11894.5 57.35527599999999
11900.4 57.43157599999999
11906.2 57.495575999999986
11912.1 57.54667599999999
11918.0 57.58447599999998
11923.8 57.60867599999999
11929.7 57.618875999999986
11935.5 57.614975999999984
11941.4 57.596875999999995
11947.3 57.56427599999999
11953.1 57.517375999999985
11959.0 57.45587599999999
11964.8 57.379975999999985
11970.7 57.28957599999998
11976.6 57.18457599999999
11982.4 57.06507599999999
11988.3 56.93097599999999
11994.1 56.78247599999999
12000.0 56.61937599999999
12005.9 56.44177599999999
12011.7 56.24957599999999
12017.6 56.04297599999998
12023.4 55.82167599999998
12029.3 55.585875999999985
12035.2 55.33557599999999
12041.0 55.070875999999984
12046.9 54.79157599999999
12052.7 54.49807599999998
12058.6 54.19027599999998
12064.5 53.86847599999999
12070.3 53.53297599999999
12076.2 53.183875999999984
12082.0 52.821775999999986
12087.9 52.44727599999999
12093.8 52.06097599999998
12099.6 51.66367599999998
12105.5 51.256675999999985
12111.3 50.84137599999998
12117.2 50.41927599999998
12123.0 49.992575999999985
12128.9 49.56387599999999
12134.8 49.135975999999985
12140.6 48.71237599999999
12146.5 48.296775999999994
12152.3 47.893675999999985
12158.2 47.50747599999998
12164.1 47.14277599999999
12169.9 46.80437599999999
12175.8 46.49657599999999
12181.6 46.22337599999999
12187.5 45.98817599999999
12193.4 45.79367599999999
12199.2 45.64187599999999
12205.1 45.533875999999985
12210.9 45.46997599999999
12216.8 45.44937599999999
12222.7 45.47077599999999
12228.5 45.53177599999999
12234.4 45.629375999999986
12240.2 45.75977599999999
12246.1 45.91867599999999
12252.0 46.10157599999999
12257.8 46.303575999999985
12263.7 46.519775999999986
12269.5 46.745575999999986
12275.4 46.97667599999999
12281.2 47.209175999999985
12287.1 47.43937599999998
12293.0 47.66447599999999
12298.8 47.88177599999999
12304.7 48.08897599999999
12310.5 48.284375999999995
12316.4 48.46637599999998
12322.3 48.63357599999999
12328.1 48.784975999999986
12334.0 48.91947599999999
12339.8 49.03647599999999
12345.7 49.13517599999999
12351.6 49.21497599999999
12357.4 49.27557599999999
12363.3 49.31657599999998
12369.1 49.33777599999999
12375.0 49.33907599999999
12380.9 49.32077599999998
12386.7 49.283075999999994
12392.6 49.22667599999998
12398.4 49.15257599999998
12404.3 49.06227599999998
12410.2 48.957475999999986
12416.0 48.840875999999994
12421.9 48.71547599999998
12427.7 48.58527599999999
12433.6 48.45467599999999
12439.5 48.328875999999994
12445.3 48.21327599999999
12451.2 48.113675999999984
12457.0 48.03547599999999
12462.9 47.983975999999984
12468.8 47.96377599999998
12474.6 47.97857599999999
12480.5 48.031475999999984
12486.3 48.124275999999995
12492.2 48.257975999999985
12498.0 48.43267599999999
12503.9 48.64717599999999
12509.8 48.89957599999998
12515.6 49.186875999999984
12521.5 49.50527599999998
12527.3 49.850275999999994
12533.2 50.41927599999998
12539.1 50.80007599999999
12544.9 51.189875999999984
12550.8 51.58347599999999
12556.6 51.97667599999998
12562.5 52.36557599999999
12568.4 52.746875999999986
12574.2 53.11787599999998
12580.1 53.27847599999998
12585.9 53.62917599999999
12591.8 53.965875999999994
12597.7 54.28767599999999
12603.5 54.59367599999999
12609.4 54.883675999999994
12615.2 55.15717599999999
12621.1 55.41427599999999
12627.0 55.65497599999999
12632.8 55.87947599999998
12638.7 56.08807599999999
12644.5 56.28087599999999
12650.4 56.458275999999984
12656.2 56.62077599999999
12662.1 56.76877599999999
12668.0 56.902675999999985
12673.8 57.02287599999998
12679.7 57.13007599999999
12685.5 57.22467599999999
12691.4 57.307175999999984
12697.3 57.378275999999985
12703.1 57.43857599999998
12709.0 57.48847599999999
12714.8 57.52887599999998
12720.7 57.56027599999999
12726.6 57.583275999999984
12732.4 57.59867599999998
12738.3 57.60717599999998
12744.1 57.609275999999994
12750.0 57.605975999999984
12755.9 57.59767599999999
12761.7 57.58537599999998
12767.6 57.569575999999984
12773.4 57.551075999999995
12779.3 57.530675999999985
12785.2 57.50887599999999
12791.0 57.48667599999999
12796.9 57.46447599999999
12802.7 57.44307599999999
12808.6 57.423175999999984
12814.5 57.405275999999986
12820.3 57.39007599999999
12826.2 57.37807599999999
12832.0 57.36977599999999
12837.9 57.36567599999999
12843.8 57.366275999999985
12849.6 57.37177599999998
12855.5 57.382575999999986
12861.3 57.39887599999999
12867.2 57.42077599999999
12873.0 57.448475999999985
12878.9 57.481875999999986
12884.8 57.52097599999999
12890.6 57.56547599999999
12896.5 57.615275999999994
12902.3 57.66987599999999
12908.2 57.72907599999999
12914.1 57.79227599999999
12919.9 57.858975999999984
12925.8 57.92857599999999
12931.6 58.00037599999999
12937.5 58.07377599999998
12943.4 58.14787599999998
12949.2 58.22217599999999
12955.1 58.295675999999986
12960.9 58.367575999999985
12966.8 58.43727599999998
12972.7 58.50387599999999
12978.5 58.56657599999998
12984.4 58.62477599999998
12990.2 58.67757599999999
12996.1 58.72437599999999
13002.0 58.76447599999999
13007.8 58.797375999999986
13013.7 58.82227599999999
13019.5 58.83877599999998
13025.4 58.84637599999999
13031.2 58.84467599999999
13037.1 58.83307599999999
13043.0 58.81127599999999
13048.8 58.778975999999986
13054.7 58.735975999999994
13060.5 58.68197599999999
13066.4 58.61677599999999
13072.3 58.540375999999995
13078.1 58.452775999999986
13084.0 58.35397599999999
13089.8 58.24417599999998
13095.7 58.12367599999999
13101.6 57.992975999999985
13107.4 57.852575999999985
13113.3 57.70337599999999
13119.1 57.54617599999999
13125.0 57.38217599999999
13130.9 57.21277599999999
13136.7 57.039675999999986
13142.6 56.86467599999999
13148.4 56.689875999999984
13154.3 56.517375999999985
13160.2 56.34967599999999
13166.0 56.189075999999986
13171.9 56.03807599999999
13177.7 55.89917599999998
13183.6 55.77437599999999
13189.5 55.665775999999994
13195.3 55.57527599999999
13201.2 55.50407599999998
13207.0 55.453475999999995
13212.9 55.424075999999985
13218.8 55.41627599999998
13224.6 55.42997599999998
13230.5 55.464775999999986
13236.3 55.519975999999986
13242.2 55.594275999999994
13248.0 55.68627599999999
13253.9 55.79417599999999
13259.8 55.91617599999999
13265.6 56.04997599999999
13271.5 56.19357599999999
13277.3 56.34457599999999
13283.2 56.50107599999998
13289.1 56.66087599999999
13294.9 56.82227599999999
13300.8 56.98347599999998
13306.6 57.14317599999998
13312.5 57.29997599999999
13318.4 57.45297599999999
13324.2 57.601275999999984
13330.1 57.74417599999998
13335.9 57.881275999999986
13341.8 58.01207599999999
13347.7 58.13627599999998
13353.5 58.25377599999999
13359.4 58.36437599999999
13365.2 58.46787599999999
13371.1 58.564475999999985
13377.0 58.653975999999986
13382.8 58.73637599999999
13388.7 58.81167599999999
13394.5 58.879975999999985
13400.4 58.941175999999984
13406.2 58.99527599999999
13412.1 59.04227599999999
13418.0 59.08227599999999
13423.8 59.11507599999999
13429.7 59.14077599999999
13435.5 59.159375999999995
13441.4 59.17077599999999
13447.3 59.17497599999999
13453.1 59.17187599999998
13459.0 59.161675999999986
13464.8 59.14427599999999
13470.7 59.11977599999999
13476.6 59.08817599999999
13482.4 59.04957599999999
13488.3 59.00417599999999
13494.1 58.95207599999999
13500.0 58.89357599999998
13505.9 58.82877599999999
13511.7 58.75817599999999
13517.6 58.68207599999998
13523.4 58.60097599999999
13529.3 58.515275999999986
13535.2 58.42567599999998
13541.0 58.33277599999998
13546.9 58.23737599999998
13552.7 58.14007599999999
13558.6 58.04197599999999
13564.5 57.94387599999999
13570.3 57.84667599999999
13576.2 57.75147599999998
13582.0 57.659375999999995
13587.9 57.57137599999999
13593.8 57.488575999999995
13599.6 57.41187599999999
13605.5 57.34247599999999
13611.3 57.28117599999999
13617.2 57.228875999999985
13623.0 57.18637599999998
13628.9 57.154375999999985
13634.8 57.13327599999998
13640.6 57.12367599999999
13646.5 57.12557599999998
13652.3 57.139375999999984
13658.2 57.16477599999999
13664.1 57.20177599999998
13669.9 57.25007599999999
13675.8 57.309175999999994
13681.6 57.37847599999999
13687.5 57.457475999999986
13693.4 57.54527599999999
13699.2 57.64117599999999
13705.1 57.744275999999985
13710.9 57.85377599999998
13716.8 57.96877599999999
13722.7 58.08837599999998
13728.5 58.211575999999994
13734.4 58.33777599999999
13740.2 58.46607599999999
13746.1 58.59567599999998
13752.0 58.72597599999999
13757.8 58.856275999999994
13763.7 58.98607599999998
13769.5 59.11467599999999
13775.4 59.241675999999984
13781.2 59.366675999999984
13787.1 59.489175999999986
13793.0 59.60877599999999
13798.8 59.725275999999994
13804.7 59.83827599999999
13810.5 59.94737599999999
13816.4 60.052475999999984
13822.3 60.15327599999999
13828.1 60.249375999999984
13834.0 60.34067599999999
13839.8 60.42677599999999
13845.7 60.50747599999998
13851.6 60.582475999999986
13857.4 60.65157599999999
13863.3 60.71447599999999
13869.1 60.77087599999999
13875.0 60.820475999999985
13880.9 60.86297599999999
13886.7 60.89807599999999
13892.6 60.92557599999999
13898.4 60.94497599999998
13904.3 60.956175999999985
13910.2 60.958575999999994
13916.0 60.95207599999999
13921.9 60.93637599999998
13927.7 60.911075999999994
13933.6 60.87587599999999
13939.5 60.83057599999999
13945.3 60.77477599999999
13951.2 60.70847599999999
13957.0 60.631275999999986
13962.9 60.543075999999985
13968.8 60.443775999999986
13974.6 60.33337599999999
13980.5 60.211775999999986
13986.3 60.079075999999986
13992.2 59.935475999999994
13998.0 59.78127599999999
14003.9 59.61677599999999
14009.8 59.442475999999985
14015.6 59.25917599999998
14021.5 59.06767599999999
14027.3 58.868875999999986
14033.2 58.664075999999994
14039.1 58.45457599999999
14044.9 58.24207599999998
14050.8 58.02827599999999
14056.6 57.815175999999994
14062.5 57.60477599999999
14068.4 57.39947599999999
14074.2 57.20127599999999
14080.1 57.01257599999998
14085.9 56.83557599999999
14091.8 56.67217599999999
14097.7 56.52437599999999
14103.5 56.39377599999999
14109.4 56.28167599999999
14115.2 56.18917599999999
14121.1 56.116975999999994
14127.0 56.06527599999998
14132.8 56.034075999999985
14138.7 56.02317599999999
14144.5 56.031475999999984
14150.4 56.05817599999999
14156.2 56.10177599999999
14162.1 56.16057599999999
14168.0 56.232675999999984
14173.8 56.31607599999998
14179.7 56.40857599999998
14185.5 56.507975999999985
14191.4 56.611975999999984
14197.3 56.718575999999985
14203.1 56.87377599999999
14209.0 56.97567599999999
14214.8 57.07377599999998
14220.7 57.166775999999984
14226.6 57.25307599999999
14232.4 57.33167599999999
14238.3 57.401375999999985
14244.1 57.46137599999999
14250.0 57.51077599999999
14255.9 57.512975999999995
14261.7 57.54447599999999
14267.6 57.564075999999986
14273.4 57.57107599999999
14279.3 57.56507599999999
14285.2 57.54557599999998
14291.0 57.512275999999986
14296.9 57.464775999999986
14302.7 57.402675999999985
14308.6 57.325575999999984
14314.5 57.23307599999998
14320.3 57.124875999999986
14326.2 57.00037599999999
14332.0 56.859275999999994
14337.9 56.70097599999998
14343.8 56.52487599999999
14349.6 56.33037599999999
14355.5 56.11657599999998
14361.3 55.88267599999999
14367.2 55.62777599999998
14373.0 55.35077599999998
14378.9 55.05017599999999
14384.8 54.72467599999999
14390.6 54.37257599999998
14396.5 53.991975999999994
14402.3 53.58067599999998
14408.2 53.13627599999998
14414.1 52.656375999999995
14419.9 52.13827599999999
14425.8 51.58007599999999
14431.6 50.98087599999998
14437.5 50.34287599999999
14443.4 49.673475999999994
14449.2 48.98797599999999
14455.1 48.309775999999985
14460.9 47.665075999999985
14466.8 47.07567599999999
14472.7 46.55537599999999
14478.5 46.11067599999999
14484.4 45.74347599999999
14490.2 45.45367599999999
14496.1 45.24037599999999
14502.0 45.102575999999985
14507.8 45.039675999999986
14513.7 45.05137599999999
14519.5 45.13807599999999
14525.4 45.300575999999985
14531.2 45.53977599999999
14537.1 45.856675999999986
14543.0 46.25077599999999
14548.8 46.719475999999986
14554.7 47.25447599999999
14560.5 47.83997599999999
14566.4 48.45227599999998
14572.3 49.06507599999999
14578.1 49.656375999999995
14584.0 50.212875999999994
14589.8 50.72867599999999
14595.7 51.20247599999999
14601.6 51.635575999999986
14607.4 52.03017599999998
14613.3 52.38877599999999
14619.1 52.714175999999995
14625.0 53.00857599999999
14630.9 53.274275999999986
14636.7 53.51317599999999
14642.6 53.72707599999998
14648.4 53.91757599999998
14654.3 54.086175999999995
14660.2 54.233975999999984
14666.0 54.36247599999999
14671.9 54.47267599999999
14677.7 54.565775999999985
14683.6 54.64287599999999
14689.5 54.70497599999999
14695.3 54.75337599999999
14701.2 54.78917599999998
14707.0 54.81377599999999
14712.9 54.82837599999999
14718.8 54.83467599999999
14724.6 54.83407599999998
14730.5 54.82827599999999
14736.3 54.81927599999999
14742.2 54.808875999999984
14748.0 54.79887599999999
14753.9 54.79157599999999
14759.8 54.78867599999998
14765.6 54.79227599999999
14771.5 54.80407599999998
14777.3 54.82577599999999
14783.2 54.858975999999984
14789.1 54.904775999999984
14794.9 54.96437599999999
14800.8 55.03847599999999
14806.6 55.12757599999999
14812.5 55.231875999999986
14818.4 55.35147599999999
14824.2 55.485975999999994
14830.1 55.63477599999999
14835.9 55.79697599999999
14841.8 55.971575999999985
14847.7 56.15727599999998
14853.5 56.35237599999999
14859.4 56.555475999999985
14865.2 56.764675999999994
14871.1 56.97817599999999
14877.0 57.194175999999985
14882.8 57.41097599999999
14888.7 57.62667599999999
14894.5 57.839775999999986
14900.4 58.04877599999999
14906.2 58.25247599999999
14912.1 58.449775999999986
14918.0 58.63947599999999
14923.8 58.82107599999999
14929.7 58.99377599999998
14935.5 59.15717599999999
14941.4 59.31097599999998
14947.3 59.45497599999999
14953.1 59.58907599999999
14959.0 59.71337599999998
14964.8 59.82797599999999
14970.7 59.933075999999986
14976.6 60.028975999999986
14982.4 60.116275999999985
14988.3 60.19527599999999
14994.1 60.266575999999986
15000.0 60.330775999999986
15005.9 60.388575999999986
15011.7 60.44057599999999
15017.6 60.48777599999998
15023.4 60.53077599999999
15029.3 60.570475999999985
15035.2 60.607575999999995
15041.0 60.64307599999999
15046.9 60.677775999999994
15052.7 60.71247599999998
15058.6 60.74787599999999
15064.5 60.78467599999999
15070.3 60.82367599999999
15076.2 60.865275999999994
15082.0 60.91017599999999
15087.9 60.95867599999998
15093.8 61.01117599999999
15099.6 61.067875999999984
15105.5 61.128975999999994
15111.3 61.19437599999999
15117.2 61.26407599999999
15123.0 61.33797599999998
15128.9 61.415775999999994
15134.8 61.49717599999998
15140.6 61.58167599999999
15146.5 61.66897599999999
15152.3 61.75857599999999
15158.2 61.84967599999999
15164.1 61.94197599999998
15169.9 62.03487599999998
15175.8 62.12757599999999
15181.6 62.21967599999999
15187.5 62.310475999999994
15193.4 62.39957599999998
15199.2 62.48637599999999
15205.1 62.570475999999985
15210.9 62.65147599999999
15216.8 62.72897599999999
15222.7 62.80257599999999
15228.5 62.87217599999998
15234.4 62.937375999999986
15240.2 62.99807599999998
15246.1 63.05427599999999
15252.0 63.10577599999999
15257.8 63.15247599999999
15263.7 63.194575999999984
15269.5 63.23197599999999
15275.4 63.26487599999999
15281.2 63.29327599999999
15287.1 63.31737599999998
15293.0 63.33737599999999
15298.8 63.353475999999986
15304.7 63.365875999999986
15310.5 63.374875999999986
15316.4 63.38057599999999
15322.3 63.38347599999999
15328.1 63.38357599999999
15334.0 63.38137599999999
15339.8 63.37707599999999
15345.7 63.370975999999985
15351.6 63.363275999999985
15357.4 63.354275999999984
15363.3 63.344275999999994
15369.1 63.33347599999999
15375.0 63.32207599999998
15380.9 63.31037599999999
15386.7 63.298475999999994
15392.6 63.28657599999998
15398.4 63.27497599999998
15404.3 63.263575999999986
15410.2 63.25257599999999
15416.0 63.242175999999986
15421.9 63.23237599999999
15427.7 63.22317599999998
15433.6 63.214775999999986
15439.5 63.20707599999999
15445.3 63.200175999999985
15451.2 63.19397599999999
15457.0 63.18867599999999
15462.9 63.18407599999999
15468.8 63.18027599999999
15474.6 63.17717599999999
15480.5 63.17487599999998
15486.3 63.17327599999999
15492.2 63.172375999999986
15498.0 63.17227599999998
15503.9 63.172775999999985
15509.8 63.17397599999998
15515.6 63.17587599999999
15521.5 63.17847599999999
15527.3 63.18187599999999
15533.2 63.18597599999998
15539.1 63.190775999999985
15544.9 63.19647599999999
15550.8 63.20297599999999
15556.6 63.21037599999998
15562.5 63.21867599999999
15568.4 63.227975999999984
15574.2 63.23837599999999
15580.1 63.249875999999986
15585.9 63.26247599999999
15591.8 63.276375999999985
15597.7 63.29157599999999
15603.5 63.30817599999999
15609.4 63.326075999999986
15615.2 63.345575999999994
15621.1 63.36657599999998
15627.0 63.38917599999999
15632.8 63.41347599999999
15638.7 63.43937599999998
15644.5 63.46707599999999
15650.4 63.49647599999999
15656.2 63.527675999999985
15662.1 63.56057599999998
15668.0 63.59537599999999
15673.8 63.63177599999999
15679.7 63.66997599999999
15685.5 63.70977599999999
15691.4 63.75117599999999
15697.3 63.79407599999999
15703.1 63.83837599999998
15709.0 63.88397599999999
15714.8 63.93067599999999
15720.7 63.978275999999994
15726.6 64.026676
15732.4 64.07567599999999
15738.3 64.12507599999999
15744.1 64.17457599999999
15750.0 64.22387599999999
15755.9 64.272776
15761.7 64.32107599999999
15767.6 64.368276
15773.4 64.41427599999999
15779.3 64.45877599999999
15785.2 64.50127599999999
15791.0 64.54157599999999
15796.9 64.57937599999998
15802.7 64.61427599999999
15808.6 64.64617599999998
15814.5 64.67457599999999
15820.3 64.69927599999998
15826.2 64.72007599999999
15832.0 64.73667599999999
15837.9 64.74877599999999
15843.8 64.75627599999999
15849.6 64.759076
15855.5 64.75687599999999
15861.3 64.74957599999999
15867.2 64.737276
15873.0 64.70037599999999
15878.9 64.67527599999998
15884.8 64.64517599999999
15890.6 64.61027599999998
15896.5 64.57057599999999
15902.3 64.52647599999999
15908.2 64.47807599999999
15914.1 64.42577599999998
15919.9 64.36977599999999
15925.8 64.31067599999999
15931.6 64.275376
15937.5 64.213276
15943.4 64.14917599999998
15949.2 64.08377599999999
15955.1 64.01757599999999
15960.9 63.951075999999986
15966.8 63.884975999999995
15972.7 63.819875999999994
15978.5 63.75637599999999
15984.4 63.69517599999999
15990.2 63.636675999999994
15996.1 63.581575999999984
16002.0 63.53047599999999
16007.8 63.48367599999999
16013.7 63.44167599999999
16019.5 63.40487599999999
16025.4 63.37347599999998
16031.2 63.347875999999985
16037.1 63.328175999999985
16043.0 63.31437599999998
16048.8 63.30667599999998
16054.7 63.30477599999999
16060.5 63.308775999999995
16066.4 63.31827599999998
16072.3 63.333175999999995
16078.1 63.352975999999984
16084.0 63.377375999999984
16089.8 63.406075999999985
16095.7 63.43837599999999
16101.6 63.47387599999999
16107.4 63.51197599999999
16113.3 63.55237599999998
16119.1 63.594275999999994
16125.0 63.63737599999999
16130.9 63.68097599999999
16136.7 63.724575999999985
16142.6 63.76787599999999
16148.4 63.81037599999999
16154.3 63.85147599999999
16160.2 63.891075999999984
16166.0 63.92857599999999
16171.9 63.963875999999985
16177.7 63.996675999999994
16183.6 64.02657599999999
16189.5 64.05357599999999
16195.3 64.07747599999999
16201.2 64.09797599999999
16207.0 64.11517599999999
16212.9 64.12887599999999
16218.8 64.13897599999999
16224.6 64.14557599999999
16230.5 64.14847599999999
16236.3 64.147776
16242.2 64.14337599999999
16248.0 64.13547599999998
16253.9 64.12377599999999
16259.8 64.10867599999999
16265.6 64.08987599999999
16271.5 64.06767599999999
16277.3 64.04197599999999
16283.2 64.012976
16289.1 63.98067599999999
16294.9 63.94527599999999
16300.8 63.906775999999994
16306.6 63.86537599999998
16312.5 63.82127599999998
16318.4 63.77457599999998
16324.2 63.725475999999986
16330.1 63.67437599999998
16335.9 63.621275999999995
16341.8 63.56667599999999
16347.7 63.51077599999999
16353.5 63.454075999999986
16359.4 63.39677599999999
16365.2 63.339275999999984
16371.1 63.28217599999999
16377.0 63.225875999999985
16382.8 63.17077599999999
16388.7 63.11737599999999
16394.5 63.066175999999984
16400.4 63.017675999999994
16406.2 62.972275999999994
16412.1 62.93057599999999
16418.0 62.89297599999999
16423.8 62.859875999999986
16429.7 62.83167599999999
16435.5 62.808775999999995
16441.4 62.791375999999985
16447.3 62.77967599999998
16453.1 62.77397599999999
16459.0 62.77437599999999
16464.8 62.78087599999999
16470.7 62.793475999999984
16476.6 62.81207599999999
16482.4 62.83667599999998
16488.3 62.86687599999999
16494.1 62.90257599999998
16500.0 62.94327599999998
16505.9 62.98877599999999
16511.7 63.03847599999999
16517.6 63.09197599999999
16523.4 63.148775999999984
16529.3 63.20837599999999
16535.2 63.27017599999999
16541.0 63.333575999999994
16546.9 63.39807599999999
16552.7 63.46307599999999
16558.6 63.528075999999984
16564.5 63.59237599999999
16570.3 63.65557599999998
16576.2 63.71707599999999
16582.0 63.77647599999999
16587.9 63.83337599999999
16593.8 63.887275999999986
16599.6 63.93787599999999
16605.5 63.98477599999998
16611.3 64.02777599999999
16617.2 64.066476
16623.0 64.10087599999999
16628.9 64.130676
16634.8 64.15577599999999
16640.6 64.176076
16646.5 64.19157599999998
16652.3 64.20227599999998
16658.2 64.20827599999998
16664.1 64.20947599999998
16669.9 64.20617599999999
16675.8 64.19847599999999
16681.6 64.18647599999998
16687.5 64.170476
16693.4 64.150776
16699.2 64.12757599999999
16705.1 64.10117599999998
16710.9 64.07197599999999
16716.8 64.04027599999999
16722.7 64.00647599999999
16728.5 63.97097599999999
16734.4 63.93407599999999
16740.2 63.896275999999986
16746.1 63.85807599999998
16752.0 63.81967599999999
16757.8 63.78157599999999
16763.7 63.74417599999998
16769.5 63.70777599999998
16775.4 63.67287599999999
16781.2 63.63957599999999
16787.1 63.60837599999999
16793.0 63.579475999999985
16798.8 63.55307599999999
16804.7 63.529375999999985
16810.5 63.50857599999999
16816.4 63.49067599999999
16822.3 63.47567599999999
16828.1 63.463875999999985
16834.0 63.45497599999999
16839.8 63.44897599999999
16845.7 63.44577599999998
16851.6 63.44527599999999
16857.4 63.447175999999985
16863.3 63.45127599999999
16869.1 63.457475999999986
16875.0 63.46527599999999
16880.9 63.474575999999985
16886.7 63.484875999999986
16892.6 63.495975999999985
16898.4 63.507575999999986
16904.3 63.51917599999999
16910.2 63.530675999999985
16916.0 63.54167599999998
16921.9 63.55177599999999
16927.7 63.56087599999999
16933.6 63.56857599999999
16939.5 63.57457599999999
16945.3 63.578875999999994
16951.2 63.581175999999985
16957.0 63.58127599999999
16962.9 63.57897599999998
16968.8 63.57437599999999
16974.6 63.56727599999999
16980.5 63.55767599999999
16986.3 63.54557599999998
16992.2 63.53087599999999
16998.0 63.51367599999999
17003.9 63.49407599999999
17009.8 63.47217599999999
17015.6 63.447875999999994
17021.5 63.42157599999999
17027.3 63.39317599999998
17033.2 63.36297599999999
17039.1 63.33107599999998
17044.9 63.29767599999998
17050.8 63.26287599999999
17056.6 63.22697599999999
17062.5 63.19007599999999
17068.4 63.15237599999999
17074.2 63.114175999999986
17080.1 63.075475999999995
17085.9 63.03647599999999
17091.8 62.99747599999999
17097.7 62.958575999999994
17103.5 62.91987599999999
17109.4 62.881675999999985
17115.2 62.843975999999984
17121.1 62.80687599999999
17127.0 62.77057599999999
17132.8 62.73517599999998
17138.7 62.700575999999984
17144.5 62.667075999999994
17150.4 62.634675999999985
17156.2 62.603275999999994
17162.1 62.57297599999998
17168.0 62.54387599999998
17173.8 62.51577599999999
17179.7 62.48877599999999
17185.5 62.462875999999994
17191.4 62.43787599999999
17197.3 62.41387599999999
17203.1 62.390675999999985
17209.0 62.368375999999984
17214.8 62.34667599999999
17220.7 62.325575999999984
17226.6 62.305075999999985
17232.4 62.28487599999998
17238.3 62.26497599999999
17244.1 62.24527599999999
17250.0 62.22557599999999
17255.9 62.20587599999999
17261.7 62.18587599999999
17267.6 62.16557599999999
17273.4 62.14487599999998
17279.3 62.123575999999986
17285.2 62.10167599999998
17291.0 62.078875999999994
17296.9 62.05517599999999
17302.7 62.03037599999999
17308.6 62.004575999999986
17314.5 61.97747599999998
17320.3 61.94897599999999
17326.2 61.91917599999999
17332.0 61.88777599999999
17337.9 61.85477599999999
17343.8 61.82017599999999
17349.6 61.78377599999999
17355.5 61.74567599999999
17361.3 61.705775999999986
17367.2 61.66387599999999
17373.0 61.62017599999999
17378.9 61.57457599999999
17384.8 61.527075999999994
17390.6 61.477575999999985
17396.5 61.426075999999995
17402.3 61.37277599999999
17408.2 61.31757599999999
17414.1 61.26047599999998
17419.9 61.201475999999985
17425.8 61.14077599999999
17431.6 61.07837599999999
17437.5 61.01417599999999
17443.4 60.948475999999985
17449.2 60.881275999999986
17455.1 60.81257599999999
17460.9 60.742575999999985
17466.8 60.67137599999998
17472.7 60.599175999999986
17478.5 60.525975999999986
17484.4 60.45197599999999
17490.2 60.37747599999999
17496.1 60.30257599999999
17502.0 60.22747599999998
17507.8 60.15247599999999
17513.7 60.077775999999986
17519.5 60.003675999999984
17525.4 59.93057599999999
17531.2 59.85867599999999
17537.1 59.78847599999999
17543.0 59.72017599999998
17548.8 59.62747599999999
17554.7 59.56667599999999
17560.5 59.509275999999986
17566.4 59.45547599999999
17572.3 59.40587599999999
17578.1 59.36077599999999
17584.0 59.32037599999998
17589.8 59.28507599999999
17595.7 59.25507599999999
17601.6 59.23047599999998
17607.4 59.23217599999998
17613.3 59.21627599999999
17619.1 59.20607599999998
17625.0 59.20137599999998
17630.9 59.202175999999994
17636.7 59.20837599999999
17642.6 59.21967599999999
17648.4 59.23587599999999
17654.3 59.25657599999998
17660.2 59.28157599999999
17666.0 59.31027599999999
17671.9 59.34237599999999
17677.7 59.377275999999995
17683.6 59.41447599999999
17689.5 59.45327599999999
17695.3 59.493375999999984
17701.2 59.53397599999998
17707.0 59.57467599999998
17712.9 59.61477599999999
17718.8 59.65377599999999
17724.6 59.691175999999984
17730.5 59.726575999999994
17736.3 59.75937599999999
17742.2 59.78927599999999
17748.0 59.81607599999998
17753.9 59.839275999999984
17759.8 59.85887599999998
17765.6 59.87457599999999
17771.5 59.88627599999998
17777.3 59.89397599999998
17783.2 59.89777599999999
17789.1 59.89767599999999
17794.9 59.89377599999999
17800.8 59.88627599999998
17806.6 59.87537599999999
17812.5 59.86127599999999
17818.4 59.84437599999998
17824.2 59.82467599999998
17830.1 59.802775999999994
17835.9 59.77867599999999
17841.8 59.75297599999999
17847.7 59.72567599999999
17853.5 59.697175999999985
17859.4 59.667675999999986
17865.2 59.63737599999999
17871.1 59.60647599999999
17877.0 59.57507599999998
17882.8 59.54337599999998
17888.7 59.51127599999998
17894.5 59.47897599999999
17900.4 59.44627599999998
17906.2 59.41317599999999
17912.1 59.379575999999986
17918.0 59.34537599999999
17923.8 59.31027599999999
17929.7 59.274275999999986
17935.5 59.23687599999998
17941.4 59.198075999999986
17947.3 59.15747599999999
17953.1 59.11487599999998
17959.0 59.06997599999998
17964.8 59.02257599999999
17970.7 58.97257599999999
17976.6 58.91957599999999
17982.4 58.863575999999995
17988.3 58.804475999999994
17994.1 58.742175999999986
18000.0 58.67677599999999
18005.9 58.60827599999999
18011.7 58.53687599999999
18017.6 58.46277599999999
18023.4 58.38617599999999
18029.3 58.30767599999999
18035.2 58.22737599999999
18041.0 58.14597599999999
18046.9 58.06387599999999
18052.7 57.98167599999999
18058.6 57.89987599999999
18064.5 57.819175999999985
18070.3 57.74007599999999
18076.2 57.66327599999998
18082.0 57.589175999999995
18087.9 57.518275999999986
18093.8 57.451075999999986
18099.6 57.388075999999984
18105.5 57.32937599999998
18111.3 57.275375999999994
18117.2 57.22617599999998
18123.0 57.18167599999998
18128.9 57.14207599999999
18134.8 57.10717599999998
18140.6 57.07667599999999
18146.5 57.05027599999998
18152.3 57.027675999999985
18158.2 57.00827599999998
18164.1 56.99157599999998
18169.9 56.97697599999999
18175.8 56.963875999999985
18181.6 56.95137599999998
18187.5 56.93887599999999
18193.4 56.92567599999998
18199.2 56.91087599999999
18205.1 56.893675999999985
18210.9 56.873575999999986
18216.8 56.84977599999999
18222.7 56.82157599999999
18228.5 56.78847599999999
18234.4 56.74997599999999
18240.2 56.70557599999999
18246.1 56.655075999999994
18252.0 56.59797599999999
18257.8 56.534375999999995
18263.7 56.463875999999985
18269.5 56.386675999999994
18275.4 56.302775999999994
18281.2 56.21227599999999
18287.1 56.115275999999994
18293.0 56.01207599999999
18298.8 55.903075999999984
18304.7 55.788375999999985
18310.5 55.66837599999998
18316.4 55.543475999999984
18322.3 55.414075999999994
18328.1 55.28047599999999
18334.0 55.14297599999999
18339.8 55.00207599999999
18345.7 54.857975999999994
18351.6 54.71097599999999
18357.4 54.56127599999999
18363.3 54.40927599999999
18369.1 54.25507599999999
18375.0 54.09887599999999
18380.9 53.940775999999985
18386.7 53.78087599999999
18392.6 53.619275999999985
18398.4 53.45607599999998
18404.3 53.291375999999985
18410.2 53.12537599999999
18416.0 52.95797599999999
18421.9 52.78937599999999
18427.7 52.61987599999999
18433.6 52.449775999999986
18439.5 52.27917599999999
18445.3 52.108575999999985
18451.2 51.93837599999999
18457.0 51.76927599999999
18462.9 51.60177599999999
18468.8 51.43657599999999
18474.6 51.27437599999999
18480.5 51.11597599999999
18486.3 50.96207599999998
18492.2 50.81357599999998
18498.0 50.67127599999999
18503.9 50.53567599999998
18509.8 50.40767599999998
18515.6 50.28767599999999
18521.5 50.17627599999999
18527.3 50.073875999999984
18533.2 49.98077599999999
18539.1 49.897075999999984
18544.9 49.82297599999998
18550.8 49.758375999999984
18556.6 49.70307599999998
18562.5 49.656775999999994
18568.4 49.61917599999998
18574.2 49.58967599999998
18580.1 49.56767599999999
18585.9 49.55227599999999
18591.8 49.54287599999999
18597.7 49.538375999999985
18603.5 49.53787599999998
18609.4 49.540375999999995
18615.2 49.54487599999999
18621.1 49.550375999999986
18627.0 49.555875999999984
18632.8 49.56057599999998
18638.7 49.56367599999999
18644.5 49.56457599999999
18650.4 49.56267599999998
18656.2 49.55757599999998
18662.1 49.549075999999985
18668.0 49.537075999999985
18673.8 49.521675999999985
18679.7 49.502875999999986
18685.5 49.480975999999984
18691.4 49.45627599999999
18697.3 49.429175999999984
18703.1 49.40017599999999
18709.0 49.36957599999998
18714.8 49.337875999999994
18720.7 49.305475999999985
18726.6 49.27267599999999
18732.4 49.23987599999998
18738.3 49.20727599999999
18744.1 49.17507599999999
18750.0 49.143275999999986
18755.9 49.111975999999984
18761.7 49.08097599999999
18767.6 49.05007599999999
18773.4 49.01897599999998
18779.3 48.98717599999999
18785.2 48.95427599999999
18791.0 48.91967599999998
18796.9 48.88267599999999
18802.7 48.842275999999984
18808.6 48.79787599999999
18814.5 48.74837599999999
18820.3 48.692875999999984
18826.2 48.630375999999984
18832.0 48.55967599999998
18837.9 48.47987599999999
18843.8 48.39007599999999
18849.6 48.28917599999998
18855.5 48.17627599999999
18861.3 48.050775999999985
18867.2 47.912075999999985
18873.0 47.759675999999985
18878.9 47.59347599999998
18884.8 47.41367599999998
18890.6 47.22067599999999
18896.5 47.01557599999999
18902.3 46.79977599999999
18908.2 46.575175999999985
18914.1 46.34457599999999
18919.9 46.11087599999999
18925.8 45.87757599999999
18931.6 45.64847599999999
18937.5 45.427275999999985
18943.4 45.21757599999999
18949.2 45.02267599999999
18955.1 44.84547599999999
18960.9 44.68827599999999
18966.8 44.55307599999999
18972.7 44.44127599999999
18978.5 44.35417599999999
18984.4 44.29237599999999
18990.2 44.25657599999999
18996.1 44.247075999999986
19002.0 44.263975999999985
19007.8 44.30717599999999
19013.7 44.37647599999999
19019.5 44.471175999999986
19025.4 44.59067599999999
19031.2 44.73367599999999
19037.1 44.89847599999999
19043.0 45.08307599999999
19048.8 45.28487599999999
19054.7 45.50097599999999
19060.5 45.72807599999999
19066.4 45.96267599999999
19072.3 46.201275999999986
19078.1 46.440775999999985
19084.0 46.67827599999999
19089.8 46.91137599999999
19095.7 47.13817599999999
19101.6 47.35737599999999
19107.4 47.56807599999999
19113.3 47.76957599999999
19119.1 47.961775999999986
19125.0 48.14447599999998
19130.9 48.31777599999998
19136.7 48.481875999999986
19142.6 48.63707599999999
19148.4 48.78357599999998
19154.3 48.921475999999984
19160.2 49.051075999999995
19166.0 49.17257599999999
19171.9 49.28597599999999
19177.7 49.391375999999994
19183.6 49.488675999999984
19189.5 49.577775999999986
19195.3 49.65847599999999
19201.2 49.73077599999999
19207.0 49.79417599999999
19212.9 49.848575999999994
19218.8 49.89297599999999
19224.6 49.92227599999998
19230.5 49.94137599999999
19236.3 49.94997599999999
19242.2 49.947875999999994
19248.0 49.93467599999998
19253.9 49.91047599999999
19259.8 49.87497599999999
19265.6 49.82837599999999
19271.5 49.770775999999984
19277.3 49.70257599999999
19283.2 49.641075999999984
19289.1 49.558875999999984
19294.9 49.467775999999986
19300.8 49.36877599999998
19306.6 49.262975999999995
19312.5 49.151775999999984
19318.4 49.03647599999999
19324.2 48.918775999999994
19330.1 48.80027599999998
19335.9 48.68267599999999
19341.8 48.567875999999984
19347.7 48.457475999999986
19353.5 48.353275999999994
19359.4 48.25677599999999
19365.2 48.16927599999998
19371.1 48.092275999999984
19377.0 48.026775999999984
19382.8 47.97377599999999
19388.7 47.93397599999999
19394.5 47.90797599999999
19400.4 47.896275999999986
19406.2 47.899075999999994
19412.1 47.916375999999985
19418.0 47.948075999999986
19423.8 47.99397599999999
19429.7 48.05347599999999
19435.5 48.125975999999994
19441.4 48.21057599999999
19447.3 48.30627599999998
19453.1 48.41177599999999
19459.0 48.52577599999999
19464.8 48.646675999999985
19470.7 48.77287599999998
19476.6 48.902675999999985
19482.4 49.03417599999999
19488.3 49.16567599999999
19494.1 49.295475999999994
19500.0 49.42207599999999
19505.9 49.54367599999999
19511.7 49.65917599999999
19517.6 49.767375999999985
19523.4 49.86707599999998
19529.3 49.95757599999999
19535.2 50.03827599999998
19541.0 50.10847599999998
19546.9 50.16787599999999
19552.7 50.21627599999999
19558.6 50.25357599999998
19564.5 50.27967599999998
19570.3 50.294775999999985
19576.2 50.299075999999985
19582.0 50.29277599999999
19587.9 50.27617599999999
19593.8 50.24977599999998
19599.6 50.21377599999998
19605.5 50.16887599999998
19611.3 50.11537599999998
19617.2 50.05397599999999
19623.0 49.98517599999998
19628.9 49.90957599999999
19634.8 49.827775999999986
19640.6 49.74047599999999
19646.5 49.64827599999998
19652.3 49.55187599999999
19658.2 49.45207599999999
19664.1 49.34947599999998
19669.9 49.244975999999994
19675.8 49.13927599999998
19681.6 49.03317599999998
19687.5 48.92727599999999
19693.4 48.822475999999995
19699.2 48.719475999999986
19705.1 48.61897599999999
19710.9 48.52157599999998
19716.8 48.42787599999998
19722.7 48.33827599999999
19728.5 48.25337599999999
19734.4 48.17337599999999
19740.2 48.09867599999998
19746.1 48.02927599999998
19752.0 47.96527599999999
19757.8 47.90667599999999
19763.7 47.853275999999994
19769.5 47.80497599999998
19775.4 47.76147599999999
19781.2 47.72237599999998
19787.1 47.687375999999986
19793.0 47.65577599999999
19798.8 47.62717599999999
19804.7 47.60097599999999
19810.5 47.57657599999999
19816.4 47.55327599999998
19822.3 47.53047599999999
19828.1 47.507375999999994
19834.0 47.48337599999999
19839.8 47.45777599999998
19845.7 47.42987599999999
19851.6 47.399075999999994
19857.4 47.36467599999999
19863.3 47.32597599999999
19869.1 47.28247599999999
19875.0 47.23367599999999
19880.9 47.17887599999999
19886.7 47.11767599999999
19892.6 47.04937599999999
19898.4 46.97357599999999
19904.3 46.88967599999999
19910.2 46.79707599999999
19916.0 46.69497599999999
19921.9 46.582875999999985
19927.7 46.45977599999999
19933.6 46.324975999999985
19939.5 46.17737599999999
19945.3 46.015875999999984
19951.2 45.83917599999999
19957.0 45.64587599999999
19962.9 45.43447599999999
19968.8 45.202975999999985
19974.6 44.949575999999986
19980.5 44.67187599999999
19986.3 44.36727599999999
19992.2 44.03297599999999
19998.0 43.66537599999999
