20.0 47.726776
20.290899 48.189777
20.586 48.683777
20.8855 49.216778
21.189301 49.804775
21.497499 50.446777
21.8102 51.133778
22.127399 51.859779
22.4492 52.610779
22.775801 53.373775
23.1071 54.133778
23.443199 54.875778
23.7841 55.586777
24.1301 56.257778
24.4811 56.882778
24.8372 57.461777
25.1984 57.995777
25.564899 58.489777
25.9368 58.951778
26.3141 59.392776
26.6968 59.82478
27.0851 60.259777
27.479099 60.709778
27.878799 61.177776
28.2843 61.662777
28.6957 62.15778
29.1131 62.65078
29.536501 63.132778
29.966101 63.593777
30.402 64.029778
30.8442 64.44278
31.2929 64.843773
31.748 65.246773
32.209801 65.668777
32.678299 66.126778
33.153599 66.626778
33.635899 67.16478
34.125099 67.732773
34.621498 68.312775
35.125 68.88678
35.635899 69.438774
36.154301 69.959778
36.680199 70.444778
37.213699 70.892776
37.755 71.321777
38.3041 71.740776
38.861301 72.059776
39.426498 72.415779
40.0 72.763779
40.581799 73.110779
41.1721 73.460777
41.771 73.818779
42.378502 74.187775
42.9949 74.56778
43.6203 74.956779
44.254799 75.353775
44.898499 75.756775
45.551498 76.16478
46.2141 76.580772
46.886299 77.005775
47.568298 77.443779
48.260201 77.893776
48.962101 78.352776
49.674301 78.815773
50.396801 79.278778
51.129902 79.735779
51.8736 80.183777
52.628101 80.619774
53.3936 81.043777
54.1702 81.454773
54.958099 81.850777
55.7575 82.231773
56.568501 82.597771
57.391399 82.946777
58.226101 83.280777
59.073 83.596771
59.932301 83.897774
60.804 84.183777
61.6884 84.452774
62.585701 84.708771
63.496 84.991776
64.419601 85.167778
65.356598 85.376778
66.307297 85.569771
67.271698 85.745773
68.250198 85.907776
69.242897 86.055771
70.250099 86.195778
71.271896 86.328773
72.308601 86.454773
73.360298 86.576775
74.427399 86.692772
75.509903 86.802773
76.608299 86.905777
77.722603 86.999771
78.853104 87.085777
80.0 87.163773
81.163597 87.232773
82.3442 87.293777
83.541901 87.347771
84.757 87.393776
85.989899 87.434776
87.240601 87.469772
88.509598 87.503777
89.797 87.526772
91.103104 87.551773
92.4282 87.572777
93.772598 87.592773
95.136597 87.610771
96.520401 87.627777
97.924301 87.641777
99.348602 87.652771
100.794 87.659775
102.26 87.661774
103.747 87.659775
105.256 87.657776
106.787 87.657776
108.34 87.659775
109.916 87.661774
111.515 87.660774
113.137 87.645775
114.783 87.599777
116.452 87.533775
118.146 87.441772
119.865 87.351776
121.608 87.279778
123.377 87.229774
125.171 87.197777
126.992 87.177773
128.839 87.165771
130.713 87.159775
132.615 87.151772
134.543 87.132774
136.5 87.096771
138.486 87.047775
140.5 86.979774
142.544 86.894775
144.617 86.809776
146.721 86.738777
148.855 86.689774
151.02 86.662773
153.217 86.647774
155.445 86.638771
157.706 86.634773
160.0 86.635773
162.327 86.637772
164.688 86.642776
167.084 86.647774
169.514 86.651772
171.98 86.647774
174.481 86.624771
177.019 86.567772
179.594 86.473778
182.206 86.364777
184.856 86.283775
187.545 86.248772
190.273 86.243774
193.041 86.253777
195.849 86.251778
198.697 86.218773
201.587 86.140778
204.52 86.026772
207.494 85.916771
210.512 85.842773
213.574 85.809776
216.681 85.810776
219.833 85.826775
223.03 85.840775
226.274 85.838776
229.565 85.810776
232.905 85.756775
236.292 85.681778
239.729 85.579773
243.216 85.499771
246.754 85.469772
250.343 85.472771
253.984 85.473778
257.678 85.433777
261.426 85.303772
265.229 85.104774
269.087 84.959778
273.001 84.893776
276.972 84.895775
281.0 84.945778
285.088 85.029778
289.234 85.103775
293.441 85.135773
297.709 85.121773
302.04 84.93983659600235
306.433 84.70251149423333
310.89 84.51075093024868
315.412 84.4055405218263
320.0 84.35085488674406
324.655 84.28166164277984
329.377 84.13297378993364
334.168 83.89073856376123
339.028 83.6049669642626
343.959 83.39559322699353
348.962 83.37561796973188
354.038 83.40700981025553
359.188 83.33173436634237
364.412 83.25181263799243
369.713 83.17516447853927
375.09 83.0098172702051
380.546 82.84969686632351
386.081 82.79181326689452
391.697 82.8251117074739
397.394 82.84460318806161
403.175 82.75721156199133
409.039 82.53896421148518
414.989 82.21078998987677
421.025 81.86769089716613
427.149 81.59062316890902
433.362 81.3215574228833
439.665 81.04648727686687
446.06 80.8693489664155
452.548 80.80413410930704
459.131 80.80679394109727
465.809 80.7873224617862
472.584 80.73568190692957
479.458 80.72982851208317
486.432 80.72273689502485
493.507 80.65138067353251
500.686 80.42769570093978
507.968 80.08771335946881
515.357 79.73332812023108
522.853 79.32355498322661
530.458 78.91233318401117
538.174 78.55163595814051
546.002 78.16942692339252
553.943 78.02568669754507
562.001 78.1913307517097
570.175 78.4593824681085
578.469 78.61574031785302
586.883 78.63441630094327
595.419 78.53035965293498
604.08 78.3925072271618
612.866 78.25986002362376
621.78 78.02034389565448
630.824 77.6609220788097
640.0 77.41054380864522
649.309 77.2681827029389
658.753 77.1178089972465
668.335 76.83933954490168
678.056 76.5587659636823
687.919 76.21700810692202
697.925 75.96005459239873
708.077 75.85282527344604
718.376 75.55931476784185
728.825 75.0124399289198
739.426 74.65616999223566
750.181 74.63944819334519
761.093 74.36420738558202
772.163 73.77644018672403
783.394 73.30106645010488
794.789 72.92102102905821
806.349 72.54527754136188
818.078 72.15475845812745
829.977 71.64943439713277
842.05 71.04521382948937
854.298 70.51607937297513
866.724 70.17795288092371
879.33 69.85380258889086
892.12 69.4985339679881
905.097 69.46908087154907
918.262 69.83742091735166
931.618 70.2684799587295
945.169 70.46717746679413
958.917 70.51546967710131
972.864 70.5223048252068
987.015 70.36857599999999
1001.95 70.36857599999999
1007.81 70.71447599999999
1013.67 71.055776
1019.53 71.38937599999998
1025.39 71.71317599999999
1031.25 72.02617599999999
1037.11 72.32737599999999
1042.97 72.61667599999998
1048.83 72.89377599999999
1054.69 73.15897599999998
1060.55 73.412376
1066.41 73.65417599999999
1072.27 73.88467599999998
1078.12 74.10407599999999
1083.98 74.31247599999999
1089.84 74.51007599999998
1095.7 74.69697599999999
1101.56 74.87307599999998
1107.42 75.03857599999999
1113.28 75.19327599999998
1119.14 75.33717599999999
1125.0 75.47037599999999
1130.86 75.59267599999998
1136.72 75.70417599999999
1142.58 75.80477599999999
1148.44 75.89447599999998
1154.3 75.97347599999999
1160.16 76.04167599999998
1166.02 76.09927599999999
1171.88 76.14647599999999
1177.73 76.18357599999999
1183.59 76.21077599999998
1189.45 76.22837599999998
1195.31 76.23677599999999
1201.17 76.23637599999999
1207.03 76.22767599999999
1212.89 76.211176
1218.75 76.18737599999999
1224.61 76.15687599999998
1230.47 76.12017599999999
1236.33 76.07797599999999
1242.19 76.03077599999999
1248.05 75.97927599999998
1253.91 75.92407599999999
1259.77 75.865676
1265.62 75.80457599999998
1271.48 75.74147599999999
1277.34 75.67677599999999
1283.2 75.610976
1289.06 75.54427599999998
1294.92 75.47727599999999
1300.78 75.41007599999999
1306.64 75.342976
1312.5 75.27617599999999
1318.36 75.20977599999999
1324.22 75.14387599999999
1330.08 75.07857599999998
1335.94 75.01397599999999
1341.8 74.94987599999999
1347.66 74.88647599999999
1353.52 74.82367599999999
1359.38 74.76137599999998
1365.23 74.69967599999998
1371.09 74.63857599999999
1376.95 74.57797599999999
1382.81 74.51797599999999
1388.67 74.45867599999998
1394.53 74.40007599999998
1400.39 74.34237599999999
1406.25 74.28567599999998
1412.11 74.23007599999998
1417.97 74.17577599999998
1423.83 74.12307599999998
1429.69 74.07207599999998
1435.55 74.02317599999999
1441.41 73.976576
1447.27 73.932476
1453.12 73.89127599999999
1458.98 73.85307599999999
1464.84 73.81827599999998
1470.7 73.78697599999998
1476.56 73.75947599999999
1482.42 73.73577599999999
1488.28 73.71617599999999
1494.14 73.70077599999999
1500.0 73.68947599999998
1505.86 73.68237599999999
1511.72 73.67937599999999
1517.58 73.68037599999998
1523.44 73.68517599999998
1529.3 73.69367599999998
1535.16 73.70547599999999
1541.02 73.72047599999999
1546.88 73.73827599999998
1552.73 73.75847599999999
1558.59 73.78067599999999
1564.45 73.80467599999999
1570.31 73.82997599999999
1576.17 73.856276
1582.03 73.88307599999999
1587.89 73.91007599999999
1593.75 73.93707599999999
1599.61 73.96367599999999
1605.47 73.98957599999999
1611.33 74.014676
1617.19 74.03867599999998
1623.05 74.06157599999999
1628.91 74.08307599999999
1634.77 74.10337599999998
1640.62 74.12217599999998
1646.48 74.13977599999998
1652.34 74.15607599999998
1658.2 74.17127599999999
1664.06 74.18537599999999
1669.92 74.19867599999999
1675.78 74.21137599999999
1681.64 74.223576
1687.5 74.23547599999999
1693.36 74.24727599999999
1699.22 74.25927599999999
1705.08 74.27167599999999
1710.94 74.28447599999998
1716.8 74.29797599999999
1722.66 74.31227599999998
1728.52 74.32747599999999
1734.38 74.34357599999998
1740.23 74.360576
1746.09 74.37847599999999
1751.95 74.39727599999999
1757.81 74.41657599999999
1763.67 74.43647599999998
1769.53 74.45667599999999
1775.39 74.47677599999999
1781.25 74.49657599999999
1787.11 74.51577599999999
1792.97 74.53387599999999
1798.83 74.55057599999999
1804.69 74.56547599999999
1810.55 74.57797599999999
1816.41 74.58767599999999
1822.27 74.594276
1828.12 74.59717599999999
1833.98 74.595976
1839.84 74.59027599999999
1845.7 74.57967599999999
1851.56 74.56367599999999
1857.42 74.542076
1863.28 74.51447599999999
1869.14 74.48057599999999
1875.0 74.44027599999998
1880.86 74.39317599999998
1886.72 74.339176
1892.58 74.27827599999999
1898.44 74.21037599999998
1904.3 74.13547599999998
1910.16 74.05367599999998
1916.02 73.96507599999998
1921.88 73.869976
1927.73 73.76847599999999
1933.59 73.66097599999999
1939.45 73.548076
1945.31 73.42997599999998
1951.17 73.307476
1957.03 73.181176
1962.89 73.05167599999999
1968.75 72.91997599999999
1974.61 72.78687599999999
1980.47 72.65327599999999
1986.33 72.52027599999998
1992.19 72.38887599999998
1998.05 72.26027599999999
2003.91 72.13547599999998
2009.77 72.01557599999998
2015.62 71.901676
2021.48 71.79477599999998
2027.34 71.69597599999999
2033.2 71.60587599999998
2039.06 71.52517599999999
2044.92 71.45457599999999
2050.78 71.394376
2056.64 71.34477599999998
2062.5 71.30567599999999
2068.36 71.277076
2074.22 71.25847599999999
2080.08 71.24957599999999
2085.94 71.24977599999998
2091.8 71.25837599999998
2097.66 71.27477599999999
2103.52 71.298076
2109.38 71.32767599999998
2115.23 71.36277599999998
2121.09 71.40267599999999
2126.95 71.44697599999999
2132.81 71.494976
2138.67 71.54627599999999
2144.53 71.60057599999999
2150.39 71.65737599999999
2156.25 71.71677599999998
2162.11 71.778376
2167.97 71.84217599999998
2173.83 71.908076
2179.69 71.97617599999998
2185.55 72.04637599999998
2191.41 72.11877599999998
2197.27 72.19327599999998
2203.12 72.26987599999998
2208.98 72.34847599999999
2214.84 72.42897599999999
2220.7 72.51137599999998
2226.56 72.59517599999998
2232.42 72.68037599999998
2238.28 72.76647599999998
2244.14 72.85317599999999
2250.0 72.93997599999999
2255.86 73.02637599999998
2261.72 73.11187599999998
2267.58 73.19597599999999
2273.44 73.27807599999998
2279.3 73.35747599999999
2285.16 73.43367599999999
2291.02 73.506076
2296.88 73.57397599999999
2302.73 73.63697599999999
2308.59 73.694476
2314.45 73.74597599999998
2320.31 73.79087599999998
2326.17 73.82897599999998
2332.03 73.859676
2337.89 73.88287599999998
2343.75 73.89807599999999
2349.61 73.90527599999999
2355.47 73.90417599999999
2361.33 73.89487599999998
2367.19 73.87737599999998
2373.05 73.85167599999998
2378.91 73.81797599999999
2384.77 73.776676
2390.62 73.72797599999998
2396.48 73.67247599999999
2402.34 73.61077599999999
2408.2 73.54357599999999
2414.06 73.47147599999998
2419.92 73.395676
2425.78 73.31697599999998
2431.64 73.23657599999999
2437.5 73.15567599999999
2443.36 73.07557599999998
2449.22 72.99747599999999
2455.08 72.92287599999999
2460.94 72.85307599999999
2466.8 72.78927599999999
2472.66 72.73287599999999
2478.52 72.68487599999999
2484.38 72.64627599999999
2490.23 72.61767599999999
2496.09 72.59977599999999
2501.95 72.59277599999999
2507.81 72.60557599999999
2513.67 72.62507599999999
2519.53 72.64207599999999
2525.39 72.67567599999998
2531.25 72.71777599999999
2537.11 72.76747599999999
2542.97 72.82357599999999
2548.83 72.88507599999998
2554.69 72.95067599999999
2560.55 73.01917599999999
2566.41 73.089576
2572.27 73.16077599999998
2578.12 73.23177599999998
2583.98 73.301876
2589.84 73.37017599999999
2595.7 73.43617599999999
2601.56 73.49937599999998
2607.42 73.55947599999999
2613.28 73.61637599999999
2619.14 73.66977599999998
2625.0 73.71997599999999
2630.86 73.76697599999999
2636.72 73.81107599999999
2642.58 73.85277599999999
2648.44 73.89247599999999
2654.3 73.93067599999999
2660.16 73.96807599999998
2666.02 74.00527599999998
2671.88 74.04287599999999
2677.73 74.08157599999998
2683.59 74.12207599999999
2689.45 74.16487599999999
2695.31 74.21047599999999
2701.17 74.25957599999998
2707.03 74.31237599999999
2712.89 74.36907599999999
2718.75 74.42997599999998
2724.61 74.49507599999998
2730.47 74.56417599999999
2736.33 74.637076
2742.19 74.71347599999999
2748.05 74.79297599999998
2753.91 74.87487599999999
2759.77 74.95877599999999
2765.62 75.043776
2771.48 75.12917599999999
2777.34 75.21437599999999
2783.2 75.298476
2789.06 75.380676
2794.92 75.46017599999999
2800.78 75.53637599999999
2806.64 75.60847599999998
2812.5 75.67587599999999
2818.36 75.73777599999998
2824.22 75.79367599999999
2830.08 75.84317599999999
2835.94 75.88567599999999
2841.8 75.92067599999999
2847.66 75.94807599999999
2853.52 75.96727599999998
2859.38 75.978276
2865.23 75.98087599999998
2871.09 75.974876
2876.95 75.96037599999998
2882.81 75.93727599999998
2888.67 75.90577599999999
2894.53 75.86597599999999
2900.39 75.81827599999998
2906.25 75.76287599999999
2912.11 75.70037599999999
2917.97 75.63117599999998
2923.83 75.55587599999998
2929.69 75.47537599999998
2935.55 75.39027599999999
2941.41 75.30167599999999
2947.27 75.21037599999998
2953.12 75.11777599999999
2958.98 75.02477599999999
2964.84 74.932876
2970.7 74.84317599999999
2976.56 74.75717599999999
2982.42 74.67627599999999
2988.28 74.60167599999998
2994.14 74.53467599999999
3000.0 74.476576
3005.86 74.42837599999999
3011.72 74.390976
3017.58 74.36507599999999
3023.44 74.35117599999998
3029.3 74.34957599999998
3035.16 74.36017599999998
3041.02 74.38287599999998
3046.88 74.41727599999999
3052.73 74.46247599999998
3058.59 74.51797599999999
3064.45 74.58257599999999
3070.31 74.65537599999999
3076.17 74.73517599999998
3082.03 74.82077599999998
3087.89 74.91117599999998
3093.75 75.00517599999999
3099.61 75.10167599999998
3105.47 75.199576
3111.33 75.298076
3117.19 75.39627599999999
3123.05 75.49347599999999
3128.91 75.58887599999998
3134.77 75.68207599999998
3140.62 75.77247599999998
3146.48 75.859676
3152.34 75.94347599999999
3158.2 76.023676
3164.06 76.099876
3169.92 76.17227599999998
3175.78 76.24057599999999
3181.64 76.30497599999998
3187.5 76.36547599999999
3193.36 76.422176
3199.22 76.47507599999999
3205.08 76.52447599999999
3210.94 76.57047599999999
3216.8 76.61317599999998
3222.66 76.65277599999999
3228.52 76.68957599999999
3234.38 76.723576
3240.23 76.75507599999999
3246.09 76.78417599999999
3251.95 76.810876
3257.81 76.83547599999999
3263.67 76.857976
3269.53 76.87847599999999
3275.39 76.89697599999998
3281.25 76.91347599999999
3287.11 76.92797599999999
3292.97 76.94047599999999
3298.83 76.95097599999998
3304.69 76.95927599999999
3310.55 76.96547599999998
3316.41 76.969276
3322.27 76.97077599999999
3328.12 76.96977599999998
3333.98 76.96617599999999
3339.84 76.95997599999998
3345.7 76.95097599999998
3351.56 76.93917599999999
3357.42 76.92457599999999
3363.28 76.90707599999999
3369.14 76.88687599999999
3375.0 76.86387599999999
3380.86 76.83837599999998
3386.72 76.81037599999999
3392.58 76.780076
3398.44 76.74787599999999
3404.3 76.714176
3410.16 76.67907599999998
3416.02 76.64327599999999
3421.88 76.60707599999999
3427.73 76.57107599999999
3433.59 76.53587599999999
3439.45 76.50207599999999
3445.31 76.47017599999998
3451.17 76.44077599999999
3457.03 76.41457599999998
3462.89 76.39197599999999
3468.75 76.37347599999998
3474.61 76.35957599999999
3480.47 76.35057599999999
3486.33 76.34667599999999
3492.19 76.34807599999999
3498.05 76.35467599999998
3503.91 76.36637599999999
3509.77 76.38297599999999
3515.62 76.40407599999999
3521.48 76.42927599999999
3527.34 76.45807599999999
3533.2 76.48977599999999
3539.06 76.52377599999998
3544.92 76.55937599999999
3550.78 76.59577599999999
3556.64 76.63217599999999
3562.5 76.66797599999998
3568.36 76.70247599999999
3574.22 76.73487599999999
3580.08 76.764676
3585.94 76.79137599999999
3591.8 76.81427599999999
3597.66 76.83307599999999
3603.52 76.84737599999998
3609.38 76.85687599999999
3615.23 76.86147599999998
3621.09 76.860976
3626.95 76.85517599999999
3632.81 76.84437599999998
3638.67 76.828476
3644.53 76.80777599999999
3650.39 76.78247599999999
3656.25 76.75277599999998
3662.11 76.719276
3667.97 76.68217599999998
3673.83 76.64227599999998
3679.69 76.599876
3685.55 76.55557599999999
3691.41 76.51017599999999
3697.27 76.464176
3703.12 76.41817599999999
3708.98 76.37277599999999
3714.84 76.32867599999999
3720.7 76.28637599999999
3726.56 76.246276
3732.42 76.20877599999999
3738.28 76.17417599999999
3744.14 76.14257599999999
3750.0 76.11417599999999
3755.86 76.08887599999998
3761.72 76.06637599999999
3767.58 76.04647599999998
3773.44 76.02867599999999
3779.3 76.01257599999998
3785.16 75.99747599999999
3791.02 75.98277599999999
3796.88 75.96767599999998
3802.73 75.95137599999998
3808.59 75.93317599999999
3814.45 75.91227599999999
3820.31 75.88787599999999
3826.17 75.859276
3832.03 75.82577599999999
3837.89 75.78687599999999
3843.75 75.74187599999999
3849.61 75.69037599999999
3855.47 75.63207599999998
3861.33 75.56667599999999
3867.19 75.49397599999999
3873.05 75.414076
3878.91 75.32707599999999
3884.77 75.23327599999999
3890.62 75.13297599999999
3896.48 75.02697599999999
3902.34 74.91597599999999
3908.2 74.80097599999999
3914.06 74.68307599999999
3919.92 74.56377599999999
3925.78 74.444476
3931.64 74.32697599999999
3937.5 74.21307599999999
3943.36 74.10487599999999
3949.22 74.00447599999998
3955.08 73.91367599999998
3960.94 73.83467599999999
3966.8 73.76927599999999
3972.66 73.718876
3978.52 73.68487599999999
3984.38 73.66807599999999
3990.23 73.66897599999999
3996.09 73.68737599999999
4001.95 73.72287599999999
4007.81 73.77457599999998
4013.67 73.84097599999998
4019.53 73.92067599999999
4025.39 74.01157599999999
4031.25 74.11177599999999
4037.11 74.21917599999999
4042.97 74.33177599999999
4048.83 74.44737599999999
4054.69 74.56427599999999
4060.55 74.68047599999998
4066.41 74.79457599999999
4072.27 74.905076
4078.12 75.01077599999999
4083.98 75.11047599999999
4089.84 75.20327599999999
4095.7 75.28857599999999
4101.56 75.365676
4107.42 75.43407599999999
4113.28 75.49337599999998
4119.14 75.54347599999998
4125.0 75.58397599999999
4130.86 75.61497599999998
4136.72 75.63637599999998
4142.58 75.64827599999998
4148.44 75.65087599999998
4154.3 75.64417599999999
4160.16 75.62837599999999
4166.02 75.60397599999999
4171.88 75.57107599999999
4177.73 75.50337599999999
4183.59 75.45117599999999
4189.45 75.39187599999998
4195.31 75.35637599999998
4201.17 75.28757599999999
4207.03 75.212876
4212.89 75.13277599999999
4218.75 75.04777599999998
4224.61 74.95837599999999
4230.47 74.86517599999999
4236.33 74.76877599999999
4242.19 74.66977599999998
4248.05 74.568576
4253.91 74.465876
4259.77 74.362276
4265.62 74.25827599999998
4271.48 74.15437599999998
4277.34 74.05127599999999
4283.2 73.94937599999999
4289.06 73.84917599999999
4294.92 73.751376
4300.78 73.65617599999999
4306.64 73.56417599999999
4312.5 73.47587599999999
4318.36 73.39147599999998
4324.22 73.31147599999998
4330.08 73.23617599999999
4335.94 73.16597599999999
4341.8 73.10107599999999
4347.66 73.04177599999998
4353.52 72.98827599999998
4359.38 72.94077599999999
4365.23 72.89957599999998
4371.09 72.86467599999999
4376.95 72.836176
4382.81 72.81427599999999
4388.67 72.79897599999998
4394.53 72.79007599999998
4400.39 72.787776
4406.25 72.79187599999999
4412.11 72.80227599999999
4417.97 72.81867599999998
4423.83 72.84107599999999
4429.69 72.86897599999999
4435.55 72.90217599999998
4441.41 72.94027599999998
4447.27 72.98287599999999
4453.12 73.02967599999998
4458.98 73.08007599999999
4464.84 73.133676
4470.7 73.18997599999999
4476.56 73.24847599999998
4482.42 73.30857599999999
4488.28 73.36987599999999
4494.14 73.43177599999999
4500.0 73.49377599999998
4505.86 73.55557599999999
4511.72 73.61637599999999
4517.58 73.676076
4523.44 73.73397599999998
4529.3 73.78987599999999
4535.16 73.84337599999999
4541.02 73.89417599999999
4546.88 73.941876
4552.73 73.98627599999999
4558.59 74.02727599999999
4564.45 74.06457599999999
4570.31 74.09797599999999
4576.17 74.12757599999999
4582.03 74.15327599999999
4587.89 74.17487599999998
4593.75 74.19257599999999
4599.61 74.20627599999999
4605.47 74.21617599999999
4611.33 74.22237599999998
4617.19 74.224876
4623.05 74.223976
4628.91 74.21977599999998
4634.77 74.21247599999998
4640.62 74.20237599999999
4646.48 74.18947599999998
4652.34 74.17427599999999
4658.2 74.15667599999999
4664.06 74.137076
4669.92 74.115676
4675.78 74.09247599999999
4681.64 74.06767599999999
4687.5 74.04147599999999
4693.36 74.01387599999998
4699.22 73.98487599999999
4705.08 73.95457599999999
4710.94 73.92277599999998
4716.8 73.88957599999999
4722.66 73.85477599999999
4728.52 73.818176
4734.38 73.77977599999998
4740.23 73.73927599999999
4746.09 73.69647599999999
4751.95 73.65117599999999
4757.81 73.60337599999998
4763.67 73.552776
4769.53 73.49937599999998
4775.39 73.443176
4781.25 73.38417599999998
4787.11 73.32257599999998
4792.97 73.258676
4798.83 73.19277599999998
4804.69 73.12567599999998
4810.55 73.05797599999998
4816.41 72.99057599999999
4822.27 72.924776
4828.12 72.86187599999998
4833.98 72.80327599999998
4839.84 72.75077599999999
4845.7 72.70617599999999
4851.56 72.67137599999998
4857.42 72.64837599999998
4863.28 72.63907599999999
4869.14 72.64517599999999
4875.0 72.66827599999999
4880.86 72.70967599999999
4886.72 72.77017599999999
4892.58 72.85017599999999
4898.44 72.94967599999998
4904.3 73.068176
4910.16 73.20457599999999
4916.02 73.35747599999999
4921.88 73.52507599999998
4927.73 73.70527599999998
4933.59 73.89587599999999
4939.45 74.09437599999998
4945.31 74.298476
4951.17 74.50587599999999
4957.03 74.714176
4962.89 74.92147599999998
4968.75 75.12557599999998
4974.61 75.32497599999999
4980.47 75.51787599999999
4986.33 75.70307599999998
4992.19 75.87927599999999
4998.05 76.045476
5003.91 76.200876
5009.77 76.34457599999999
5015.62 76.47597599999999
5021.48 76.59477599999998
5027.34 76.70037599999999
5033.2 76.79257599999998
5039.06 76.87117599999999
5044.92 76.93597599999998
5050.78 76.98707599999999
5056.64 77.02437599999999
5062.5 77.04797599999999
5068.36 77.05817599999999
5074.22 77.05507599999999
5080.08 77.03917599999998
5085.94 77.01077599999999
5091.8 76.97037599999999
5097.66 76.91867599999999
5103.52 76.85637599999998
5109.38 76.78427599999999
5115.23 76.703476
5121.09 76.61487599999998
5126.95 76.51997599999999
5132.81 76.41997599999999
5138.67 76.31637599999999
5144.53 76.21097599999999
5150.39 76.10537599999999
5156.25 76.00147599999998
5162.11 75.90117599999999
5167.97 75.80637599999999
5173.83 75.718876
5179.69 75.64047599999999
5185.55 75.572476
5191.41 75.51647599999998
5197.27 75.47337599999999
5203.12 75.44387599999999
5208.98 75.42837599999999
5214.84 75.42667599999999
5220.7 75.438476
5226.56 75.46297599999998
5232.42 75.49907599999999
5238.28 75.545476
5244.14 75.60067599999999
5250.0 75.66307599999999
5255.86 75.73107599999999
5261.72 75.802776
5267.58 75.87667599999999
5273.44 75.95117599999999
5279.3 76.02487599999999
5285.16 76.09657599999998
5291.02 76.16497599999998
5296.88 76.22917599999998
5302.73 76.28837599999999
5308.59 76.34187599999998
5314.45 76.38937599999998
5320.31 76.43047599999998
5326.17 76.46487599999999
5332.03 76.49257599999999
5337.89 76.51367599999999
5343.75 76.528376
5349.61 76.53697599999998
5355.47 76.53967599999999
5361.33 76.53717599999999
5367.19 76.52967599999998
5373.05 76.51797599999999
5378.91 76.50257599999999
5384.77 76.48417599999999
5390.62 76.46317599999999
5396.48 76.44037599999999
5402.34 76.41637599999999
5408.2 76.39157599999999
5414.06 76.36647599999999
5419.92 76.34167599999999
5425.78 76.31717599999999
5431.64 76.29347599999998
5437.5 76.270676
5443.36 76.24857599999999
5449.22 76.22727599999999
5455.08 76.20647599999998
5460.94 76.185876
5466.8 76.16507599999998
5472.66 76.14347599999999
5478.52 76.12067599999999
5484.38 76.09577599999999
5490.23 76.06827599999998
5496.09 76.037376
5501.95 76.002276
5507.81 75.96217599999999
5513.67 75.91647599999999
5519.53 75.86427599999999
5525.39 75.80477599999999
5531.25 75.73737599999998
5537.11 75.661476
5542.97 75.576276
5548.83 75.481276
5554.69 75.375976
5560.55 75.25987599999999
5566.41 75.13247599999998
5572.27 74.993676
5578.12 74.842976
5583.98 74.68037599999998
5589.84 74.50557599999999
5595.7 74.31867599999998
5601.56 74.11967599999998
5607.42 73.90887599999999
5613.28 73.68647599999998
5619.14 73.45307599999998
5625.0 73.20907599999998
5630.86 72.95537599999999
5636.72 72.69297599999999
5642.58 72.42287599999999
5648.44 72.14647599999999
5654.3 71.86537599999998
5660.16 71.58127599999999
5666.02 71.29617599999999
5671.88 71.01217599999998
5677.73 70.73157599999999
5683.59 70.45677599999999
5689.45 70.190176
5695.31 69.93407599999999
5701.17 69.69047599999999
5707.03 69.46147599999999
5712.89 69.24847599999998
5718.75 69.052776
5724.61 68.87477599999998
5730.47 68.71477599999999
5736.33 68.572476
5742.19 68.44697599999999
5748.05 68.33707599999998
5753.91 68.24147599999999
5759.77 68.15827599999999
5765.62 68.08597599999999
5771.48 68.02267599999999
5777.34 67.96697599999999
5783.2 67.917476
5789.06 67.87317599999999
5794.92 67.83337599999999
5800.78 67.79757599999999
5806.64 67.765976
5812.5 67.73877599999999
5818.36 67.71677599999998
5824.22 67.700876
5830.08 67.69237599999998
5835.94 67.69257599999999
5841.8 67.70297599999999
5847.66 67.724876
5853.52 67.79107599999999
5859.38 67.84717599999999
5865.23 67.91787599999999
5871.09 67.969276
5876.95 68.06167599999999
5882.81 68.16787599999999
5888.67 68.28717599999999
5894.53 68.41837599999998
5900.39 68.56007599999998
5906.25 68.71047599999999
5912.11 68.86777599999999
5917.97 69.02997599999999
5923.83 69.19517599999999
5929.69 69.36127599999999
5935.55 69.52657599999999
5941.41 69.68917599999999
5947.27 69.84757599999999
5953.12 70.00027599999999
5958.98 70.14617599999998
5964.84 70.28417599999999
5970.7 70.41337599999999
5976.56 70.53317599999998
5982.42 70.64317599999998
5988.28 70.74297599999998
5994.14 70.83247599999999
6000.0 70.91167599999999
6005.86 70.98067599999999
6011.72 71.03997599999998
6017.58 71.08977599999999
6023.44 71.13087599999999
6029.3 71.16387599999999
6035.16 71.18967599999999
6041.02 71.20927599999999
6046.88 71.223576
6052.73 71.23397599999998
6058.59 71.24157599999998
6064.45 71.24767599999998
6070.31 71.25377599999999
6076.17 71.26117599999999
6082.03 71.27117599999998
6087.89 71.28527599999998
6093.75 71.30467599999999
6099.61 71.33037599999999
6105.47 71.36347599999999
6111.33 71.40477599999998
6117.19 71.45487599999998
6123.05 71.51407599999999
6128.91 71.58267599999999
6134.77 71.66057599999999
6140.62 71.74737599999999
6146.48 71.84267599999998
6152.34 71.94587599999998
6158.2 72.05607599999999
6164.06 72.17237599999999
6169.92 72.29387599999998
6175.78 72.41937599999999
6181.64 72.54797599999999
6187.5 72.67847599999999
6193.36 72.80987599999999
6199.22 72.94137599999999
6205.08 73.07197599999999
6210.94 73.200876
6216.8 73.32727599999998
6222.66 73.45067599999999
6228.52 73.57047599999999
6234.38 73.68617599999999
6240.23 73.79727599999998
6246.09 73.90367599999999
6251.95 74.00497599999998
6257.81 74.10097599999999
6263.67 74.191476
6269.53 74.27657599999999
6275.39 74.35597599999998
6281.25 74.42977599999999
6287.11 74.49787599999999
6292.97 74.56027599999999
6298.83 74.61707599999998
6304.69 74.66827599999999
6310.55 74.71387599999998
6316.41 74.753976
6322.27 74.78847599999999
6328.12 74.81747599999998
6333.98 74.84097599999998
6339.84 74.85897599999998
6345.7 74.87147599999999
6351.56 74.87847599999999
6357.42 74.87997599999998
6363.28 74.87587599999999
6369.14 74.86617599999998
6375.0 74.85087599999999
6380.86 74.82987599999998
6386.72 74.803176
6392.58 74.77057599999999
6398.44 74.73217599999998
6404.3 74.68787599999999
6410.16 74.63767599999998
6416.02 74.58147599999998
6421.88 74.51917599999999
6427.73 74.45097599999998
6433.59 74.37667599999999
6439.45 74.29647599999998
6445.31 74.21037599999998
6451.17 74.11847599999999
6457.03 74.02087599999999
6462.89 73.91767599999999
6468.75 73.809176
6474.61 73.69547599999999
6480.47 73.57707599999999
6486.33 73.45407599999999
6492.19 73.32687599999998
6498.05 73.19607599999999
6503.91 73.06197599999999
6509.77 72.925176
6515.62 72.78627599999999
6521.48 72.64587599999999
6527.34 72.50467599999999
6533.2 72.36347599999999
6539.06 72.22307599999999
6544.92 72.08417599999999
6550.78 71.94767599999999
6556.64 71.81447599999998
6562.5 71.685476
6568.36 71.56137599999998
6574.22 71.44307599999999
6580.08 71.33137599999999
6585.94 71.226976
6591.8 71.13057599999999
6597.66 71.04267599999999
6603.52 70.96377599999998
6609.38 70.89407599999998
6615.23 70.83407599999998
6621.09 70.78357599999998
6626.95 70.74267599999999
6632.81 70.71127599999998
6638.67 70.68897599999998
6644.53 70.67547599999999
6650.39 70.67017599999998
6656.25 70.67257599999999
6662.11 70.68207599999998
6667.97 70.69777599999999
6673.83 70.71907599999999
6679.69 70.74507599999998
6685.55 70.77517599999999
6691.41 70.80837599999998
6697.27 70.843876
6703.12 70.88097599999999
6708.98 70.91897599999999
6714.84 70.95707599999999
6720.7 70.99467599999998
6726.56 71.03107599999998
6732.42 71.06577599999999
6738.28 71.09807599999999
6744.14 71.12777599999998
6750.0 71.15427599999998
6755.86 71.17717599999999
6761.72 71.19637599999999
6767.58 71.21147599999999
6773.44 71.22237599999998
6779.3 71.22907599999999
6785.16 71.23137599999998
6791.02 71.22947599999999
6796.88 71.22337599999999
6802.73 71.213276
6808.59 71.19947599999999
6814.45 71.18227599999999
6820.31 71.16207599999998
6826.17 71.13937599999998
6832.03 71.11457599999999
6837.89 71.08837599999998
6843.75 71.06137599999998
6849.61 71.03417599999999
6855.47 71.007376
6861.33 70.981676
6867.19 70.95777599999998
6873.05 70.93627599999999
6878.91 70.91767599999999
6884.77 70.90257599999998
6890.62 70.89117599999999
6896.48 70.88397599999999
6902.34 70.88097599999999
6908.2 70.882376
6914.06 70.88787599999999
6919.92 70.89757599999999
6925.78 70.91077599999998
6931.64 70.92727599999999
6937.5 70.94637599999999
6943.36 70.96747599999999
6949.22 70.98977599999999
6955.08 71.01247599999999
6960.94 71.034776
6966.8 71.055776
6972.66 71.07467599999998
6978.52 71.09057599999998
6984.38 71.102876
6990.23 71.11067599999998
6996.09 71.11347599999999
7001.95 71.11077599999999
7007.81 71.10187599999999
7013.67 71.08667599999998
7019.53 71.06487599999998
7025.39 71.036476
7031.25 71.00147599999998
7037.11 70.96017599999999
7042.97 70.912776
7048.83 70.86007599999999
7054.69 70.802776
7060.55 70.74157599999998
7066.41 70.67787599999998
7072.27 70.61277599999998
7078.12 70.54767599999998
7083.98 70.48437599999998
7089.84 70.42427599999999
7095.7 70.36937599999999
7101.56 70.32137599999999
7107.42 70.28207599999999
7113.28 70.25317599999998
7119.14 70.23607599999998
7125.0 70.23217599999998
7130.86 70.24247599999998
7136.72 70.26757599999999
7142.58 70.30777599999999
7148.44 70.36307599999999
7154.3 70.43307599999999
7160.16 70.516776
7166.02 70.61317599999998
7171.88 70.72087599999999
7177.73 70.838276
7183.59 70.96347599999999
7189.45 71.09477599999998
7195.31 71.23027599999999
7201.17 71.36817599999999
7207.03 71.50657599999998
7212.89 71.64387599999999
7218.75 71.77857599999999
7224.61 71.909376
7230.47 72.03487599999998
7236.33 72.15407599999999
7242.19 72.265976
7248.05 72.369976
7253.91 72.46517599999999
7259.77 72.55127599999999
7265.62 72.62777599999998
7271.48 72.69427599999999
7277.34 72.75057599999998
7283.2 72.79647599999998
7289.06 72.83207599999999
7294.92 72.85717599999998
7300.78 72.87197599999999
7306.64 72.876376
7312.5 72.87067599999999
7318.36 72.85487599999999
7324.22 72.82937599999998
7330.08 72.79427599999998
7335.94 72.74997599999999
7341.8 72.69677599999999
7347.66 72.634976
7353.52 72.56507599999999
7359.38 72.48737599999998
7365.23 72.40237599999999
7371.09 72.310476
7376.95 72.21237599999999
7382.81 72.10857599999999
7388.67 71.999676
7394.53 71.88617599999999
7400.39 71.76897599999998
7406.25 71.648676
7412.11 71.52597599999999
7417.97 71.40177599999998
7423.83 71.27687599999999
7429.69 71.152076
7435.55 71.02827599999999
7441.41 70.90627599999999
7447.27 70.78707599999998
7453.12 70.67157599999999
7458.98 70.56067599999999
7464.84 70.45507599999999
7470.7 70.35567599999999
7476.56 70.26327599999999
7482.42 70.17857599999999
7488.28 70.10207599999998
7494.14 70.034376
7500.0 69.97577599999998
7505.86 69.92657599999998
7511.72 69.88697599999999
7517.58 69.85697599999999
7523.44 69.83707599999998
7529.3 69.83007599999999
7535.16 69.83167599999999
7541.02 69.84147599999999
7546.88 69.85567599999999
7552.73 69.875976
7558.59 69.90277599999999
7564.45 69.93537599999999
7570.31 69.97307599999999
7576.17 70.01497599999999
7582.03 70.060476
7587.89 70.10857599999999
7593.75 70.15857599999998
7599.61 70.20967599999999
7605.47 70.26117599999999
7611.33 70.31237599999999
7617.19 70.36257599999999
7623.05 70.41127599999999
7628.91 70.45777599999998
7634.77 70.50167599999999
7640.62 70.54237599999999
7646.48 70.57947599999999
7652.34 70.612676
7658.2 70.64167599999999
7664.06 70.66607599999999
7669.92 70.685876
7675.78 70.70067599999999
7681.64 70.71047599999999
7687.5 70.71527599999999
7693.36 70.71487599999999
7699.22 70.70947599999998
7705.08 70.699176
7710.94 70.68387599999998
7716.8 70.66397599999999
7722.66 70.639676
7728.52 70.61127599999999
7734.38 70.57897599999998
7740.23 70.54327599999999
7746.09 70.50457599999999
7751.95 70.463276
7757.81 70.41997599999999
7763.67 70.37527599999999
7769.53 70.32947599999999
7775.39 70.283476
7781.25 70.237676
7787.11 70.19267599999999
7792.97 70.14917599999998
7798.83 70.10767599999998
7804.69 70.06877599999999
7810.55 70.03287599999999
7816.41 70.00037599999999
7822.27 69.97177599999999
7828.12 69.94727599999999
7833.98 69.92707599999999
7839.84 69.91127599999999
7845.7 69.89977599999999
7851.56 69.892676
7857.42 69.889676
7863.28 69.89047599999999
7869.14 69.89467599999999
7875.0 69.90177599999998
7880.86 69.91137599999999
7886.72 69.92277599999998
7892.58 69.93537599999999
7898.44 69.94857599999999
7904.3 69.96167599999998
7910.16 69.973976
7916.02 69.98487599999999
7921.88 69.99377599999998
7927.73 70.00017599999998
7933.59 70.00347599999999
7939.45 70.00337599999999
7945.31 69.99947599999999
7951.17 69.99137599999999
7957.03 69.97917599999998
7962.89 69.96277599999999
7968.75 69.94227599999999
7974.61 69.91777599999999
7980.47 69.88977599999998
7986.33 69.85867599999999
7992.19 69.82507599999998
7998.05 69.78967599999999
8003.91 69.75357599999998
8009.77 69.71747599999999
8015.62 69.68257599999998
8021.48 69.65007599999998
8027.34 69.62107599999999
8033.2 69.596876
8039.06 69.57857599999998
8044.92 69.56737599999998
8050.78 69.56427599999999
8056.64 69.57027599999999
8062.5 69.58607599999999
8068.36 69.61217599999999
8074.22 69.64887599999999
8080.08 69.69627599999998
8085.94 69.75427599999999
8091.8 69.82237599999999
8097.66 69.89997599999998
8103.52 69.98617599999999
8109.38 70.07987599999998
8115.23 70.17997599999998
8121.09 70.28517599999999
8126.95 70.39407599999998
8132.81 70.50517599999999
8138.67 70.61707599999998
8144.53 70.72847599999999
8150.39 70.837876
8156.25 70.94407599999998
8162.11 71.04587599999999
8167.97 71.14207599999999
8173.83 71.231676
8179.69 71.31377599999999
8185.55 71.38757599999998
8191.41 71.45237599999999
8197.27 71.50757599999999
8203.12 71.55257599999999
8208.98 71.58707599999998
8214.84 71.61067599999998
8220.7 71.62317599999999
8226.56 71.62447599999999
8232.42 71.61427599999999
8238.28 71.59287599999999
8244.14 71.56017599999998
8250.0 71.51647599999998
8255.86 71.46207599999998
8261.72 71.397376
8267.58 71.32267599999999
8273.44 71.23877599999999
8279.3 71.14637599999999
8285.16 71.04617599999999
8291.02 70.93907599999999
8296.88 70.82637599999998
8302.73 70.70907599999998
8308.59 70.58857599999999
8314.45 70.466276
8320.31 70.34357599999998
8326.17 70.22217599999999
8332.03 70.103676
8337.89 69.98977599999999
8343.75 69.881976
8349.61 69.78187599999998
8355.47 69.69107599999998
8361.33 69.61067599999998
8367.19 69.54197599999999
8373.05 69.48577599999999
8378.91 69.44267599999999
8384.77 69.41317599999999
8390.62 69.39727599999999
8396.48 69.39487599999998
8402.34 69.40537599999999
8408.2 69.428176
8414.06 69.46237599999999
8419.92 69.50687599999999
8425.78 69.560476
8431.64 69.62177599999998
8437.5 69.68947599999998
8443.36 69.76227599999999
8449.22 69.83877599999998
8455.08 69.91767599999999
8460.94 69.99787599999999
8466.8 70.07807599999998
8472.66 70.15737599999999
8478.52 70.23487599999999
8484.38 70.30977599999999
8490.23 70.38127599999999
8496.09 70.44897599999999
8501.95 70.51227599999999
8507.81 70.57077599999998
8513.67 70.62417599999999
8519.53 70.67227599999998
8525.39 70.71477599999999
8531.25 70.75177599999999
8537.11 70.78297599999999
8542.97 70.80857599999999
8548.83 70.828476
8554.69 70.84267599999998
8560.55 70.85147599999999
8566.41 70.85477599999999
8572.27 70.85277599999999
8578.12 70.84567599999998
8583.98 70.833576
8589.84 70.81667599999999
8595.7 70.79517599999998
8601.56 70.76927599999999
8607.42 70.73907599999998
8613.28 70.70487599999998
8619.14 70.66687599999999
8625.0 70.62527599999999
8630.86 70.580176
8636.72 70.53197599999999
8642.58 70.48067599999999
8648.44 70.42667599999999
8654.3 70.37007599999998
8660.16 70.31107599999999
8666.02 70.24997599999999
8671.88 70.18707599999999
8677.73 70.12247599999999
8683.59 70.05637599999999
8689.45 69.98917599999999
8695.31 69.92107599999999
8701.17 69.85237599999999
8707.03 69.78327599999999
8712.89 69.714176
8718.75 69.64527599999998
8724.61 69.57697599999999
8730.47 69.50957599999998
8736.33 69.44347599999999
8742.19 69.37887599999999
8748.05 69.31617599999998
8753.91 69.25587599999999
8759.77 69.19817599999999
8765.62 69.14337599999999
8771.48 69.09177599999998
8777.34 69.04387599999998
8783.2 68.999676
8789.06 68.95957599999998
8794.92 68.92367599999999
8800.78 68.89217599999999
8806.64 68.86517599999999
8812.5 68.84267599999998
8818.36 68.82467599999998
8824.22 68.81117599999999
8830.08 68.80197599999998
8835.94 68.79687599999998
8841.8 68.79577599999999
8847.66 68.79837599999999
8853.52 68.80437599999999
8859.38 68.813476
8865.23 68.82527599999999
8871.09 68.83937599999999
8876.95 68.85557599999999
8882.81 68.87347599999998
8888.67 68.892676
8894.53 68.91297599999999
8900.39 68.93407599999999
8906.25 68.95567599999998
8912.11 68.97777599999999
8917.97 69.00017599999998
8923.83 69.022776
8929.69 69.04557599999998
8935.55 69.06877599999999
8941.41 69.09227599999998
8947.27 69.11647599999999
8953.12 69.14157599999999
8958.98 69.16767599999999
8964.84 69.19527599999999
8970.7 69.22467599999999
8976.56 69.25617599999998
8982.42 69.29027599999999
8988.28 69.327176
8994.14 69.367376
9000.0 69.41097599999999
9005.86 69.45837599999999
9011.72 69.50967599999998
9017.58 69.56497599999999
9023.44 69.62437599999998
9029.3 69.68777599999999
9035.16 69.75497599999998
9041.02 69.82567599999999
9046.88 69.89957599999998
9052.73 69.97617599999998
9058.59 70.05497599999998
9064.45 70.135376
9070.31 70.21667599999999
9076.17 70.298076
9082.03 70.378976
9087.89 70.45837599999999
9093.75 70.53557599999999
9099.61 70.60987599999999
9105.47 70.68027599999999
9111.33 70.74607599999999
9117.19 70.80667599999998
9123.05 70.86107599999998
9128.91 70.90887599999999
9134.77 70.94937599999999
9140.62 70.98207599999999
9146.48 71.00637599999999
9152.34 71.02187599999999
9158.2 71.02827599999999
9164.06 71.02517599999999
9169.92 71.01247599999999
9175.78 70.98987599999998
9181.64 70.95747599999999
9187.5 70.91507599999998
9193.36 70.82407599999999
9199.22 70.75787599999998
9205.08 70.68257599999998
9210.94 70.59877599999999
9216.8 70.50677599999999
9222.66 70.45037599999999
9228.52 70.34847599999999
9234.38 70.24037599999998
9240.23 70.12717599999999
9246.09 70.009976
9251.95 69.88997599999999
9257.81 69.76827599999999
9263.67 69.64657599999998
9269.53 69.52607599999999
9275.39 69.40827599999999
9281.25 69.29477599999998
9287.11 69.18687599999998
9292.97 69.08607599999999
9298.83 68.993676
9304.69 68.91077599999998
9310.55 68.838276
9316.41 68.77697599999999
9322.27 68.72737599999999
9328.12 68.68987599999998
9333.98 68.66427599999999
9339.84 68.65057599999999
9345.7 68.64837599999998
9351.56 68.656776
9357.42 68.67527599999998
9363.28 68.70267599999998
9369.14 68.73807599999999
9375.0 68.78017599999998
9380.86 68.82807599999998
9386.72 68.88047599999999
9392.58 68.93627599999999
9398.44 68.99457599999998
9404.3 69.05437599999999
9410.16 69.11487599999998
9416.02 69.17547599999999
9421.88 69.23547599999999
9427.73 69.29457599999999
9433.59 69.35247599999998
9439.45 69.40877599999999
9445.31 69.46357599999999
9451.17 69.516776
9457.03 69.56837599999999
9462.89 69.61837599999998
9468.75 69.667076
9474.61 69.714576
9480.47 69.76097599999999
9486.33 69.80637599999999
9492.19 69.85087599999999
9498.05 69.89467599999999
9503.91 69.93777599999999
9509.77 69.98017599999999
9515.62 70.02167599999999
9521.48 70.06227599999998
9527.34 70.10187599999999
9533.2 70.140076
9539.06 70.17667599999999
9544.92 70.21137599999999
9550.78 70.24377599999998
9556.64 70.27347599999999
9562.5 70.29997599999999
9568.36 70.32307599999999
9574.22 70.34207599999999
9580.08 70.356676
9585.94 70.36657599999998
9591.8 70.37117599999999
9597.66 70.37027599999999
9603.52 70.36367599999998
9609.38 70.35097599999999
9615.23 70.33207599999999
9621.09 70.30707599999998
9626.95 70.275776
9632.81 70.23837599999999
9638.67 70.19507599999999
9644.53 70.14617599999998
9650.39 70.09217599999998
9656.25 70.03357599999998
9662.11 69.97117599999999
9667.97 69.90557599999998
9673.83 69.83777599999999
9679.69 69.76877599999999
9685.55 69.69967599999998
9691.41 69.63167599999998
9697.27 69.56597599999999
9703.12 69.50377599999999
9708.98 69.44647599999999
9714.84 69.39527599999998
9720.7 69.35127599999998
9726.56 69.315576
9732.42 69.28917599999998
9738.28 69.272776
9744.14 69.26717599999999
9750.0 69.27257599999999
9755.86 69.28937599999999
9761.72 69.31757599999999
9767.58 69.35677599999998
9773.44 69.40667599999999
9779.3 69.46667599999999
9785.16 69.53587599999999
9791.02 69.613576
9796.88 69.69857599999999
9802.73 69.78987599999999
9808.59 69.88627599999998
9814.45 69.98667599999999
9820.31 70.08977599999999
9826.17 70.19467599999999
9832.03 70.300176
9837.89 70.40537599999999
9843.75 70.50927599999999
9849.61 70.61107599999998
9855.47 70.71007599999999
9861.33 70.80557599999999
9867.19 70.89707599999998
9873.05 70.984276
9878.91 71.066476
9884.77 71.14367599999999
9890.62 71.21557599999998
9896.48 71.28197599999999
9902.34 71.34277599999999
9908.2 71.39797599999999
9914.06 71.44767599999999
9919.92 71.49177599999999
9925.78 71.530476
9931.64 71.563876
9937.5 71.59207599999999
9943.36 71.61547599999999
9949.22 71.634076
9955.08 71.64827599999998
9960.94 71.65817599999998
9966.8 71.66417599999998
9972.66 71.66637599999999
9978.52 71.66527599999999
9984.38 71.661076
9990.23 71.65397599999999
9996.09 71.64447599999998
10002.0 71.63257599999999
10007.8 71.61877599999998
10013.7 71.603276
10019.5 71.58637599999999
10025.4 71.56827599999998
10031.2 71.54907599999999
10037.1 71.52917599999999
10043.0 71.50857599999999
10048.8 71.48747599999999
10054.7 71.46597599999998
10060.5 71.44427599999999
10066.4 71.422176
10072.3 71.39987599999999
10078.1 71.37717599999999
10084.0 71.35417599999998
10089.8 71.33067599999998
10095.7 71.30657599999999
10101.6 71.28167599999999
10107.4 71.25577599999998
10113.3 71.228676
10119.1 71.20007599999998
10125.0 71.16987599999999
10130.9 71.13767599999998
10136.7 71.103276
10142.6 71.06637599999999
10148.4 71.02677599999998
10154.3 70.984276
10160.2 70.93867599999999
10166.0 70.889676
10171.9 70.83737599999999
10177.7 70.78157599999999
10183.6 70.72237599999998
10189.5 70.65987599999998
10195.3 70.59417599999999
10201.2 70.52557599999999
10207.0 70.454276
10212.9 70.38097599999999
10218.8 70.30597599999999
10224.6 70.229976
10230.5 70.15367599999999
10236.3 70.07797599999999
10242.2 70.00367599999998
10248.0 69.93177599999999
10253.9 69.86317599999998
10259.8 69.79887599999999
10265.6 69.73997599999998
10271.5 69.68737599999999
10277.3 69.64207599999999
10283.2 69.60467599999998
10289.1 69.57607599999999
10294.9 69.55667599999998
10300.8 69.54697599999999
10306.6 69.54707599999999
10312.5 69.55707599999998
10318.4 69.57677599999998
10324.2 69.60577599999999
10330.1 69.64357599999998
10335.9 69.68947599999998
10341.8 69.74257599999999
10347.7 69.801876
10353.5 69.86627599999998
10359.4 69.93467599999998
10365.2 70.00597599999999
10371.1 70.078876
10377.0 70.15217599999998
10382.8 70.224876
10388.7 70.29587599999999
10394.5 70.36407599999998
10400.4 70.42857599999999
10406.2 70.48867599999998
10412.1 70.54367599999999
10418.0 70.59277599999999
10423.8 70.63557599999999
10429.7 70.671776
10435.5 70.700876
10441.4 70.72277599999998
10447.3 70.73747599999999
10453.1 70.74477599999999
10459.0 70.74487599999999
10464.8 70.73777599999998
10470.7 70.72387599999999
10476.6 70.703476
10482.4 70.67667599999999
10488.3 70.64417599999999
10494.1 70.60617599999999
10500.0 70.56327599999999
10505.9 70.51607599999998
10511.7 70.46487599999999
10517.6 70.41037599999999
10523.4 70.35307599999999
10529.3 70.29337599999998
10535.2 70.23187599999999
10541.0 70.16897599999999
10546.9 70.10517599999999
10552.7 70.040776
10558.6 69.97607599999999
10564.5 69.91137599999999
10570.3 69.84697599999998
10576.2 69.78277599999998
10582.0 69.71917599999999
10587.9 69.65597599999998
10593.8 69.59337599999999
10599.6 69.53127599999999
10605.5 69.46967599999999
10611.3 69.40857599999998
10617.2 69.34787599999999
10623.0 69.28757599999999
10628.9 69.22777599999999
10634.8 69.16857599999999
10640.6 69.11007599999999
10646.5 69.05247599999998
10652.3 68.99617599999999
10658.2 68.941476
10664.1 68.88887599999998
10669.9 68.83897599999999
10675.8 68.79237599999999
10681.6 68.749676
10687.5 68.71177599999999
10693.4 68.67927599999999
10699.2 68.65297599999998
10705.1 68.633676
10710.9 68.62187599999999
10716.8 68.61837599999998
10722.7 68.623376
10728.5 68.63727599999999
10734.4 68.66037599999999
10740.2 68.69247599999998
10746.1 68.73337599999999
10752.0 68.78287599999999
10757.8 68.84017599999999
10763.7 68.90477599999998
10769.5 68.97567599999999
10775.4 69.05197599999998
10781.2 69.13247599999998
10787.1 69.21597599999998
10793.0 69.30137599999999
10798.8 69.38737599999999
10804.7 69.47267599999999
10810.5 69.55607599999999
10816.4 69.63657599999999
10822.3 69.71297599999998
10828.1 69.78417599999999
10834.0 69.84947599999998
10839.8 69.90797599999999
10845.7 69.95897599999999
10851.6 70.00187599999998
10857.4 70.03617599999998
10863.3 70.06007599999998
10869.1 70.07147599999999
10875.0 70.07367599999999
10880.9 70.06657599999998
10886.7 70.05047599999999
10892.6 70.02547599999998
10898.4 69.99187599999999
10904.3 69.96237599999999
10910.2 69.91787599999999
10916.0 69.86627599999998
10921.9 69.80847599999998
10927.7 69.74527599999999
10933.6 69.67747599999998
10939.5 69.606276
10945.3 69.53247599999999
10951.2 69.45747599999999
10957.0 69.38217599999999
10962.9 69.30777599999999
10968.8 69.23547599999999
10974.6 69.166176
10980.5 69.10087599999999
10986.3 69.04057599999999
10992.2 68.98587599999999
10998.0 68.93747599999999
11003.9 68.89587599999999
11009.8 68.86117599999999
11015.6 68.83347599999999
11021.5 68.81287599999999
11027.3 68.79887599999999
11033.2 68.79107599999999
11039.1 68.78897599999999
11044.9 68.79177599999998
11050.8 68.79867599999999
11056.6 68.808776
11062.5 68.82097599999999
11068.4 68.83437599999999
11074.2 68.84787599999999
11080.1 68.860576
11085.9 68.87157599999999
11091.8 68.87997599999998
11097.7 68.88487599999999
11103.5 68.88587599999998
11109.4 68.88227599999999
11115.2 68.87367599999999
11121.1 68.85997599999999
11127.0 68.84077599999999
11132.8 68.81637599999999
11138.7 68.78677599999999
11144.5 68.75237599999998
11150.4 68.71367599999999
11156.2 68.67127599999999
11162.1 68.62587599999999
11168.0 68.57827599999999
11173.8 68.52957599999999
11179.7 68.48077599999999
11185.5 68.43297599999998
11191.4 68.38727599999999
11197.3 68.34487599999999
11203.1 68.30677599999999
11209.0 68.27427599999999
11214.8 68.24807599999998
11220.7 68.22917599999998
11226.6 68.21827599999999
11232.4 68.215876
11238.3 68.222276
11244.1 68.23777599999998
11250.0 68.26217599999998
11255.9 68.29527599999999
11261.7 68.33667599999998
11267.6 68.38577599999999
11273.4 68.44167599999999
11279.3 68.50357599999998
11285.2 68.57027599999999
11291.0 68.64087599999999
11296.9 68.71407599999999
11302.7 68.78877599999998
11308.6 68.86377599999999
11314.5 68.93777599999999
11320.3 69.009976
11326.2 69.07907599999999
11332.0 69.144376
11337.9 69.20487599999998
11343.8 69.25987599999999
11349.6 69.308776
11355.5 69.35107599999999
11361.3 69.38627599999998
11367.2 69.41417599999998
11373.0 69.43447599999999
11378.9 69.44697599999999
11384.8 69.45177599999998
11390.6 69.44887599999998
11396.5 69.43827599999999
11402.3 69.42027599999999
11408.2 69.39497599999999
11414.1 69.36277599999998
11419.9 69.32407599999999
11425.8 69.27907599999999
11431.6 69.228276
11437.5 69.172176
11443.4 69.11127599999999
11449.2 69.04597599999998
11455.1 68.97677599999999
11460.9 68.90437599999998
11466.8 68.82917599999999
11472.7 68.75167599999999
11478.5 68.67237599999999
11484.4 68.59177599999998
11490.2 68.510376
11496.1 68.42867599999998
11502.0 68.346876
11507.8 68.26547599999999
11513.7 68.18477599999999
11519.5 68.10507599999998
11525.4 68.026676
11531.2 67.94977599999999
11537.1 67.874676
11543.0 67.80137599999999
11548.8 67.73017599999999
11554.7 67.66117599999998
11560.5 67.59457599999999
11566.4 67.53057599999998
11572.3 67.46917599999999
11578.1 67.41077599999998
11584.0 67.35537599999999
11589.8 67.30327599999998
11595.7 67.25467599999999
11601.6 67.209876
11607.4 67.169176
11613.3 67.13277599999999
11619.1 67.10097599999999
11625.0 67.07397599999999
11630.9 67.05217599999999
11636.7 67.03567599999998
11642.6 67.02477599999999
11648.4 67.01947599999998
11654.3 67.01997599999999
11660.2 67.02617599999999
11666.0 67.03807599999999
11671.9 67.05537599999998
11677.7 67.07807599999998
11683.6 67.10557599999999
11689.5 67.13757599999998
11695.3 67.17357599999998
11701.2 67.21297599999998
11707.0 67.25517599999999
11712.9 67.29937599999998
11718.8 67.34497599999999
11724.6 67.39117599999999
11730.5 67.43707599999999
11736.3 67.48197599999999
11742.2 67.52517599999999
11748.0 67.56567599999998
11753.9 67.60307599999999
11759.8 67.63647599999999
11765.6 67.66527599999999
11771.5 67.68897599999998
11777.3 67.70707599999999
11783.2 67.71917599999999
11789.1 67.72497599999998
11794.9 67.72417599999999
11800.8 67.71667599999999
11806.6 67.70227599999998
11812.5 67.681176
11818.4 67.653376
11824.2 67.61907599999999
11830.1 67.57857599999998
11835.9 67.53227599999998
11841.8 67.48057599999999
11847.7 67.42397599999998
11853.5 67.36317599999998
11859.4 67.29867599999999
11865.2 67.231276
11871.1 67.16177599999999
11877.0 67.09077599999999
11882.8 67.01907599999998
11888.7 66.94757599999998
11894.5 66.87697599999998
11900.4 66.80797599999998
11906.2 66.74117599999998
11912.1 66.67727599999999
11918.0 66.61677599999999
11923.8 66.56017599999998
11929.7 66.50777599999999
11935.5 66.459876
11941.4 66.41657599999999
11947.3 66.37787599999999
11953.1 66.34377599999999
11959.0 66.31407599999999
11964.8 66.28857599999999
11970.7 66.26697599999999
11976.6 66.24887599999998
11982.4 66.23387599999998
11988.3 66.22147599999998
11994.1 66.211176
12000.0 66.202576
12005.9 66.19527599999999
12011.7 66.18867599999999
12017.6 66.18257599999998
12023.4 66.17657599999998
12029.3 66.170476
12035.2 66.164076
12041.0 66.15737599999999
12046.9 66.150376
12052.7 66.143076
12058.6 66.13577599999999
12064.5 66.12857599999998
12070.3 66.12197599999999
12076.2 66.11627599999998
12082.0 66.11197599999998
12087.9 66.10957599999999
12093.8 66.10957599999999
12099.6 66.112676
12105.5 66.11927599999999
12111.3 66.12987599999998
12117.2 66.14517599999999
12123.0 66.16557599999999
12128.9 66.191476
12134.8 66.22317599999998
12140.6 66.26107599999999
12146.5 66.30517599999999
12152.3 66.35567599999999
12158.2 66.41257599999999
12164.1 66.47567599999999
12169.9 66.54487599999999
12175.8 66.61977599999999
12181.6 66.69997599999999
12187.5 66.78507599999999
12193.4 66.87457599999999
12199.2 66.96767599999998
12205.1 67.06397599999998
12210.9 67.16257599999999
12216.8 67.26287599999999
12222.7 67.36407599999998
12228.5 67.46547599999998
12234.4 67.56627599999999
12240.2 67.665776
12246.1 67.76327599999999
12252.0 67.85807599999998
12257.8 67.94947599999999
12263.7 68.03687599999999
12269.5 68.11957599999998
12275.4 68.19707599999998
12281.2 68.26867599999999
12287.1 68.33407599999998
12293.0 68.392676
12298.8 68.44407599999998
12304.7 68.48777599999998
12310.5 68.52347599999999
12316.4 68.55087599999999
12322.3 68.56957599999998
12328.1 68.57947599999999
12334.0 68.58027599999998
12339.8 68.57177599999999
12345.7 68.55397599999999
12351.6 68.526676
12357.4 68.49007599999999
12363.3 68.44397599999999
12369.1 68.388776
12375.0 68.32447599999999
12380.9 68.251376
12386.7 68.16977599999998
12392.6 68.08027599999998
12398.4 67.98327599999999
12404.3 67.879376
12410.2 67.769376
12416.0 67.65397599999999
12421.9 67.53417599999999
12427.7 67.41087599999999
12433.6 67.28527599999998
12439.5 67.158476
12445.3 67.03157599999999
12451.2 66.90607599999998
12457.0 66.78297599999999
12462.9 66.66377599999998
12468.8 66.54957599999999
12474.6 66.44167599999999
12480.5 66.34097599999998
12486.3 66.24847599999998
12492.2 66.16517599999999
12498.0 66.09157599999999
12503.9 66.02817599999999
12509.8 65.975276
12515.6 65.93297599999998
12521.5 65.90127599999998
12527.3 65.87977599999999
12533.2 65.87777599999998
12539.1 65.87847599999999
12544.9 65.88717599999998
12550.8 65.90297599999998
12556.6 65.92507599999999
12562.5 65.95247599999999
12568.4 65.984276
12574.2 66.01967599999999
12580.1 66.04087599999998
12585.9 66.07877599999999
12591.8 66.118276
12597.7 66.15877599999999
12603.5 66.19947599999999
12609.4 66.24007599999999
12615.2 66.280076
12621.1 66.31907599999998
12627.0 66.35687599999999
12632.8 66.39327599999999
12638.7 66.428176
12644.5 66.46137599999999
12650.4 66.49287599999998
12656.2 66.522776
12662.1 66.55087599999999
12668.0 66.57727599999998
12673.8 66.601976
12679.7 66.62477599999998
12685.5 66.64577599999998
12691.4 66.66487599999999
12697.3 66.68177599999999
12703.1 66.69637599999999
12709.0 66.70837599999999
12714.8 66.717576
12720.7 66.723576
12726.6 66.72597599999999
12732.4 66.72437599999999
12738.3 66.71827599999999
12744.1 66.707276
12750.0 66.69067599999998
12755.9 66.66807599999999
12761.7 66.638776
12767.6 66.60237599999999
12773.4 66.55827599999999
12779.3 66.50597599999999
12785.2 66.44477599999999
12791.0 66.37447599999999
12796.9 66.29447599999999
12802.7 66.20437599999998
12808.6 66.10397599999999
12814.5 65.99297599999998
12820.3 65.871276
12826.2 65.738976
12832.0 65.595976
12837.9 65.44267599999999
12843.8 65.27957599999999
12849.6 65.10727599999998
12855.5 64.926476
12861.3 64.73837599999999
12867.2 64.544176
12873.0 64.34547599999999
12878.9 64.14397599999998
12884.8 63.94157599999998
12890.6 63.74047599999999
12896.5 63.54287599999999
12902.3 63.35107599999999
12908.2 63.16747599999999
12914.1 62.99417599999998
12919.9 62.83337599999999
12925.8 62.68697599999999
12931.6 62.55667599999998
12937.5 62.44367599999998
12943.4 62.349175999999986
12949.2 62.273775999999984
12955.1 62.217775999999986
12960.9 62.181175999999994
12966.8 62.16357599999999
12972.7 62.16427599999999
12978.5 62.182175999999984
12984.4 62.21597599999998
12990.2 62.26417599999999
12996.1 62.32487599999999
13002.0 62.396275999999986
13007.8 62.476575999999994
13013.7 62.56387599999999
13019.5 62.656375999999995
13025.4 62.75247599999999
13031.2 62.85067599999999
13037.1 62.94987599999999
13043.0 63.04897599999998
13048.8 63.14717599999999
13054.7 63.243875999999986
13060.5 63.338875999999985
13066.4 63.43187599999999
13072.3 63.52277599999999
13078.1 63.61177599999999
13084.0 63.69877599999998
13089.8 63.78417599999999
13095.7 63.86807599999999
13101.6 63.95077599999999
13107.4 64.03247599999999
13113.3 64.11327599999998
13119.1 64.19337599999999
13125.0 64.27287599999998
13130.9 64.35167599999998
13136.7 64.42977599999999
13142.6 64.506976
13148.4 64.58307599999999
13154.3 64.65787599999999
13160.2 64.73087599999998
13166.0 64.80167599999999
13171.9 64.86987599999999
13177.7 64.93487599999999
13183.6 64.99607599999999
13189.5 65.05307599999999
13195.3 65.10517599999999
13201.2 65.15187599999999
13207.0 65.19257599999999
13212.9 65.22677599999999
13218.8 65.253976
13224.6 65.27377599999998
13230.5 65.28577599999998
13236.3 65.28957599999998
13242.2 65.28497599999999
13248.0 65.27187599999999
13253.9 65.25007599999999
13259.8 65.21977599999998
13265.6 65.18087599999998
13271.5 65.133676
13277.3 65.078476
13283.2 65.01577599999999
13289.1 64.94607599999999
13294.9 64.87007599999998
13300.8 64.78867599999998
13306.6 64.70267599999998
13312.5 64.61317599999998
13318.4 64.52137599999999
13324.2 64.42847599999999
13330.1 64.33597599999999
13335.9 64.24507599999998
13341.8 64.15737599999999
13347.7 64.07427599999998
13353.5 63.99707599999999
13359.4 63.92737599999998
13365.2 63.86617599999998
13371.1 63.814775999999995
13377.0 63.77397599999999
13382.8 63.74477599999999
13388.7 63.727575999999985
13394.5 63.722875999999985
13400.4 63.73067599999999
13406.2 63.75107599999998
13412.1 63.78377599999999
13418.0 63.828175999999985
13423.8 63.88377599999998
13429.7 63.94967599999998
13435.5 64.02477599999999
13441.4 64.10817599999999
13447.3 64.19867599999999
13453.1 64.29497599999999
13459.0 64.39597599999999
13464.8 64.50047599999999
13470.7 64.60737599999999
13476.6 64.71567599999999
13482.4 64.82437599999999
13488.3 64.93267599999999
13494.1 65.03987599999999
13500.0 65.14547599999999
13505.9 65.24897599999998
13511.7 65.35017599999999
13517.6 65.44887599999998
13523.4 65.54487599999999
13529.3 65.638376
13535.2 65.72927599999998
13541.0 65.81797599999999
13546.9 65.90447599999999
13552.7 65.98907599999998
13558.6 66.07207599999998
13564.5 66.15367599999999
13570.3 66.234276
13576.2 66.31397599999998
13582.0 66.39317599999998
13587.9 66.471876
13593.8 66.55027599999998
13599.6 66.62837599999999
13605.5 66.70627599999999
13611.3 66.78387599999999
13617.2 66.86107599999998
13623.0 66.93767599999998
13628.9 67.013376
13634.8 67.087876
13640.6 67.16087599999999
13646.5 67.23177599999998
13652.3 67.30027599999998
13658.2 67.365676
13664.1 67.42757599999999
13669.9 67.48527599999998
13675.8 67.53827599999998
13681.6 67.58597599999999
13687.5 67.627676
13693.4 67.66297599999999
13699.2 67.69107599999998
13705.1 67.71167599999998
13710.9 67.72407599999998
13716.8 67.727876
13722.7 67.72277599999998
13728.5 67.70827599999998
13734.4 67.68407599999999
13740.2 67.65007599999998
13746.1 67.60617599999999
13752.0 67.55207599999999
13757.8 67.48807599999999
13763.7 67.41417599999998
13769.5 67.33067599999998
13775.4 67.23797599999999
13781.2 67.136676
13787.1 67.02737599999999
13793.0 66.91097599999999
13798.8 66.78847599999999
13804.7 66.661076
13810.5 66.530076
13816.4 66.39697599999998
13822.3 66.26347599999998
13828.1 66.13117599999998
13834.0 66.00197599999998
13839.8 65.87777599999998
13845.7 65.76027599999999
13851.6 65.65137599999998
13857.4 65.55267599999999
13863.3 65.46577599999999
13869.1 65.391776
13875.0 65.33197599999998
13880.9 65.28697599999998
13886.7 65.25747599999998
13892.6 65.24347599999999
13898.4 65.24507599999998
13904.3 65.26177599999998
13910.2 65.29287599999999
13916.0 65.33737599999999
13921.9 65.39417599999999
13927.7 65.46167599999998
13933.6 65.53847599999999
13939.5 65.62267599999998
13945.3 65.71257599999998
13951.2 65.80627599999998
13957.0 65.90197599999999
13962.9 65.997976
13968.8 66.09267599999998
13974.6 66.18457599999999
13980.5 66.272376
13986.3 66.35487599999999
13992.2 66.43107599999999
13998.0 66.50037599999999
14003.9 66.56207599999999
14009.8 66.61577599999998
14015.6 66.66117599999998
14021.5 66.69827599999999
14027.3 66.726976
14033.2 66.74757599999998
14039.1 66.76007599999998
14044.9 66.765076
14050.8 66.762976
14056.6 66.75427599999999
14062.5 66.739376
14068.4 66.71917599999999
14074.2 66.69407599999998
14080.1 66.66487599999999
14085.9 66.63227599999999
14091.8 66.59677599999999
14097.7 66.559176
14103.5 66.51997599999999
14109.4 66.47977599999999
14115.2 66.43907599999999
14121.1 66.39827599999998
14127.0 66.35787599999999
14132.8 66.31807599999999
14138.7 66.27897599999999
14144.5 66.24087599999999
14150.4 66.20377599999999
14156.2 66.167476
14162.1 66.13207599999998
14168.0 66.09717599999999
14173.8 66.06267599999998
14179.7 66.02807599999998
14185.5 65.99317599999999
14191.4 65.95757599999999
14197.3 65.92077599999999
14203.1 65.85897599999998
14209.0 65.81677599999999
14214.8 65.77207599999998
14220.7 65.72447599999998
14226.6 65.67387599999999
14232.4 65.619976
14238.3 65.56267599999998
14244.1 65.50207599999999
14250.0 65.43797599999999
14255.9 65.39927599999999
14261.7 65.33107599999998
14267.6 65.26047599999998
14273.4 65.18777599999999
14279.3 65.11367599999998
14285.2 65.03867599999998
14291.0 64.96367599999999
14296.9 64.88947599999999
14302.7 64.81707599999999
14308.6 64.74727599999999
14314.5 64.68127599999998
14320.3 64.619976
14326.2 64.56447599999998
14332.0 64.51577599999999
14337.9 64.47477599999999
14343.8 64.44227599999999
14349.6 64.41907599999999
14355.5 64.40587599999999
14361.3 64.40317599999999
14367.2 64.41127599999999
14373.0 64.43057599999999
14378.9 64.46097599999999
14384.8 64.50257599999999
14390.6 64.55507599999999
14396.5 64.61797599999998
14402.3 64.69097599999999
14408.2 64.77317599999999
14414.1 64.86407599999998
14419.9 64.96267599999999
14425.8 65.06797599999999
14431.6 65.17907599999998
14437.5 65.29487599999999
14443.4 65.41427599999999
14449.2 65.53617599999998
14455.1 65.65967599999999
14460.9 65.783476
14466.8 65.90687599999998
14472.7 66.02867599999999
14478.5 66.14817599999999
14484.4 66.26447599999999
14490.2 66.37697599999998
14496.1 66.48477599999998
14502.0 66.58757599999998
14507.8 66.68457599999999
14513.7 66.77547599999998
14519.5 66.85977599999998
14525.4 66.937176
14531.2 67.00747599999998
14537.1 67.07037599999998
14543.0 67.12557599999998
14548.8 67.173076
14554.7 67.21277599999999
14560.5 67.24457599999998
14566.4 67.26837599999999
14572.3 67.28427599999999
14578.1 67.29237599999999
14584.0 67.29257599999998
14589.8 67.28507599999999
14595.7 67.27007599999999
14601.6 67.24757599999998
14607.4 67.21787599999999
14613.3 67.181176
14619.1 67.13767599999998
14625.0 67.08757599999998
14630.9 67.03117599999999
14636.7 66.968876
14642.6 66.90087599999998
14648.4 66.827576
14654.3 66.74947599999999
14660.2 66.66677599999998
14666.0 66.58007599999999
14671.9 66.48967599999999
14677.7 66.39617599999998
14683.6 66.300176
14689.5 66.20207599999999
14695.3 66.10247599999998
14701.2 66.00217599999999
14707.0 65.901676
14712.9 65.80167599999999
14718.8 65.70297599999999
14724.6 65.60617599999999
14730.5 65.51227599999999
14736.3 65.42187599999998
14742.2 65.33587599999998
14748.0 65.25497599999998
14753.9 65.18007599999999
14759.8 65.11187599999998
14765.6 65.05117599999998
14771.5 64.99857599999999
14777.3 64.95477599999998
14783.2 64.92017599999998
14789.1 64.89547599999999
14794.9 64.88077599999998
14800.8 64.87657599999999
14806.6 64.88287599999998
14812.5 64.89977599999999
14818.4 64.92717599999999
14824.2 64.96487599999999
14830.1 65.01247599999999
14835.9 65.069476
14841.8 65.13547599999998
14847.7 65.20977599999999
14853.5 65.29147599999999
14859.4 65.37987599999998
14865.2 65.47407599999998
14871.1 65.57297599999998
14877.0 65.67567599999998
14882.8 65.78107599999998
14888.7 65.88827599999999
14894.5 65.99597599999998
14900.4 66.10347599999999
14906.2 66.20947599999998
14912.1 66.31317599999998
14918.0 66.41367599999998
14923.8 66.509976
14929.7 66.60147599999999
14935.5 66.68727599999998
14941.4 66.766776
14947.3 66.83927599999998
14953.1 66.90437599999998
14959.0 66.96147599999999
14964.8 67.01027599999999
14970.7 67.05037599999999
14976.6 67.08147599999998
14982.4 67.103276
14988.3 67.11587599999999
14994.1 67.11907599999999
15000.0 67.11277599999998
15005.9 67.09717599999999
15011.7 67.07237599999999
15017.6 67.03857599999999
15023.4 66.99607599999999
15029.3 66.94527599999999
15035.2 66.88657599999999
15041.0 66.82047599999999
15046.9 66.74757599999998
15052.7 66.66847599999998
15058.6 66.58407599999998
15064.5 66.494976
15070.3 66.402076
15076.2 66.306176
15082.0 66.20827599999998
15087.9 66.109276
15093.8 66.009976
15099.6 65.91127599999999
15105.5 65.81397599999998
15111.3 65.71897599999998
15117.2 65.62707599999999
15123.0 65.53867599999998
15128.9 65.45447599999999
15134.8 65.37507599999999
15140.6 65.30067599999998
15146.5 65.231676
15152.3 65.16817599999999
15158.2 65.11027599999998
15164.1 65.05797599999998
15169.9 65.01117599999999
15175.8 64.96967599999999
15181.6 64.93337599999998
15187.5 64.90187599999999
15193.4 64.87497599999999
15199.2 64.85217599999999
15205.1 64.83327599999998
15210.9 64.81807599999999
15216.8 64.806176
15222.7 64.79737599999999
15228.5 64.79157599999999
15234.4 64.78877599999998
15240.2 64.78877599999998
15246.1 64.79177599999998
15252.0 64.79777599999998
15257.8 64.80707599999998
15263.7 64.819876
15269.5 64.83647599999999
15275.4 64.85697599999999
15281.2 64.88187599999999
15287.1 64.91137599999999
15293.0 64.94567599999999
15298.8 64.98507599999999
15304.7 65.02957599999999
15310.5 65.07937599999998
15316.4 65.13427599999999
15322.3 65.19437599999999
15328.1 65.25927599999999
15334.0 65.328876
15339.8 65.40267599999999
15345.7 65.48027599999999
15351.6 65.56097599999998
15357.4 65.64417599999999
15363.3 65.72917599999998
15369.1 65.815176
15375.0 65.90137599999998
15380.9 65.98687599999998
15386.7 66.07087599999998
15392.6 66.152476
15398.4 66.23077599999999
15404.3 66.30497599999998
15410.2 66.374276
15416.0 66.43777599999999
15421.9 66.49487599999999
15427.7 66.54497599999999
15433.6 66.58737599999999
15439.5 66.62147599999999
15445.3 66.64697599999998
15451.2 66.66337599999999
15457.0 66.67037599999999
15462.9 66.66757599999998
15468.8 66.65477599999998
15474.6 66.631976
15480.5 66.59887599999999
15486.3 66.55557599999999
15492.2 66.50197599999998
15498.0 66.43817599999998
15503.9 66.364376
15509.8 66.28067599999999
15515.6 66.18747599999999
15521.5 66.08497599999998
15527.3 65.97367599999998
15533.2 65.85397599999999
15539.1 65.72647599999999
15544.9 65.59177599999998
15550.8 65.45057599999998
15556.6 65.30377599999998
15562.5 65.15227599999999
15568.4 64.99687599999999
15574.2 64.83867599999999
15580.1 64.67877599999998
15585.9 64.51837599999999
15591.8 64.35857599999999
15597.7 64.20067599999999
15603.5 64.04567599999999
15609.4 63.894975999999986
15615.2 63.74957599999999
15621.1 63.610675999999984
15627.0 63.47917599999998
15632.8 63.35617599999999
15638.7 63.24237599999999
15644.5 63.138575999999986
15650.4 63.04527599999999
15656.2 62.96307599999999
15662.1 62.89227599999998
15668.0 62.83297599999999
15673.8 62.785375999999985
15679.7 62.749275999999995
15685.5 62.72447599999998
15691.4 62.71077599999998
15697.3 62.70767599999999
15703.1 62.71467599999998
15709.0 62.73117599999999
15714.8 62.75657599999998
15720.7 62.79017599999999
15726.6 62.83107599999998
15732.4 62.87877599999999
15738.3 62.93227599999999
15744.1 62.99097599999999
15750.0 63.054175999999984
15755.9 63.12107599999999
15761.7 63.19107599999998
15767.6 63.26347599999998
15773.4 63.337575999999984
15779.3 63.41287599999998
15785.2 63.48877599999999
15791.0 63.564775999999995
15796.9 63.64017599999998
15802.7 63.71467599999998
15808.6 63.78767599999999
15814.5 63.85877599999999
15820.3 63.92737599999998
15826.2 63.99317599999999
15832.0 64.05567599999999
15837.9 64.114376
15843.8 64.16907599999999
15849.6 64.21907599999999
15855.5 64.26427599999998
15861.3 64.30417599999998
15867.2 64.33837599999998
15873.0 64.36777599999999
15878.9 64.38607599999999
15884.8 64.397776
15890.6 64.40267599999999
15896.5 64.40047599999998
15902.3 64.390976
15908.2 64.37417599999999
15914.1 64.34977599999999
15919.9 64.31797599999999
15925.8 64.27847599999998
15931.6 64.24257599999999
15937.5 64.19177599999999
15943.4 64.13357599999999
15949.2 64.06807599999999
15955.1 63.99537599999999
15960.9 63.91567599999999
15966.8 63.82927599999999
15972.7 63.73647599999998
15978.5 63.63757599999998
15984.4 63.53287599999999
15990.2 63.42297599999999
15996.1 63.30827599999999
16002.0 63.18937599999998
16007.8 63.06677599999999
16013.7 62.94107599999998
16019.5 62.81307599999998
16025.4 62.683475999999985
16031.2 62.55287599999998
16037.1 62.42217599999999
16043.0 62.292175999999984
16048.8 62.16357599999999
16054.7 62.03727599999999
16060.5 61.914075999999994
16066.4 61.79467599999998
16072.3 61.680075999999985
16078.1 61.57077599999998
16084.0 61.46767599999998
16089.8 61.371375999999984
16095.7 61.28247599999999
16101.6 61.201475999999985
16107.4 61.12907599999998
16113.3 61.06557599999999
16119.1 61.01147599999999
16125.0 60.966875999999985
16130.9 60.93227599999999
16136.7 60.90757599999999
16142.6 60.89317599999998
16148.4 60.88887599999998
16154.3 60.89477599999999
16160.2 60.91087599999999
16166.0 60.936775999999995
16171.9 60.97257599999999
16177.7 61.01787599999999
16183.6 61.07237599999999
16189.5 61.13577599999999
16195.3 61.20777599999998
16201.2 61.28787599999998
16207.0 61.37577599999999
16212.9 61.47087599999999
16218.8 61.572875999999994
16224.6 61.68107599999999
16230.5 61.795075999999995
16236.3 61.91427599999999
16242.2 62.03807599999999
16248.0 62.16607599999999
16253.9 62.29747599999999
16259.8 62.431775999999985
16265.6 62.56827599999998
16271.5 62.70637599999999
16277.3 62.84547599999999
16283.2 62.98477599999998
16289.1 63.12367599999999
16294.9 63.26157599999999
16300.8 63.39767599999999
16306.6 63.53127599999999
16312.5 63.66187599999999
16318.4 63.788775999999984
16324.2 63.91137599999999
16330.1 64.02897599999999
16335.9 64.140976
16341.8 64.24697599999999
16347.7 64.34627599999999
16353.5 64.43857599999998
16359.4 64.52337599999998
16365.2 64.60017599999999
16371.1 64.66867599999999
16377.0 64.72857599999999
16382.8 64.77967599999998
16388.7 64.82167599999998
16394.5 64.854576
16400.4 64.87817599999998
16406.2 64.89237599999998
16412.1 64.89747599999998
16418.0 64.89337599999999
16423.8 64.88037599999998
16429.7 64.85867599999999
16435.5 64.82867599999999
16441.4 64.79067599999999
16447.3 64.74527599999999
16453.1 64.69297599999999
16459.0 64.63447599999999
16464.8 64.57057599999999
16470.7 64.50187599999998
16476.6 64.42937599999999
16482.4 64.35387599999999
16488.3 64.27647599999999
16494.1 64.19797599999998
16500.0 64.11967599999998
16505.9 64.04227599999999
16511.7 63.96697599999999
16517.6 63.89477599999999
16523.4 63.82657599999999
16529.3 63.76327599999999
16535.2 63.705775999999986
16541.0 63.65467599999998
16546.9 63.610675999999984
16552.7 63.57447599999999
16558.6 63.54637599999998
16564.5 63.52687599999999
16570.3 63.516075999999984
16576.2 63.51407599999999
16582.0 63.521075999999994
16587.9 63.53677599999999
16593.8 63.56097599999998
16599.6 63.59347599999998
16605.5 63.63377599999998
16611.3 63.68147599999999
16617.2 63.735975999999994
16623.0 63.79667599999999
16628.9 63.86297599999999
16634.8 63.934175999999994
16640.6 64.00957599999998
16646.5 64.08857599999999
16652.3 64.17037599999999
16658.2 64.25447599999998
16664.1 64.34017599999999
16669.9 64.426876
16675.8 64.51417599999999
16681.6 64.60137599999999
16687.5 64.68817599999998
16693.4 64.774076
16699.2 64.85877599999999
16705.1 64.94197599999998
16710.9 65.02347599999999
16716.8 65.10277599999999
16722.7 65.17997599999998
16728.5 65.25467599999999
16734.4 65.32677599999998
16740.2 65.396076
16746.1 65.46247599999998
16752.0 65.52597599999999
16757.8 65.58627599999998
16763.7 65.64327599999999
16769.5 65.69697599999999
16775.4 65.74717599999998
16781.2 65.793776
16787.1 65.836576
16793.0 65.87567599999998
16798.8 65.91077599999998
16804.7 65.941876
16810.5 65.96867599999999
16816.4 65.99117599999998
16822.3 66.00927599999999
16828.1 66.022776
16834.0 66.03147599999998
16839.8 66.03547599999999
16845.7 66.03447599999998
16851.6 66.028376
16857.4 66.01717599999999
16863.3 66.00077599999999
16869.1 65.97907599999999
16875.0 65.95207599999999
16880.9 65.91967599999998
16886.7 65.881976
16892.6 65.83887599999998
16898.4 65.79047599999998
16904.3 65.73697599999998
16910.2 65.67847599999999
16916.0 65.61507599999999
16921.9 65.54707599999999
16927.7 65.47477599999999
16933.6 65.39837599999998
16939.5 65.31837599999999
16945.3 65.23517599999998
16951.2 65.14927599999999
16957.0 65.06127599999999
16962.9 64.97177599999999
16968.8 64.88137599999999
16974.6 64.790776
16980.5 64.700876
16986.3 64.61237599999998
16992.2 64.52607599999999
16998.0 64.44297599999999
17003.9 64.36367599999998
17009.8 64.28917599999998
17015.6 64.22017599999998
17021.5 64.15757599999999
17027.3 64.10207599999998
17033.2 64.05427599999999
17039.1 64.01477599999998
17044.9 63.98417599999999
17050.8 63.96277599999999
17056.6 63.950875999999994
17062.5 63.948875999999984
17068.4 63.956575999999984
17074.2 63.974175999999986
17080.1 64.001376
17085.9 64.03807599999999
17091.8 64.08367599999998
17097.7 64.13787599999999
17103.5 64.19997599999999
17109.4 64.26947599999998
17115.2 64.34537599999999
17121.1 64.42707599999999
17127.0 64.51357599999999
17132.8 64.60397599999999
17138.7 64.69727599999999
17144.5 64.79267599999999
17150.4 64.88897599999999
17156.2 64.98547599999999
17162.1 65.08097599999999
17168.0 65.17487599999998
17173.8 65.26607599999998
17179.7 65.35387599999999
17185.5 65.43757599999999
17191.4 65.516376
17197.3 65.58977599999999
17203.1 65.65717599999999
17209.0 65.71807599999998
17214.8 65.77207599999998
17220.7 65.81877599999999
17226.6 65.857976
17232.4 65.88947599999999
17238.3 65.91297599999999
17244.1 65.92847599999999
17250.0 65.935876
17255.9 65.93527599999999
17261.7 65.92667599999999
17267.6 65.91017599999999
17273.4 65.88597599999999
17279.3 65.85427599999998
17285.2 65.81537599999999
17291.0 65.769376
17296.9 65.71677599999998
17302.7 65.65787599999999
17308.6 65.59287599999999
17314.5 65.522376
17320.3 65.44677599999999
17326.2 65.36637599999999
17332.0 65.28157599999999
17337.9 65.19307599999999
17343.8 65.10107599999999
17349.6 65.00617599999998
17355.5 64.90887599999999
17361.3 64.80957599999999
17367.2 64.70867599999998
17373.0 64.60687599999999
17378.9 64.504376
17384.8 64.40177599999998
17390.6 64.29957599999999
17396.5 64.19827599999999
17402.3 64.09807599999999
17408.2 63.99977599999998
17414.1 63.90357599999999
17419.9 63.80997599999999
17425.8 63.719475999999986
17431.6 63.632575999999986
17437.5 63.549475999999984
17443.4 63.47067599999998
17449.2 63.396675999999985
17455.1 63.32767599999998
17460.9 63.26417599999999
17466.8 63.20647599999998
17472.7 63.15467599999998
17478.5 63.109275999999994
17484.4 63.07027599999999
17490.2 63.037975999999986
17496.1 63.01247599999999
17502.0 62.99377599999998
17507.8 62.981875999999986
17513.7 62.97687599999999
17519.5 62.978475999999986
17525.4 62.98667599999999
17531.2 63.00117599999999
17537.1 63.02177599999999
17543.0 63.048175999999984
17548.8 63.10697599999999
17554.7 63.14527599999998
17560.5 63.18787599999999
17566.4 63.23437599999998
17572.3 63.28427599999999
17578.1 63.33707599999998
17584.0 63.39227599999998
17589.8 63.44927599999998
17595.7 63.50777599999999
17601.6 63.56717599999999
17607.4 63.596875999999995
17613.3 63.65587599999999
17619.1 63.71467599999998
17625.0 63.77277599999999
17630.9 63.82997599999999
17636.7 63.88577599999999
17642.6 63.93997599999999
17648.4 63.99207599999998
17654.3 64.04187599999999
17660.2 64.089176
17666.0 64.13377599999998
17671.9 64.17537599999999
17677.7 64.21377599999998
17683.6 64.24897599999998
17689.5 64.28077599999999
17695.3 64.30907599999999
17701.2 64.333576
17707.0 64.35447599999999
17712.9 64.37137599999998
17718.8 64.38437599999999
17724.6 64.39337599999999
17730.5 64.39817599999999
17736.3 64.398676
17742.2 64.394776
17748.0 64.38637599999998
17753.9 64.373376
17759.8 64.35567599999999
17765.6 64.33297599999999
17771.5 64.30527599999999
17777.3 64.27227599999999
17783.2 64.23397599999998
17789.1 64.19007599999999
17794.9 64.14037599999999
17800.8 64.084876
17806.6 64.02327599999998
17812.5 63.95537599999999
17818.4 63.88117599999998
17824.2 63.800375999999986
17830.1 63.71297599999998
17835.9 63.61877599999998
17841.8 63.51787599999999
17847.7 63.41017599999999
17853.5 63.295675999999986
17859.4 63.174775999999994
17865.2 63.047375999999986
17871.1 62.91397599999999
17877.0 62.77497599999998
17882.8 62.63087599999999
17888.7 62.48247599999999
17894.5 62.33047599999999
17900.4 62.17587599999999
17906.2 62.01987599999998
17912.1 61.863575999999995
17918.0 61.70837599999999
17923.8 61.555775999999994
17929.7 61.40717599999999
17935.5 61.26417599999999
17941.4 61.12817599999998
17947.3 61.00057599999998
17953.1 60.88267599999999
17959.0 60.77567599999999
17964.8 60.680475999999985
17970.7 60.59817599999998
17976.6 60.52917599999999
17982.4 60.474175999999986
17988.3 60.43337599999998
17994.1 60.406975999999986
18000.0 60.394975999999986
18005.9 60.397075999999984
18011.7 60.41287599999998
18017.6 60.44187599999999
18023.4 60.48337599999999
18029.3 60.53637599999999
18035.2 60.599875999999995
18041.0 60.67267599999998
18046.9 60.753275999999985
18052.7 60.84037599999999
18058.6 60.93227599999999
18064.5 61.02757599999998
18070.3 61.12447599999999
18076.2 61.22147599999998
18082.0 61.317075999999986
18087.9 61.40987599999998
18093.8 61.498575999999986
18099.6 61.58197599999998
18105.5 61.659075999999985
18111.3 61.72917599999998
18117.2 61.791375999999985
18123.0 61.84507599999999
18128.9 61.88997599999999
18134.8 61.92557599999999
18140.6 61.95167599999999
18146.5 61.96787599999999
18152.3 61.97427599999999
18158.2 61.97067599999998
18164.1 61.956875999999994
18169.9 61.93297599999998
18175.8 61.898775999999984
18181.6 61.85447599999999
18187.5 61.79997599999999
18193.4 61.73517599999998
18199.2 61.66017599999999
18205.1 61.57507599999998
18210.9 61.47977599999999
18216.8 61.374375999999984
18222.7 61.25897599999999
18228.5 61.133675999999994
18234.4 60.998575999999986
18240.2 60.853875999999985
18246.1 60.699775999999986
18252.0 60.536675999999986
18257.8 60.36487599999998
18263.7 60.18487599999999
18269.5 59.997275999999985
18275.4 59.80267599999999
18281.2 59.60187599999999
18287.1 59.395675999999995
18293.0 59.18507599999998
18298.8 58.97127599999999
18304.7 58.755375999999984
18310.5 58.53867599999998
18316.4 58.322575999999984
18322.3 58.10837599999999
18328.1 57.89757599999999
18334.0 57.691475999999994
18339.8 57.491675999999984
18345.7 57.299475999999984
18351.6 57.11607599999999
18357.4 56.94277599999998
18363.3 56.78057599999998
18369.1 56.63057599999999
18375.0 56.49357599999999
18380.9 56.37017599999999
18386.7 56.260975999999985
18392.6 56.166375999999985
18398.4 56.086575999999994
18404.3 56.021675999999985
18410.2 55.971575999999985
18416.0 55.93597599999998
18421.9 55.91457599999998
18427.7 55.90657599999999
18433.6 55.91147599999999
18439.5 55.928375999999986
18445.3 55.956175999999985
18451.2 55.99407599999999
18457.0 56.04067599999999
18462.9 56.09497599999999
18468.8 56.155675999999985
18474.6 56.22167599999999
18480.5 56.29157599999999
18486.3 56.36437599999999
18492.2 56.43897599999998
18498.0 56.51427599999998
18503.9 56.589275999999984
18509.8 56.66317599999999
18515.6 56.73517599999998
18521.5 56.80437599999999
18527.3 56.87027599999999
18533.2 56.93227599999999
18539.1 56.98977599999999
18544.9 57.04237599999999
18550.8 57.08967599999998
18556.6 57.13137599999999
18562.5 57.16697599999999
18568.4 57.19637599999999
18574.2 57.219275999999994
18580.1 57.23547599999999
18585.9 57.24487599999999
18591.8 57.24707599999999
18597.7 57.242175999999986
18603.5 57.22987599999999
18609.4 57.21007599999999
18615.2 57.18277599999999
18621.1 57.14767599999999
18627.0 57.10477599999999
18632.8 57.053775999999985
18638.7 56.99477599999999
18644.5 56.92737599999998
18650.4 56.85147599999999
18656.2 56.766975999999985
18662.1 56.67357599999998
18668.0 56.57107599999999
18673.8 56.459175999999985
18679.7 56.33777599999999
18685.5 56.20637599999999
18691.4 56.06497599999999
18697.3 55.91327599999998
18703.1 55.75107599999998
18709.0 55.578175999999985
18714.8 55.39457599999999
18720.7 55.20027599999999
18726.6 54.99547599999998
18732.4 54.78057599999998
18738.3 54.55607599999999
18744.1 54.32267599999999
18750.0 54.08147599999998
18755.9 53.833775999999986
18761.7 53.581175999999985
18767.6 53.32527599999999
18773.4 53.06827599999998
18779.3 52.812175999999994
18785.2 52.55927599999998
18791.0 52.31157599999999
18796.9 52.07137599999999
18802.7 51.84047599999998
18808.6 51.62067599999999
18814.5 51.41357599999999
18820.3 51.22047599999999
18826.2 51.042675999999986
18832.0 50.88107599999999
18837.9 50.73647599999998
18843.8 50.60967599999999
18849.6 50.500975999999994
18855.5 50.41097599999999
18861.3 50.339775999999986
18867.2 50.287375999999995
18873.0 50.253675999999984
18878.9 50.238275999999985
18884.8 50.24067599999999
18890.6 50.259975999999995
18896.5 50.29527599999999
18902.3 50.34517599999998
18908.2 50.40827599999999
18914.1 50.48307599999998
18919.9 50.56797599999999
18925.8 50.66137599999999
18931.6 50.76177599999998
18937.5 50.86777599999999
18943.4 50.978275999999994
18949.2 51.09197599999999
18955.1 51.208175999999995
18960.9 51.325875999999994
18966.8 51.444575999999984
18972.7 51.56357599999998
18978.5 51.682175999999984
18984.4 51.79987599999998
18990.2 51.91617599999999
18996.1 52.03017599999998
19002.0 52.141375999999994
19007.8 52.248975999999985
19013.7 52.35207599999998
19019.5 52.44987599999999
19025.4 52.541375999999985
19031.2 52.62557599999998
19037.1 52.70137599999998
19043.0 52.767775999999984
19048.8 52.82367599999999
19054.7 52.867975999999985
19060.5 52.899675999999985
19066.4 52.91777599999999
19072.3 52.92127599999999
19078.1 52.909475999999984
19084.0 52.88157599999998
19089.8 52.83697599999999
19095.7 52.775375999999994
19101.6 52.69647599999999
19107.4 52.60037599999998
19113.3 52.48707599999999
19119.1 52.357275999999985
19125.0 52.211575999999994
19130.9 52.05127599999999
19136.7 51.87757599999999
19142.6 51.69227599999999
19148.4 51.49757599999998
19154.3 51.29577599999999
19160.2 51.08967599999998
19166.0 50.881975999999995
19171.9 50.67597599999999
19177.7 50.47467599999999
19183.6 50.28127599999999
19189.5 50.09887599999999
19195.3 49.930475999999985
19201.2 49.77847599999998
19207.0 49.64557599999999
19212.9 49.533675999999986
19218.8 49.47017599999998
19224.6 49.421075999999985
19230.5 49.39637599999999
19236.3 49.396675999999985
19242.2 49.42207599999999
19248.0 49.47257599999999
19253.9 49.54767599999998
19259.8 49.64647599999999
19265.6 49.76797599999999
19271.5 49.910775999999984
19277.3 50.073075999999986
19283.2 50.195475999999985
19289.1 50.37537599999999
19294.9 50.56887599999999
19300.8 50.773375999999985
19306.6 50.98607599999998
19312.5 51.204075999999986
19318.4 51.42457599999999
19324.2 51.64457599999999
19330.1 51.86127599999999
19335.9 52.07207599999998
19341.8 52.27457599999998
19347.7 52.46657599999999
19353.5 52.646275999999986
19359.4 52.812175999999994
19365.2 52.96297599999998
19371.1 53.097875999999985
19377.0 53.21607599999999
19382.8 53.317475999999985
19388.7 53.401775999999984
19394.5 53.46917599999999
19400.4 53.52027599999998
19406.2 53.555475999999985
19412.1 53.57567599999999
19418.0 53.58197599999998
19423.8 53.57527599999999
19429.7 53.55697599999999
19435.5 53.528375999999994
19441.4 53.490875999999986
19447.3 53.445875999999984
19453.1 53.39477599999999
19459.0 53.33897599999999
19464.8 53.27967599999998
19470.7 53.21807599999998
19476.6 53.15537599999999
19482.4 53.09237599999999
19488.3 53.02997599999999
19494.1 52.968975999999984
19500.0 52.909775999999994
19505.9 52.852875999999995
19511.7 52.79857599999998
19517.6 52.74707599999999
19523.4 52.69837599999998
19529.3 52.65247599999999
19535.2 52.60907599999999
19541.0 52.56797599999999
19546.9 52.52887599999998
19552.7 52.49117599999998
19558.6 52.45427599999999
19564.5 52.417675999999986
19570.3 52.38057599999999
19576.2 52.34237599999999
19582.0 52.30237599999998
19587.9 52.25977599999999
19593.8 52.213875999999985
19599.6 52.16417599999998
19605.5 52.109875999999986
19611.3 52.05067599999998
19617.2 51.985975999999994
19623.0 51.91557599999999
19628.9 51.839275999999984
19634.8 51.75687599999999
19640.6 51.668475999999984
19646.5 51.574175999999994
19652.3 51.47447599999998
19658.2 51.37007599999998
19664.1 51.261675999999994
19669.9 51.15067599999999
19675.8 51.03867599999998
19681.6 50.927475999999984
19687.5 50.819575999999984
19693.4 50.717275999999984
19699.2 50.62327599999999
19705.1 50.54017599999999
19710.9 50.47047599999999
19716.8 50.41607599999999
19722.7 50.378675999999984
19728.5 50.35937599999998
19734.4 50.35887599999998
19740.2 50.37707599999999
19746.1 50.41387599999999
19752.0 50.468575999999985
19757.8 50.54017599999999
19763.7 50.62757599999999
19769.5 50.729275999999984
19775.4 50.843875999999995
19781.2 50.96957599999999
19787.1 51.104675999999984
19793.0 51.247275999999985
19798.8 51.395375999999985
19804.7 51.54687599999998
19810.5 51.699775999999986
19816.4 51.85177599999999
19822.3 52.00087599999999
19828.1 52.14557599999999
19834.0 52.284775999999994
19839.8 52.41827599999999
19845.7 52.54717599999999
19851.6 52.67387599999999
19857.4 52.80157599999998
19863.3 52.93427599999998
19869.1 53.07567599999999
19875.0 53.229275999999984
19880.9 53.39727599999999
19886.7 53.58147599999998
19892.6 53.782775999999984
19898.4 54.00177599999999
19904.3 54.23887599999999
19910.2 54.49407599999999
19916.0 54.76747599999999
19921.9 55.059375999999986
19927.7 55.36987599999999
19933.6 55.69937599999999
19939.5 56.04797599999999
19945.3 56.41617599999999
19951.2 56.80427599999999
19957.0 57.21227599999999
19962.9 57.640275999999986
19968.8 58.08767599999999
19974.6 58.55357599999999
19980.5 59.035775999999984
19986.3 59.53127599999999
19992.2 60.03557599999999
19998.0 60.54327599999999
