20.0 47.726776
20.290899 48.189777
20.586 48.683777
20.8855 49.216778
21.189301 49.804775
21.497499 50.446777
21.8102 51.133778
22.127399 51.859779
22.4492 52.610779
22.775801 53.373775
23.1071 54.133778
23.443199 54.875778
23.7841 55.586777
24.1301 56.257778
24.4811 56.882778
24.8372 57.461777
25.1984 57.995777
25.564899 58.489777
25.9368 58.951778
26.3141 59.392776
26.6968 59.82478
27.0851 60.259777
27.479099 60.709778
27.878799 61.177776
28.2843 61.662777
28.6957 62.15778
29.1131 62.65078
29.536501 63.132778
29.966101 63.593777
30.402 64.029778
30.8442 64.44278
31.2929 64.843773
31.748 65.246773
32.209801 65.668777
32.678299 66.126778
33.153599 66.626778
33.635899 67.16478
34.125099 67.732773
34.621498 68.312775
35.125 68.88678
35.635899 69.438774
36.154301 69.959778
36.680199 70.444778
37.213699 70.892776
37.755 71.321777
38.3041 71.740776
38.861301 72.059776
39.426498 72.415779
40.0 72.763779
40.581799 73.110779
41.1721 73.460777
41.771 73.818779
42.378502 74.187775
42.9949 74.56778
43.6203 74.956779
44.254799 75.353775
44.898499 75.756775
45.551498 76.16478
46.2141 76.580772
46.886299 77.005775
47.568298 77.443779
48.260201 77.893776
48.962101 78.352776
49.674301 78.815773
50.396801 79.278778
51.129902 79.735779
51.8736 80.183777
52.628101 80.619774
53.3936 81.043777
54.1702 81.454773
54.958099 81.850777
55.7575 82.231773
56.568501 82.597771
57.391399 82.946777
58.226101 83.280777
59.073 83.596771
59.932301 83.897774
60.804 84.183777
61.6884 84.452774
62.585701 84.708771
63.496 84.991776
64.419601 85.167778
65.356598 85.376778
66.307297 85.569771
67.271698 85.745773
68.250198 85.907776
69.242897 86.055771
70.250099 86.195778
71.271896 86.328773
72.308601 86.454773
73.360298 86.576775
74.427399 86.692772
75.509903 86.802773
76.608299 86.905777
77.722603 86.999771
78.853104 87.085777
80.0 87.163773
81.163597 87.232773
82.3442 87.293777
83.541901 87.347771
84.757 87.393776
85.989899 87.434776
87.240601 87.469772
88.509598 87.503777
89.797 87.526772
91.103104 87.551773
92.4282 87.572777
93.772598 87.592773
95.136597 87.610771
96.520401 87.627777
97.924301 87.641777
99.348602 87.652771
100.794 87.659775
102.26 87.661774
103.747 87.659775
105.256 87.657776
106.787 87.657776
108.34 87.659775
109.916 87.661774
111.515 87.660774
113.137 87.645775
114.783 87.599777
116.452 87.533775
118.146 87.441772
119.865 87.351776
121.608 87.279778
123.377 87.229774
125.171 87.197777
126.992 87.177773
128.839 87.165771
130.713 87.159775
132.615 87.151772
134.543 87.132774
136.5 87.096771
138.486 87.047775
140.5 86.979774
142.544 86.894775
144.617 86.809776
146.721 86.738777
148.855 86.689774
151.02 86.662773
153.217 86.647774
155.445 86.638771
157.706 86.634773
160.0 86.635773
162.327 86.637772
164.688 86.642776
167.084 86.647774
169.514 86.651772
171.98 86.647774
174.481 86.624771
177.019 86.567772
179.594 86.473778
182.206 86.364777
184.856 86.283775
187.545 86.248772
190.273 86.243774
193.041 86.253777
195.849 86.251778
198.697 86.218773
201.587 86.140778
204.52 86.026772
207.494 85.916771
210.512 85.842773
213.574 85.809776
216.681 85.810776
219.833 85.826775
223.03 85.840775
226.274 85.838776
229.565 85.810776
232.905 85.756775
236.292 85.681778
239.729 85.579773
243.216 85.499771
246.754 85.469772
250.343 85.472771
253.984 85.473778
257.678 85.433777
261.426 85.303772
265.229 85.104774
269.087 84.959778
273.001 84.893776
276.972 84.895775
281.0 84.945778
285.088 85.029778
289.234 85.103775
293.441 85.135773
297.709 85.121773
302.04 85.03720125291815
306.433 84.89863462213299
310.89 84.80707130494439
315.412 84.80351940000232
320.0 84.85197600595671
324.655 84.88743122145752
329.377 84.84489804650475
334.168 84.71036867839827
339.028 84.5338541171381
343.959 84.43533356002413
348.962 84.52783010570631
354.038 84.67333485283459
359.188 84.7138359000589
364.412 84.75135424737925
369.713 84.79387719074548
375.09 84.74940963150763
380.546 84.71194486561556
386.081 84.77849289306926
391.697 84.93804391116862
397.394 85.08560891991365
403.175 85.12817921525418
409.039 85.04175969854028
414.989 84.84734666572174
421.025 84.63994211679864
427.149 84.5005472490708
433.362 84.37115516118821
439.665 84.2377819518008
446.06 84.20440881820846
452.548 84.28504985906115
459.131 84.43570127165874
465.809 84.56635705600125
472.584 84.66702440938857
479.458 84.8157045291206
486.432 84.96539451384726
493.507 85.05309046221853
500.686 84.99079567018421
507.968 84.8145190390944
515.357 84.62624496354886
522.853 84.38498844354758
530.458 84.14473367639046
538.174 83.95749885937741
546.002 83.75127009115836
553.943 83.78605047038326
562.001 84.1328453916519
570.175 84.58465575631433
578.469 84.92746995897033
586.883 85.13529999961992
595.419 85.22314007556297
604.08 85.27999448274932
612.866 85.34486422117898
621.78 85.30574258680181
630.824 85.14963777691766
640.0 85.10554398882644
649.309 85.17245732117811
658.753 85.23439297127256
668.335 85.17133523505962
678.056 85.10929821118923
687.919 84.98926919561124
697.925 84.9572592869756
708.077 85.07825578123214
718.376 85.01627577703083
728.825 84.70430357032146
739.426 84.58635335840397
750.181 84.81141333857823
761.093 84.78148380679409
772.163 84.44257986170149
783.394 84.21968879925026
794.789 84.09581291539027
806.349 83.97994830877144
818.078 83.85310737399355
829.977 83.61528320970659
842.05 83.28247421051029
854.298 83.02868547505463
866.724 82.96990629928945
879.33 82.92914988051461
892.12 82.86141161332993
905.097 83.12369279368525
918.262 83.7879935202305
931.618 84.51930708891553
945.169 85.02264289434011
958.917 85.38000213380415
972.864 85.70037800460754
987.015 85.864776
1001.95 85.864776
1007.81 85.930776
1013.67 85.993776
1019.53 86.055776
1025.39 86.114776
1031.25 86.169776
1037.11 86.222776
1042.97 86.271776
1048.83 86.316776
1054.69 86.357776
1060.55 86.395776
1066.41 86.428776
1072.27 86.458776
1078.12 86.482776
1083.98 86.503776
1089.84 86.518776
1095.7 86.530776
1101.56 86.536776
1107.42 86.538776
1113.28 86.536776
1119.14 86.528776
1125.0 86.517776
1130.86 86.501776
1136.72 86.480776
1142.58 86.455776
1148.44 86.426776
1154.3 86.393776
1160.16 86.357776
1166.02 86.316776
1171.88 86.272776
1177.73 86.225776
1183.59 86.175776
1189.45 86.122776
1195.31 86.066776
1201.17 86.007776
1207.03 85.947776
1212.89 85.884776
1218.75 85.819776
1224.61 85.753776
1230.47 85.685776
1236.33 85.615776
1242.19 85.544776
1248.05 85.473776
1253.91 85.400776
1259.77 85.326776
1265.62 85.252776
1271.48 85.177776
1277.34 85.101776
1283.2 85.024776
1289.06 84.947776
1294.92 84.869776
1300.78 84.791176
1306.64 84.712076
1312.5 84.632276
1318.36 84.551776
1324.22 84.470576
1330.08 84.388676
1335.94 84.306076
1341.8 84.222676
1347.66 84.138476
1353.52 84.053676
1359.38 83.968176
1365.23 83.881976
1371.09 83.795376
1376.95 83.708376
1382.81 83.621176
1388.67 83.533876
1394.53 83.446776
1400.39 83.360076
1406.25 83.274076
1412.11 83.189076
1417.97 83.105576
1423.83 83.023776
1429.69 82.944176
1435.55 82.867276
1441.41 82.793376
1447.27 82.722976
1453.12 82.656676
1458.98 82.594876
1464.84 82.538076
1470.7 82.486676
1476.56 82.441076
1482.42 82.401776
1488.28 82.369076
1494.14 82.343276
1500.0 82.324576
1505.86 82.313276
1511.72 82.309476
1517.58 82.313176
1523.44 82.324376
1529.3 82.343176
1535.16 82.369276
1541.02 82.40247600000001
1546.88 82.442676
1552.73 82.489476
1558.59 82.542576
1564.45 82.601576
1570.31 82.666076
1576.17 82.735676
1582.03 82.809976
1587.89 82.888476
1593.75 82.970676
1599.61 83.056276
1605.47 83.144676
1611.33 83.235576
1617.19 83.328476
1623.05 83.422976
1628.91 83.518876
1634.77 83.615576
1640.62 83.712876
1646.48 83.810576
1652.34 83.908176
1658.2 84.005576
1664.06 84.102476
1669.92 84.198776
1675.78 84.294176
1681.64 84.388576
1687.5 84.481876
1693.36 84.573776
1699.22 84.664476
1705.08 84.753576
1710.94 84.840776
1716.8 84.927776
1722.66 85.011776
1728.52 85.094776
1734.38 85.175776
1740.23 85.254776
1746.09 85.332776
1751.95 85.408776
1757.81 85.483776
1763.67 85.555776
1769.53 85.626776
1775.39 85.696776
1781.25 85.76377600000001
1787.11 85.829776
1792.97 85.894776
1798.83 85.956776
1804.69 86.017776
1810.55 86.076776
1816.41 86.134776
1822.27 86.190776
1828.12 86.244776
1833.98 86.296776
1839.84 86.347776
1845.7 86.396776
1851.56 86.443776
1857.42 86.488776
1863.28 86.531776
1869.14 86.573776
1875.0 86.612776
1880.86 86.649776
1886.72 86.685776
1892.58 86.718776
1898.44 86.750776
1904.3 86.779776
1910.16 86.806776
1916.02 86.832776
1921.88 86.855776
1927.73 86.876776
1933.59 86.896776
1939.45 86.913776
1945.31 86.929776
1951.17 86.943776
1957.03 86.955776
1962.89 86.965776
1968.75 86.974776
1974.61 86.982776
1980.47 86.988776
1986.33 86.992776
1992.19 86.996776
1998.05 86.998776
2003.91 86.999776
2009.77 86.999776
2015.62 86.999776
2021.48 86.997776
2027.34 86.995776
2033.2 86.993776
2039.06 86.990776
2044.92 86.987776
2050.78 86.983776
2056.64 86.980776
2062.5 86.976776
2068.36 86.972776
2074.22 86.969776
2080.08 86.965776
2085.94 86.961776
2091.8 86.958776
2097.66 86.955776
2103.52 86.952776
2109.38 86.949776
2115.23 86.946776
2121.09 86.944776
2126.95 86.942776
2132.81 86.940776
2138.67 86.938776
2144.53 86.937776
2150.39 86.935776
2156.25 86.934776
2162.11 86.933776
2167.97 86.932776
2173.83 86.931776
2179.69 86.931776
2185.55 86.930776
2191.41 86.929776
2197.27 86.929776
2203.12 86.928776
2208.98 86.928776
2214.84 86.928776
2220.7 86.927776
2226.56 86.927776
2232.42 86.927776
2238.28 86.927776
2244.14 86.927776
2250.0 86.927776
2255.86 86.928776
2261.72 86.928776
2267.58 86.929776
2273.44 86.930776
2279.3 86.931776
2285.16 86.933776
2291.02 86.935776
2296.88 86.937776
2302.73 86.939776
2308.59 86.942776
2314.45 86.946776
2320.31 86.949776
2326.17 86.953776
2332.03 86.958776
2337.89 86.963776
2343.75 86.968776
2349.61 86.973776
2355.47 86.979776
2361.33 86.986776
2367.19 86.992776
2373.05 86.999776
2378.91 87.006776
2384.77 87.01377600000001
2390.62 87.020776
2396.48 87.027776
2402.34 87.035776
2408.2 87.042776
2414.06 87.050776
2419.92 87.057776
2425.78 87.064776
2431.64 87.071776
2437.5 87.077776
2443.36 87.084776
2449.22 87.090776
2455.08 87.096776
2460.94 87.101776
2466.8 87.106776
2472.66 87.111776
2478.52 87.115776
2484.38 87.119776
2490.23 87.122776
2496.09 87.125776
2501.95 87.127776
2507.81 87.130776
2513.67 87.131776
2519.53 87.132776
2525.39 87.132776
2531.25 87.133776
2537.11 87.133776
2542.97 87.133776
2548.83 87.132776
2554.69 87.132776
2560.55 87.131776
2566.41 87.130776
2572.27 87.128776
2578.12 87.127776
2583.98 87.125776
2589.84 87.124776
2595.7 87.122776
2601.56 87.121776
2607.42 87.119776
2613.28 87.118776
2619.14 87.116776
2625.0 87.115776
2630.86 87.114776
2636.72 87.112776
2642.58 87.111776
2648.44 87.110776
2654.3 87.110776
2660.16 87.109776
2666.02 87.109776
2671.88 87.108776
2677.73 87.108776
2683.59 87.108776
2689.45 87.108776
2695.31 87.109776
2701.17 87.109776
2707.03 87.110776
2712.89 87.111776
2718.75 87.112776
2724.61 87.113776
2730.47 87.115776
2736.33 87.117776
2742.19 87.119776
2748.05 87.121776
2753.91 87.123776
2759.77 87.126776
2765.62 87.129776
2771.48 87.132776
2777.34 87.135776
2783.2 87.139776
2789.06 87.143776
2794.92 87.147776
2800.78 87.151776
2806.64 87.156776
2812.5 87.161776
2818.36 87.166776
2824.22 87.172776
2830.08 87.177776
2835.94 87.183776
2841.8 87.189776
2847.66 87.196776
2853.52 87.202776
2859.38 87.209776
2865.23 87.215776
2871.09 87.222776
2876.95 87.229776
2882.81 87.236776
2888.67 87.243776
2894.53 87.249776
2900.39 87.256776
2906.25 87.26377600000001
2912.11 87.269776
2917.97 87.276776
2923.83 87.282776
2929.69 87.288776
2935.55 87.293776
2941.41 87.299776
2947.27 87.304776
2953.12 87.309776
2958.98 87.314776
2964.84 87.318776
2970.7 87.322776
2976.56 87.326776
2982.42 87.330776
2988.28 87.333776
2994.14 87.336776
3000.0 87.339776
3005.86 87.342776
3011.72 87.344776
3017.58 87.346776
3023.44 87.348776
3029.3 87.350776
3035.16 87.352776
3041.02 87.354776
3046.88 87.356776
3052.73 87.358776
3058.59 87.360776
3064.45 87.362776
3070.31 87.364776
3076.17 87.366776
3082.03 87.368776
3087.89 87.370776
3093.75 87.372776
3099.61 87.374776
3105.47 87.377776
3111.33 87.379776
3117.19 87.382776
3123.05 87.384776
3128.91 87.386776
3134.77 87.389776
3140.62 87.391776
3146.48 87.393776
3152.34 87.395776
3158.2 87.397776
3164.06 87.399776
3169.92 87.400776
3175.78 87.402776
3181.64 87.402776
3187.5 87.403776
3193.36 87.403776
3199.22 87.403776
3205.08 87.402776
3210.94 87.401776
3216.8 87.400776
3222.66 87.398776
3228.52 87.396776
3234.38 87.394776
3240.23 87.391776
3246.09 87.38877600000001
3251.95 87.385776
3257.81 87.382776
3263.67 87.378776
3269.53 87.375776
3275.39 87.371776
3281.25 87.368776
3287.11 87.365776
3292.97 87.362776
3298.83 87.359776
3304.69 87.357776
3310.55 87.355776
3316.41 87.354776
3322.27 87.353776
3328.12 87.353776
3333.98 87.353776
3339.84 87.355776
3345.7 87.357776
3351.56 87.360776
3357.42 87.363776
3363.28 87.368776
3369.14 87.373776
3375.0 87.380776
3380.86 87.387776
3386.72 87.394776
3392.58 87.403776
3398.44 87.412776
3404.3 87.422776
3410.16 87.433776
3416.02 87.444776
3421.88 87.456776
3427.73 87.468776
3433.59 87.480776
3439.45 87.492776
3445.31 87.505776
3451.17 87.517776
3457.03 87.530776
3462.89 87.542776
3468.75 87.555776
3474.61 87.567776
3480.47 87.578776
3486.33 87.590776
3492.19 87.601776
3498.05 87.611776
3503.91 87.621776
3509.77 87.630776
3515.62 87.639776
3521.48 87.647776
3527.34 87.655776
3533.2 87.662776
3539.06 87.668776
3544.92 87.674776
3550.78 87.679776
3556.64 87.684776
3562.5 87.688776
3568.36 87.692776
3574.22 87.696776
3580.08 87.699776
3585.94 87.702776
3591.8 87.704776
3597.66 87.706776
3603.52 87.708776
3609.38 87.710776
3615.23 87.712776
3621.09 87.714776
3626.95 87.716776
3632.81 87.717776
3638.67 87.719776
3644.53 87.721776
3650.39 87.722776
3656.25 87.724776
3662.11 87.725776
3667.97 87.727776
3673.83 87.729776
3679.69 87.730776
3685.55 87.731776
3691.41 87.732776
3697.27 87.733776
3703.12 87.734776
3708.98 87.734776
3714.84 87.735776
3720.7 87.734776
3726.56 87.734776
3732.42 87.733776
3738.28 87.731776
3744.14 87.730776
3750.0 87.727776
3755.86 87.724776
3761.72 87.721776
3767.58 87.717776
3773.44 87.713776
3779.3 87.708776
3785.16 87.703776
3791.02 87.697776
3796.88 87.691776
3802.73 87.684776
3808.59 87.678776
3814.45 87.670776
3820.31 87.663776
3826.17 87.655776
3832.03 87.648776
3837.89 87.640776
3843.75 87.632776
3849.61 87.625776
3855.47 87.617776
3861.33 87.610776
3867.19 87.603776
3873.05 87.597776
3878.91 87.591776
3884.77 87.585776
3890.62 87.580776
3896.48 87.575776
3902.34 87.571776
3908.2 87.568776
3914.06 87.566776
3919.92 87.564776
3925.78 87.563776
3931.64 87.562776
3937.5 87.563776
3943.36 87.564776
3949.22 87.566776
3955.08 87.569776
3960.94 87.573776
3966.8 87.577776
3972.66 87.582776
3978.52 87.588776
3984.38 87.595776
3990.23 87.602776
3996.09 87.610776
4001.95 87.619776
4007.81 87.629776
4013.67 87.639776
4019.53 87.649776
4025.39 87.661776
4031.25 87.673776
4037.11 87.685776
4042.97 87.698776
4048.83 87.712776
4054.69 87.726776
4060.55 87.741776
4066.41 87.756776
4072.27 87.772776
4078.12 87.789776
4083.98 87.805776
4089.84 87.823776
4095.7 87.841776
4101.56 87.859776
4107.42 87.878776
4113.28 87.897776
4119.14 87.917776
4125.0 87.937776
4130.86 87.958776
4136.72 87.979776
4142.58 88.000776
4148.44 88.022776
4154.3 88.044776
4160.16 88.066776
4166.02 88.088776
4171.88 88.111776
4177.73 88.145776
4183.59 88.168776
4189.45 88.191776
4195.31 88.203776
4201.17 88.226776
4207.03 88.249776
4212.89 88.271776
4218.75 88.294776
4224.61 88.316776
4230.47 88.338776
4236.33 88.360776
4242.19 88.381776
4248.05 88.402776
4253.91 88.423776
4259.77 88.443776
4265.62 88.463776
4271.48 88.482776
4277.34 88.501776
4283.2 88.519776
4289.06 88.537776
4294.92 88.554776
4300.78 88.571776
4306.64 88.588776
4312.5 88.604776
4318.36 88.620776
4324.22 88.636776
4330.08 88.651776
4335.94 88.667776
4341.8 88.682776
4347.66 88.697776
4353.52 88.713776
4359.38 88.728776
4365.23 88.743776
4371.09 88.759776
4376.95 88.775776
4382.81 88.791776
4388.67 88.807776
4394.53 88.824776
4400.39 88.841776
4406.25 88.859776
4412.11 88.877776
4417.97 88.895776
4423.83 88.914776
4429.69 88.934776
4435.55 88.953776
4441.41 88.974776
4447.27 88.994776
4453.12 89.015776
4458.98 89.037776
4464.84 89.058776
4470.7 89.080776
4476.56 89.102776
4482.42 89.124776
4488.28 89.145776
4494.14 89.167776
4500.0 89.189776
4505.86 89.210776
4511.72 89.231776
4517.58 89.252776
4523.44 89.272776
4529.3 89.292776
4535.16 89.311776
4541.02 89.330776
4546.88 89.347776
4552.73 89.364776
4558.59 89.380776
4564.45 89.395776
4570.31 89.409776
4576.17 89.422776
4582.03 89.434776
4587.89 89.445776
4593.75 89.455776
4599.61 89.463776
4605.47 89.471776
4611.33 89.477776
4617.19 89.482776
4623.05 89.485776
4628.91 89.487776
4634.77 89.488776
4640.62 89.487776
4646.48 89.485776
4652.34 89.481776
4658.2 89.475776
4664.06 89.468776
4669.92 89.459776
4675.78 89.447776
4681.64 89.434776
4687.5 89.419776
4693.36 89.401776
4699.22 89.381776
4705.08 89.359776
4710.94 89.333776
4716.8 89.305776
4722.66 89.274776
4728.52 89.239776
4734.38 89.201776
4740.23 89.159776
4746.09 89.113776
4751.95 89.063776
4757.81 89.009776
4763.67 88.950776
4769.53 88.886776
4775.39 88.817776
4781.25 88.743776
4787.11 88.664776
4792.97 88.579776
4798.83 88.488776
4804.69 88.391776
4810.55 88.287776
4816.41 88.177776
4822.27 88.061776
4828.12 87.938776
4833.98 87.808776
4839.84 87.671776
4845.7 87.527776
4851.56 87.376776
4857.42 87.218776
4863.28 87.054776
4869.14 86.883776
4875.0 86.706776
4880.86 86.522776
4886.72 86.334776
4892.58 86.141776
4898.44 85.943776
4904.3 85.743776
4910.16 85.541776
4916.02 85.338776
4921.88 85.136776
4927.73 84.937776
4933.59 84.743276
4939.45 84.556076
4945.31 84.378476
4951.17 84.212976
4957.03 84.062276
4962.89 83.929076
4968.75 83.815976
4974.61 83.725176
4980.47 83.658776
4986.33 83.618276
4992.19 83.604576
4998.05 83.618076
5003.91 83.658576
5009.77 83.724976
5015.62 83.815876
5021.48 83.929276
5027.34 84.062876
5033.2 84.214076
5039.06 84.380076
5044.92 84.558076
5050.78 84.745376
5056.64 84.939776
5062.5 85.137776
5068.36 85.337776
5074.22 85.538776
5080.08 85.737776
5085.94 85.934776
5091.8 86.126776
5097.66 86.313776
5103.52 86.494776
5109.38 86.668776
5115.23 86.835776
5121.09 86.994776
5126.95 87.145776
5132.81 87.288776
5138.67 87.422776
5144.53 87.548776
5150.39 87.665776
5156.25 87.773776
5162.11 87.872776
5167.97 87.963776
5173.83 88.045776
5179.69 88.118776
5185.55 88.183776
5191.41 88.239776
5197.27 88.287776
5203.12 88.327776
5208.98 88.358776
5214.84 88.381776
5220.7 88.397776
5226.56 88.404776
5232.42 88.403776
5238.28 88.394776
5244.14 88.377776
5250.0 88.352776
5255.86 88.319776
5261.72 88.279776
5267.58 88.230776
5273.44 88.174776
5279.3 88.109776
5285.16 88.037776
5291.02 87.957776
5296.88 87.869776
5302.73 87.773776
5308.59 87.668776
5314.45 87.556776
5320.31 87.435776
5326.17 87.306776
5332.03 87.169776
5337.89 87.023776
5343.75 86.869776
5349.61 86.706776
5355.47 86.535776
5361.33 86.356776
5367.19 86.167776
5373.05 85.970776
5378.91 85.764776
5384.77 85.550776
5390.62 85.327776
5396.48 85.095776
5402.34 84.854776
5408.2 84.605076
5414.06 84.346976
5419.92 84.080276
5425.78 83.805276
5431.64 83.521976
5437.5 83.230876
5443.36 82.932076
5449.22 82.626276
5455.08 82.313776
5460.94 81.995276
5466.8 81.671776
5472.66 81.344176
5478.52 81.013576
5484.38 80.681576
5490.23 80.349776
5496.09 80.020176
5501.95 79.694776
5507.81 79.376276
5513.67 79.067076
5519.53 78.770076
5525.39 78.488276
5531.25 78.224476
5537.11 77.981376
5542.97 77.761476
5548.83 77.566976
5554.69 77.399176
5560.55 77.259176
5566.41 77.146976
5572.27 77.062176
5578.12 77.003576
5583.98 76.969276
5589.84 76.956976
5595.7 76.964076
5601.56 76.987676
5607.42 77.024876
5613.28 77.072576
5619.14 77.127976
5625.0 77.188776
5630.86 77.252376
5636.72 77.316876
5642.58 77.380576
5648.44 77.442076
5654.3 77.500176
5660.16 77.554176
5666.02 77.603376
5671.88 77.647376
5677.73 77.686176
5683.59 77.719776
5689.45 77.748476
5695.31 77.772476
5701.17 77.792476
5707.03 77.809176
5712.89 77.823276
5718.75 77.835676
5724.61 77.847376
5730.47 77.859476
5736.33 77.873076
5742.19 77.889276
5748.05 77.909276
5753.91 77.934276
5759.77 77.965276
5765.62 78.003376
5771.48 78.049576
5777.34 78.104676
5783.2 78.169376
5789.06 78.244176
5794.92 78.329576
5800.78 78.425576
5806.64 78.532376
5812.5 78.649576
5818.36 78.776876
5824.22 78.913776
5830.08 79.059676
5835.94 79.213776
5841.8 79.375076
5847.66 79.542876
5853.52 79.806776
5859.38 79.985876
5865.23 80.167976
5871.09 80.260876
5876.95 80.445476
5882.81 80.631076
5888.67 80.816976
5894.53 81.002476
5900.39 81.186876
5906.25 81.369676
5912.11 81.550476
5917.97 81.728776
5923.83 81.904176
5929.69 82.076576
5935.55 82.245576
5941.41 82.411076
5947.27 82.572876
5953.12 82.730876
5958.98 82.885176
5964.84 83.035676
5970.7 83.182276
5976.56 83.325176
5982.42 83.464276
5988.28 83.599776
5994.14 83.731776
6000.0 83.860176
6005.86 83.985376
6011.72 84.107176
6017.58 84.225876
6023.44 84.341576
6029.3 84.454376
6035.16 84.564276
6041.02 84.671576
6046.88 84.776176
6052.73 84.878776
6058.59 84.977776
6064.45 85.075776
6070.31 85.170776
6076.17 85.262776
6082.03 85.353776
6087.89 85.442776
6093.75 85.528776
6099.61 85.613776
6105.47 85.695776
6111.33 85.776776
6117.19 85.855776
6123.05 85.932776
6128.91 86.007776
6134.77 86.080776
6140.62 86.152776
6146.48 86.222776
6152.34 86.290776
6158.2 86.357776
6164.06 86.422776
6169.92 86.485776
6175.78 86.547776
6181.64 86.607776
6187.5 86.666776
6193.36 86.723776
6199.22 86.779776
6205.08 86.834776
6210.94 86.88877600000001
6216.8 86.940776
6222.66 86.991776
6228.52 87.042776
6234.38 87.091776
6240.23 87.139776
6246.09 87.186776
6251.95 87.233776
6257.81 87.278776
6263.67 87.323776
6269.53 87.367776
6275.39 87.411776
6281.25 87.453776
6287.11 87.495776
6292.97 87.537776
6298.83 87.578776
6304.69 87.618776
6310.55 87.658776
6316.41 87.697776
6322.27 87.735776
6328.12 87.773776
6333.98 87.810776
6339.84 87.847776
6345.7 87.883776
6351.56 87.918776
6357.42 87.953776
6363.28 87.986776
6369.14 88.019776
6375.0 88.051776
6380.86 88.083776
6386.72 88.113776
6392.58 88.142776
6398.44 88.171776
6404.3 88.198776
6410.16 88.225776
6416.02 88.250776
6421.88 88.275776
6427.73 88.298776
6433.59 88.321776
6439.45 88.342776
6445.31 88.362776
6451.17 88.382776
6457.03 88.400776
6462.89 88.417776
6468.75 88.434776
6474.61 88.449776
6480.47 88.463776
6486.33 88.477776
6492.19 88.489776
6498.05 88.501776
6503.91 88.512776
6509.77 88.522776
6515.62 88.532776
6521.48 88.540776
6527.34 88.548776
6533.2 88.556776
6539.06 88.562776
6544.92 88.568776
6550.78 88.574776
6556.64 88.579776
6562.5 88.583776
6568.36 88.586776
6574.22 88.589776
6580.08 88.592776
6585.94 88.593776
6591.8 88.594776
6597.66 88.595776
6603.52 88.594776
6609.38 88.593776
6615.23 88.591776
6621.09 88.589776
6626.95 88.586776
6632.81 88.581776
6638.67 88.577776
6644.53 88.571776
6650.39 88.564776
6656.25 88.557776
6662.11 88.548776
6667.97 88.539776
6673.83 88.529776
6679.69 88.518776
6685.55 88.507776
6691.41 88.494776
6697.27 88.481776
6703.12 88.467776
6708.98 88.453776
6714.84 88.438776
6720.7 88.422776
6726.56 88.406776
6732.42 88.390776
6738.28 88.373776
6744.14 88.357776
6750.0 88.340776
6755.86 88.323776
6761.72 88.307776
6767.58 88.290776
6773.44 88.274776
6779.3 88.259776
6785.16 88.244776
6791.02 88.230776
6796.88 88.216776
6802.73 88.204776
6808.59 88.192776
6814.45 88.182776
6820.31 88.172776
6826.17 88.164776
6832.03 88.157776
6837.89 88.151776
6843.75 88.147776
6849.61 88.144776
6855.47 88.142776
6861.33 88.141776
6867.19 88.142776
6873.05 88.144776
6878.91 88.147776
6884.77 88.151776
6890.62 88.157776
6896.48 88.163776
6902.34 88.171776
6908.2 88.179776
6914.06 88.188776
6919.92 88.198776
6925.78 88.209776
6931.64 88.220776
6937.5 88.231776
6943.36 88.243776
6949.22 88.255776
6955.08 88.268776
6960.94 88.281776
6966.8 88.293776
6972.66 88.306776
6978.52 88.319776
6984.38 88.331776
6990.23 88.344776
6996.09 88.356776
7001.95 88.368776
7007.81 88.380776
7013.67 88.391776
7019.53 88.402776
7025.39 88.413776
7031.25 88.424776
7037.11 88.434776
7042.97 88.444776
7048.83 88.453776
7054.69 88.463776
7060.55 88.472776
7066.41 88.481776
7072.27 88.490776
7078.12 88.498776
7083.98 88.506776
7089.84 88.515776
7095.7 88.523776
7101.56 88.531776
7107.42 88.539776
7113.28 88.546776
7119.14 88.554776
7125.0 88.562776
7130.86 88.570776
7136.72 88.577776
7142.58 88.585776
7148.44 88.593776
7154.3 88.601776
7160.16 88.608776
7166.02 88.616776
7171.88 88.624776
7177.73 88.632776
7183.59 88.639776
7189.45 88.647776
7195.31 88.655776
7201.17 88.663776
7207.03 88.671776
7212.89 88.679776
7218.75 88.687776
7224.61 88.695776
7230.47 88.704776
7236.33 88.712776
7242.19 88.720776
7248.05 88.729776
7253.91 88.738776
7259.77 88.746776
7265.62 88.755776
7271.48 88.765776
7277.34 88.774776
7283.2 88.784776
7289.06 88.793776
7294.92 88.804776
7300.78 88.814776
7306.64 88.824776
7312.5 88.835776
7318.36 88.846776
7324.22 88.858776
7330.08 88.870776
7335.94 88.882776
7341.8 88.894776
7347.66 88.907776
7353.52 88.919776
7359.38 88.933776
7365.23 88.946776
7371.09 88.959776
7376.95 88.973776
7382.81 88.987776
7388.67 89.001776
7394.53 89.014776
7400.39 89.028776
7406.25 89.042776
7412.11 89.056776
7417.97 89.069776
7423.83 89.083776
7429.69 89.096776
7435.55 89.109776
7441.41 89.122776
7447.27 89.134776
7453.12 89.146776
7458.98 89.157776
7464.84 89.169776
7470.7 89.179776
7476.56 89.189776
7482.42 89.199776
7488.28 89.208776
7494.14 89.216776
7500.0 89.224776
7505.86 89.231776
7511.72 89.238776
7517.58 89.244776
7523.44 89.252776
7529.3 89.257776
7535.16 89.261776
7541.02 89.264776
7546.88 89.266776
7552.73 89.269776
7558.59 89.271776
7564.45 89.273776
7570.31 89.275776
7576.17 89.276776
7582.03 89.277776
7587.89 89.278776
7593.75 89.278776
7599.61 89.278776
7605.47 89.277776
7611.33 89.276776
7617.19 89.275776
7623.05 89.274776
7628.91 89.273776
7634.77 89.271776
7640.62 89.269776
7646.48 89.266776
7652.34 89.264776
7658.2 89.261776
7664.06 89.258776
7669.92 89.255776
7675.78 89.252776
7681.64 89.248776
7687.5 89.244776
7693.36 89.240776
7699.22 89.236776
7705.08 89.232776
7710.94 89.228776
7716.8 89.223776
7722.66 89.219776
7728.52 89.214776
7734.38 89.209776
7740.23 89.205776
7746.09 89.200776
7751.95 89.196776
7757.81 89.191776
7763.67 89.187776
7769.53 89.183776
7775.39 89.180776
7781.25 89.177776
7787.11 89.174776
7792.97 89.171776
7798.83 89.169776
7804.69 89.168776
7810.55 89.167776
7816.41 89.167776
7822.27 89.168776
7828.12 89.170776
7833.98 89.172776
7839.84 89.175776
7845.7 89.179776
7851.56 89.183776
7857.42 89.189776
7863.28 89.195776
7869.14 89.203776
7875.0 89.211776
7880.86 89.220776
7886.72 89.230776
7892.58 89.240776
7898.44 89.252776
7904.3 89.26377600000001
7910.16 89.276776
7916.02 89.289776
7921.88 89.303776
7927.73 89.317776
7933.59 89.331776
7939.45 89.346776
7945.31 89.361776
7951.17 89.376776
7957.03 89.391776
7962.89 89.407776
7968.75 89.422776
7974.61 89.437776
7980.47 89.451776
7986.33 89.466776
7992.19 89.480776
7998.05 89.494776
8003.91 89.507776
8009.77 89.520776
8015.62 89.533776
8021.48 89.545776
8027.34 89.556776
8033.2 89.567776
8039.06 89.577776
8044.92 89.586776
8050.78 89.595776
8056.64 89.604776
8062.5 89.612776
8068.36 89.619776
8074.22 89.626776
8080.08 89.632776
8085.94 89.63877600000001
8091.8 89.643776
8097.66 89.648776
8103.52 89.652776
8109.38 89.656776
8115.23 89.660776
8121.09 89.663776
8126.95 89.666776
8132.81 89.669776
8138.67 89.671776
8144.53 89.673776
8150.39 89.675776
8156.25 89.677776
8162.11 89.679776
8167.97 89.680776
8173.83 89.681776
8179.69 89.682776
8185.55 89.683776
8191.41 89.684776
8197.27 89.685776
8203.12 89.685776
8208.98 89.685776
8214.84 89.685776
8220.7 89.685776
8226.56 89.685776
8232.42 89.685776
8238.28 89.684776
8244.14 89.683776
8250.0 89.682776
8255.86 89.681776
8261.72 89.680776
8267.58 89.678776
8273.44 89.677776
8279.3 89.675776
8285.16 89.673776
8291.02 89.671776
8296.88 89.668776
8302.73 89.666776
8308.59 89.664776
8314.45 89.661776
8320.31 89.658776
8326.17 89.656776
8332.03 89.653776
8337.89 89.651776
8343.75 89.648776
8349.61 89.646776
8355.47 89.644776
8361.33 89.641776
8367.19 89.639776
8373.05 89.63877600000001
8378.91 89.636776
8384.77 89.634776
8390.62 89.633776
8396.48 89.632776
8402.34 89.631776
8408.2 89.631776
8414.06 89.630776
8419.92 89.630776
8425.78 89.630776
8431.64 89.631776
8437.5 89.631776
8443.36 89.632776
8449.22 89.633776
8455.08 89.633776
8460.94 89.634776
8466.8 89.635776
8472.66 89.636776
8478.52 89.637776
8484.38 89.639776
8490.23 89.640776
8496.09 89.640776
8501.95 89.641776
8507.81 89.642776
8513.67 89.643776
8519.53 89.643776
8525.39 89.644776
8531.25 89.644776
8537.11 89.644776
8542.97 89.643776
8548.83 89.643776
8554.69 89.642776
8560.55 89.641776
8566.41 89.640776
8572.27 89.639776
8578.12 89.63877600000001
8583.98 89.637776
8589.84 89.635776
8595.7 89.633776
8601.56 89.632776
8607.42 89.630776
8613.28 89.628776
8619.14 89.626776
8625.0 89.624776
8630.86 89.622776
8636.72 89.620776
8642.58 89.618776
8648.44 89.617776
8654.3 89.615776
8660.16 89.613776
8666.02 89.612776
8671.88 89.610776
8677.73 89.609776
8683.59 89.608776
8689.45 89.607776
8695.31 89.606776
8701.17 89.605776
8707.03 89.605776
8712.89 89.604776
8718.75 89.603776
8724.61 89.603776
8730.47 89.602776
8736.33 89.602776
8742.19 89.602776
8748.05 89.601776
8753.91 89.601776
8759.77 89.601776
8765.62 89.600776
8771.48 89.600776
8777.34 89.600776
8783.2 89.599776
8789.06 89.599776
8794.92 89.598776
8800.78 89.598776
8806.64 89.597776
8812.5 89.597776
8818.36 89.596776
8824.22 89.596776
8830.08 89.595776
8835.94 89.595776
8841.8 89.594776
8847.66 89.594776
8853.52 89.594776
8859.38 89.594776
8865.23 89.593776
8871.09 89.593776
8876.95 89.594776
8882.81 89.594776
8888.67 89.594776
8894.53 89.595776
8900.39 89.596776
8906.25 89.596776
8912.11 89.597776
8917.97 89.598776
8923.83 89.600776
8929.69 89.601776
8935.55 89.603776
8941.41 89.604776
8947.27 89.606776
8953.12 89.607776
8958.98 89.609776
8964.84 89.610776
8970.7 89.612776
8976.56 89.613776
8982.42 89.614776
8988.28 89.615776
8994.14 89.616776
9000.0 89.617776
9005.86 89.617776
9011.72 89.617776
9017.58 89.617776
9023.44 89.617776
9029.3 89.616776
9035.16 89.614776
9041.02 89.612776
9046.88 89.610776
9052.73 89.608776
9058.59 89.605776
9064.45 89.601776
9070.31 89.598776
9076.17 89.593776
9082.03 89.589776
9087.89 89.584776
9093.75 89.579776
9099.61 89.573776
9105.47 89.567776
9111.33 89.561776
9117.19 89.555776
9123.05 89.548776
9128.91 89.541776
9134.77 89.534776
9140.62 89.527776
9146.48 89.520776
9152.34 89.51377600000001
9158.2 89.506776
9164.06 89.498776
9169.92 89.491776
9175.78 89.484776
9181.64 89.476776
9187.5 89.469776
9193.36 89.458776
9199.22 89.451776
9205.08 89.443776
9210.94 89.436776
9216.8 89.429776
9222.66 89.425776
9228.52 89.417776
9234.38 89.409776
9240.23 89.401776
9246.09 89.393776
9251.95 89.385776
9257.81 89.377776
9263.67 89.368776
9269.53 89.359776
9275.39 89.350776
9281.25 89.340776
9287.11 89.330776
9292.97 89.320776
9298.83 89.309776
9304.69 89.299776
9310.55 89.288776
9316.41 89.276776
9322.27 89.264776
9328.12 89.252776
9333.98 89.240776
9339.84 89.228776
9345.7 89.215776
9351.56 89.203776
9357.42 89.190776
9363.28 89.178776
9369.14 89.165776
9375.0 89.153776
9380.86 89.140776
9386.72 89.128776
9392.58 89.116776
9398.44 89.105776
9404.3 89.094776
9410.16 89.084776
9416.02 89.074776
9421.88 89.064776
9427.73 89.055776
9433.59 89.047776
9439.45 89.040776
9445.31 89.033776
9451.17 89.027776
9457.03 89.022776
9462.89 89.017776
9468.75 89.01377600000001
9474.61 89.010776
9480.47 89.007776
9486.33 89.005776
9492.19 89.004776
9498.05 89.003776
9503.91 89.003776
9509.77 89.003776
9515.62 89.004776
9521.48 89.005776
9527.34 89.006776
9533.2 89.008776
9539.06 89.009776
9544.92 89.011776
9550.78 89.01377600000001
9556.64 89.014776
9562.5 89.016776
9568.36 89.017776
9574.22 89.018776
9580.08 89.019776
9585.94 89.019776
9591.8 89.019776
9597.66 89.019776
9603.52 89.018776
9609.38 89.017776
9615.23 89.016776
9621.09 89.014776
9626.95 89.012776
9632.81 89.009776
9638.67 89.006776
9644.53 89.003776
9650.39 88.999776
9656.25 88.996776
9662.11 88.991776
9667.97 88.987776
9673.83 88.983776
9679.69 88.978776
9685.55 88.974776
9691.41 88.969776
9697.27 88.965776
9703.12 88.960776
9708.98 88.956776
9714.84 88.952776
9720.7 88.948776
9726.56 88.945776
9732.42 88.941776
9738.28 88.938776
9744.14 88.936776
9750.0 88.933776
9755.86 88.931776
9761.72 88.929776
9767.58 88.928776
9773.44 88.927776
9779.3 88.926776
9785.16 88.925776
9791.02 88.925776
9796.88 88.924776
9802.73 88.924776
9808.59 88.925776
9814.45 88.925776
9820.31 88.925776
9826.17 88.925776
9832.03 88.926776
9837.89 88.926776
9843.75 88.926776
9849.61 88.926776
9855.47 88.926776
9861.33 88.926776
9867.19 88.926776
9873.05 88.926776
9878.91 88.926776
9884.77 88.925776
9890.62 88.925776
9896.48 88.924776
9902.34 88.923776
9908.2 88.922776
9914.06 88.921776
9919.92 88.921776
9925.78 88.920776
9931.64 88.919776
9937.5 88.918776
9943.36 88.918776
9949.22 88.917776
9955.08 88.917776
9960.94 88.917776
9966.8 88.918776
9972.66 88.918776
9978.52 88.919776
9984.38 88.921776
9990.23 88.922776
9996.09 88.925776
10002.0 88.927776
10007.8 88.930776
10013.7 88.934776
10019.5 88.938776
10025.4 88.942776
10031.2 88.947776
10037.1 88.952776
10043.0 88.957776
10048.8 88.963776
10054.7 88.969776
10060.5 88.976776
10066.4 88.982776
10072.3 88.989776
10078.1 88.996776
10084.0 89.003776
10089.8 89.010776
10095.7 89.018776
10101.6 89.025776
10107.4 89.032776
10113.3 89.039776
10119.1 89.045776
10125.0 89.052776
10130.9 89.058776
10136.7 89.064776
10142.6 89.070776
10148.4 89.076776
10154.3 89.081776
10160.2 89.086776
10166.0 89.090776
10171.9 89.094776
10177.7 89.098776
10183.6 89.102776
10189.5 89.105776
10195.3 89.108776
10201.2 89.110776
10207.0 89.113776
10212.9 89.115776
10218.8 89.117776
10224.6 89.118776
10230.5 89.120776
10236.3 89.121776
10242.2 89.122776
10248.0 89.123776
10253.9 89.124776
10259.8 89.125776
10265.6 89.125776
10271.5 89.126776
10277.3 89.127776
10283.2 89.127776
10289.1 89.128776
10294.9 89.128776
10300.8 89.129776
10306.6 89.129776
10312.5 89.129776
10318.4 89.129776
10324.2 89.129776
10330.1 89.129776
10335.9 89.129776
10341.8 89.129776
10347.7 89.128776
10353.5 89.127776
10359.4 89.126776
10365.2 89.125776
10371.1 89.124776
10377.0 89.122776
10382.8 89.120776
10388.7 89.117776
10394.5 89.114776
10400.4 89.111776
10406.2 89.108776
10412.1 89.104776
10418.0 89.099776
10423.8 89.094776
10429.7 89.089776
10435.5 89.083776
10441.4 89.077776
10447.3 89.071776
10453.1 89.064776
10459.0 89.057776
10464.8 89.049776
10470.7 89.041776
10476.6 89.032776
10482.4 89.023776
10488.3 89.014776
10494.1 89.005776
10500.0 88.995776
10505.9 88.985776
10511.7 88.974776
10517.6 88.964776
10523.4 88.953776
10529.3 88.942776
10535.2 88.930776
10541.0 88.919776
10546.9 88.907776
10552.7 88.895776
10558.6 88.883776
10564.5 88.871776
10570.3 88.859776
10576.2 88.847776
10582.0 88.834776
10587.9 88.822776
10593.8 88.809776
10599.6 88.797776
10605.5 88.784776
10611.3 88.771776
10617.2 88.759776
10623.0 88.746776
10628.9 88.734776
10634.8 88.721776
10640.6 88.709776
10646.5 88.696776
10652.3 88.684776
10658.2 88.672776
10664.1 88.660776
10669.9 88.649776
10675.8 88.637776
10681.6 88.626776
10687.5 88.615776
10693.4 88.605776
10699.2 88.595776
10705.1 88.585776
10710.9 88.575776
10716.8 88.566776
10722.7 88.558776
10728.5 88.550776
10734.4 88.542776
10740.2 88.535776
10746.1 88.529776
10752.0 88.523776
10757.8 88.517776
10763.7 88.512776
10769.5 88.508776
10775.4 88.504776
10781.2 88.501776
10787.1 88.499776
10793.0 88.497776
10798.8 88.496776
10804.7 88.495776
10810.5 88.495776
10816.4 88.495776
10822.3 88.496776
10828.1 88.498776
10834.0 88.499776
10839.8 88.502776
10845.7 88.505776
10851.6 88.508776
10857.4 88.512776
10863.3 88.519776
10869.1 88.524776
10875.0 88.529776
10880.9 88.534776
10886.7 88.540776
10892.6 88.547776
10898.4 88.553776
10904.3 88.557776
10910.2 88.564776
10916.0 88.571776
10921.9 88.578776
10927.7 88.586776
10933.6 88.594776
10939.5 88.603776
10945.3 88.611776
10951.2 88.620776
10957.0 88.629776
10962.9 88.63877600000001
10968.8 88.647776
10974.6 88.657776
10980.5 88.667776
10986.3 88.677776
10992.2 88.687776
10998.0 88.697776
11003.9 88.708776
11009.8 88.718776
11015.6 88.729776
11021.5 88.740776
11027.3 88.750776
11033.2 88.761776
11039.1 88.772776
11044.9 88.783776
11050.8 88.794776
11056.6 88.804776
11062.5 88.815776
11068.4 88.825776
11074.2 88.836776
11080.1 88.846776
11085.9 88.856776
11091.8 88.865776
11097.7 88.874776
11103.5 88.883776
11109.4 88.892776
11115.2 88.900776
11121.1 88.908776
11127.0 88.915776
11132.8 88.922776
11138.7 88.928776
11144.5 88.934776
11150.4 88.940776
11156.2 88.945776
11162.1 88.950776
11168.0 88.954776
11173.8 88.958776
11179.7 88.961776
11185.5 88.964776
11191.4 88.967776
11197.3 88.969776
11203.1 88.972776
11209.0 88.974776
11214.8 88.975776
11220.7 88.977776
11226.6 88.979776
11232.4 88.980776
11238.3 88.982776
11244.1 88.983776
11250.0 88.985776
11255.9 88.986776
11261.7 88.988776
11267.6 88.990776
11273.4 88.992776
11279.3 88.994776
11285.2 88.997776
11291.0 88.999776
11296.9 89.002776
11302.7 89.005776
11308.6 89.009776
11314.5 89.012776
11320.3 89.016776
11326.2 89.020776
11332.0 89.024776
11337.9 89.029776
11343.8 89.033776
11349.6 89.037776
11355.5 89.042776
11361.3 89.046776
11367.2 89.051776
11373.0 89.055776
11378.9 89.060776
11384.8 89.064776
11390.6 89.068776
11396.5 89.071776
11402.3 89.075776
11408.2 89.078776
11414.1 89.081776
11419.9 89.083776
11425.8 89.086776
11431.6 89.087776
11437.5 89.089776
11443.4 89.090776
11449.2 89.090776
11455.1 89.091776
11460.9 89.091776
11466.8 89.090776
11472.7 89.089776
11478.5 89.088776
11484.4 89.087776
11490.2 89.085776
11496.1 89.083776
11502.0 89.081776
11507.8 89.078776
11513.7 89.075776
11519.5 89.073776
11525.4 89.069776
11531.2 89.066776
11537.1 89.063776
11543.0 89.060776
11548.8 89.056776
11554.7 89.052776
11560.5 89.049776
11566.4 89.045776
11572.3 89.041776
11578.1 89.037776
11584.0 89.033776
11589.8 89.029776
11595.7 89.025776
11601.6 89.020776
11607.4 89.015776
11613.3 89.011776
11619.1 89.005776
11625.0 89.000776
11630.9 88.994776
11636.7 88.988776
11642.6 88.982776
11648.4 88.975776
11654.3 88.968776
11660.2 88.960776
11666.0 88.952776
11671.9 88.943776
11677.7 88.934776
11683.6 88.924776
11689.5 88.914776
11695.3 88.903776
11701.2 88.892776
11707.0 88.881776
11712.9 88.869776
11718.8 88.856776
11724.6 88.843776
11730.5 88.830776
11736.3 88.816776
11742.2 88.803776
11748.0 88.789776
11753.9 88.775776
11759.8 88.761776
11765.6 88.746776
11771.5 88.732776
11777.3 88.718776
11783.2 88.704776
11789.1 88.691776
11794.9 88.677776
11800.8 88.664776
11806.6 88.652776
11812.5 88.640776
11818.4 88.628776
11824.2 88.617776
11830.1 88.606776
11835.9 88.596776
11841.8 88.587776
11847.7 88.578776
11853.5 88.570776
11859.4 88.563776
11865.2 88.557776
11871.1 88.551776
11877.0 88.545776
11882.8 88.541776
11888.7 88.537776
11894.5 88.533776
11900.4 88.530776
11906.2 88.528776
11912.1 88.526776
11918.0 88.525776
11923.8 88.524776
11929.7 88.523776
11935.5 88.523776
11941.4 88.523776
11947.3 88.523776
11953.1 88.524776
11959.0 88.525776
11964.8 88.526776
11970.7 88.527776
11976.6 88.528776
11982.4 88.530776
11988.3 88.531776
11994.1 88.533776
12000.0 88.535776
12005.9 88.537776
12011.7 88.539776
12017.6 88.541776
12023.4 88.543776
12029.3 88.545776
12035.2 88.547776
12041.0 88.549776
12046.9 88.552776
12052.7 88.554776
12058.6 88.557776
12064.5 88.559776
12070.3 88.562776
12076.2 88.565776
12082.0 88.568776
12087.9 88.571776
12093.8 88.574776
12099.6 88.576776
12105.5 88.579776
12111.3 88.582776
12117.2 88.585776
12123.0 88.588776
12128.9 88.590776
12134.8 88.593776
12140.6 88.595776
12146.5 88.597776
12152.3 88.599776
12158.2 88.600776
12164.1 88.601776
12169.9 88.602776
12175.8 88.602776
12181.6 88.602776
12187.5 88.601776
12193.4 88.600776
12199.2 88.598776
12205.1 88.595776
12210.9 88.592776
12216.8 88.589776
12222.7 88.585776
12228.5 88.580776
12234.4 88.575776
12240.2 88.569776
12246.1 88.563776
12252.0 88.556776
12257.8 88.549776
12263.7 88.541776
12269.5 88.533776
12275.4 88.525776
12281.2 88.516776
12287.1 88.507776
12293.0 88.498776
12298.8 88.489776
12304.7 88.480776
12310.5 88.471776
12316.4 88.462776
12322.3 88.453776
12328.1 88.444776
12334.0 88.435776
12339.8 88.427776
12345.7 88.419776
12351.6 88.411776
12357.4 88.403776
12363.3 88.396776
12369.1 88.389776
12375.0 88.383776
12380.9 88.377776
12386.7 88.371776
12392.6 88.366776
12398.4 88.361776
12404.3 88.357776
12410.2 88.352776
12416.0 88.348776
12421.9 88.345776
12427.7 88.341776
12433.6 88.337776
12439.5 88.334776
12445.3 88.331776
12451.2 88.328776
12457.0 88.325776
12462.9 88.321776
12468.8 88.318776
12474.6 88.315776
12480.5 88.311776
12486.3 88.308776
12492.2 88.304776
12498.0 88.300776
12503.9 88.296776
12509.8 88.292776
12515.6 88.288776
12521.5 88.283776
12527.3 88.279776
12533.2 88.271776
12539.1 88.266776
12544.9 88.262776
12550.8 88.257776
12556.6 88.252776
12562.5 88.247776
12568.4 88.242776
12574.2 88.237776
12580.1 88.235776
12585.9 88.230776
12591.8 88.226776
12597.7 88.222776
12603.5 88.218776
12609.4 88.214776
12615.2 88.210776
12621.1 88.207776
12627.0 88.204776
12632.8 88.201776
12638.7 88.199776
12644.5 88.197776
12650.4 88.195776
12656.2 88.193776
12662.1 88.191776
12668.0 88.190776
12673.8 88.189776
12679.7 88.188776
12685.5 88.187776
12691.4 88.186776
12697.3 88.185776
12703.1 88.185776
12709.0 88.184776
12714.8 88.183776
12720.7 88.182776
12726.6 88.181776
12732.4 88.180776
12738.3 88.178776
12744.1 88.177776
12750.0 88.175776
12755.9 88.173776
12761.7 88.171776
12767.6 88.169776
12773.4 88.166776
12779.3 88.163776
12785.2 88.160776
12791.0 88.157776
12796.9 88.153776
12802.7 88.150776
12808.6 88.146776
12814.5 88.142776
12820.3 88.13877600000001
12826.2 88.134776
12832.0 88.130776
12837.9 88.126776
12843.8 88.122776
12849.6 88.118776
12855.5 88.114776
12861.3 88.110776
12867.2 88.106776
12873.0 88.102776
12878.9 88.098776
12884.8 88.095776
12890.6 88.091776
12896.5 88.088776
12902.3 88.085776
12908.2 88.081776
12914.1 88.078776
12919.9 88.075776
12925.8 88.072776
12931.6 88.069776
12937.5 88.066776
12943.4 88.062776
12949.2 88.059776
12955.1 88.055776
12960.9 88.051776
12966.8 88.047776
12972.7 88.043776
12978.5 88.038776
12984.4 88.033776
12990.2 88.027776
12996.1 88.021776
13002.0 88.015776
13007.8 88.008776
13013.7 88.001776
13019.5 87.993776
13025.4 87.985776
13031.2 87.976776
13037.1 87.967776
13043.0 87.957776
13048.8 87.946776
13054.7 87.936776
13060.5 87.925776
13066.4 87.913776
13072.3 87.901776
13078.1 87.889776
13084.0 87.877776
13089.8 87.864776
13095.7 87.851776
13101.6 87.838776
13107.4 87.825776
13113.3 87.812776
13119.1 87.799776
13125.0 87.786776
13130.9 87.773776
13136.7 87.760776
13142.6 87.747776
13148.4 87.734776
13154.3 87.721776
13160.2 87.709776
13166.0 87.697776
13171.9 87.685776
13177.7 87.673776
13183.6 87.661776
13189.5 87.649776
13195.3 87.637776
13201.2 87.626776
13207.0 87.614776
13212.9 87.603776
13218.8 87.591776
13224.6 87.580776
13230.5 87.568776
13236.3 87.557776
13242.2 87.545776
13248.0 87.533776
13253.9 87.520776
13259.8 87.508776
13265.6 87.495776
13271.5 87.482776
13277.3 87.468776
13283.2 87.454776
13289.1 87.440776
13294.9 87.426776
13300.8 87.411776
13306.6 87.396776
13312.5 87.380776
13318.4 87.364776
13324.2 87.348776
13330.1 87.332776
13335.9 87.315776
13341.8 87.298776
13347.7 87.281776
13353.5 87.264776
13359.4 87.246776
13365.2 87.229776
13371.1 87.212776
13377.0 87.195776
13382.8 87.177776
13388.7 87.160776
13394.5 87.143776
13400.4 87.127776
13406.2 87.110776
13412.1 87.094776
13418.0 87.079776
13423.8 87.063776
13429.7 87.048776
13435.5 87.033776
13441.4 87.019776
13447.3 87.005776
13453.1 86.992776
13459.0 86.979776
13464.8 86.966776
13470.7 86.953776
13476.6 86.942776
13482.4 86.930776
13488.3 86.919776
13494.1 86.908776
13500.0 86.897776
13505.9 86.886776
13511.7 86.876776
13517.6 86.866776
13523.4 86.856776
13529.3 86.847776
13535.2 86.837776
13541.0 86.828776
13546.9 86.818776
13552.7 86.809776
13558.6 86.800776
13564.5 86.791776
13570.3 86.782776
13576.2 86.773776
13582.0 86.765776
13587.9 86.756776
13593.8 86.747776
13599.6 86.739776
13605.5 86.731776
13611.3 86.722776
13617.2 86.714776
13623.0 86.706776
13628.9 86.699776
13634.8 86.691776
13640.6 86.684776
13646.5 86.677776
13652.3 86.670776
13658.2 86.663776
13664.1 86.657776
13669.9 86.651776
13675.8 86.645776
13681.6 86.639776
13687.5 86.633776
13693.4 86.628776
13699.2 86.623776
13705.1 86.618776
13710.9 86.613776
13716.8 86.608776
13722.7 86.604776
13728.5 86.599776
13734.4 86.594776
13740.2 86.589776
13746.1 86.584776
13752.0 86.579776
13757.8 86.574776
13763.7 86.569776
13769.5 86.563776
13775.4 86.557776
13781.2 86.551776
13787.1 86.544776
13793.0 86.537776
13798.8 86.530776
13804.7 86.522776
13810.5 86.514776
13816.4 86.505776
13822.3 86.496776
13828.1 86.486776
13834.0 86.476776
13839.8 86.466776
13845.7 86.455776
13851.6 86.444776
13857.4 86.432776
13863.3 86.420776
13869.1 86.408776
13875.0 86.395776
13880.9 86.382776
13886.7 86.369776
13892.6 86.356776
13898.4 86.342776
13904.3 86.328776
13910.2 86.315776
13916.0 86.301776
13921.9 86.286776
13927.7 86.272776
13933.6 86.258776
13939.5 86.243776
13945.3 86.229776
13951.2 86.214776
13957.0 86.199776
13962.9 86.184776
13968.8 86.169776
13974.6 86.153776
13980.5 86.13877600000001
13986.3 86.122776
13992.2 86.105776
13998.0 86.088776
14003.9 86.071776
14009.8 86.054776
14015.6 86.035776
14021.5 86.017776
14027.3 85.997776
14033.2 85.977776
14039.1 85.956776
14044.9 85.935776
14050.8 85.913776
14056.6 85.890776
14062.5 85.866776
14068.4 85.842776
14074.2 85.817776
14080.1 85.791776
14085.9 85.764776
14091.8 85.737776
14097.7 85.708776
14103.5 85.680776
14109.4 85.650776
14115.2 85.620776
14121.1 85.589776
14127.0 85.558776
14132.8 85.527776
14138.7 85.495776
14144.5 85.462776
14150.4 85.430776
14156.2 85.397776
14162.1 85.364776
14168.0 85.331776
14173.8 85.298776
14179.7 85.265776
14185.5 85.232776
14191.4 85.199776
14197.3 85.166776
14203.1 85.118776
14209.0 85.085776
14214.8 85.053776
14220.7 85.021776
14226.6 84.989776
14232.4 84.957776
14238.3 84.925776
14244.1 84.893776
14250.0 84.862776
14255.9 84.846776
14261.7 84.814776
14267.6 84.782976
14273.4 84.751076
14279.3 84.718976
14285.2 84.686676
14291.0 84.654176
14296.9 84.621376
14302.7 84.588276
14308.6 84.554876
14314.5 84.521076
14320.3 84.486976
14326.2 84.452376
14332.0 84.417376
14337.9 84.381976
14343.8 84.346076
14349.6 84.309876
14355.5 84.273176
14361.3 84.236176
14367.2 84.198876
14373.0 84.161176
14378.9 84.123276
14384.8 84.085076
14390.6 84.046776
14396.5 84.008376
14402.3 83.969976
14408.2 83.931476
14414.1 83.893176
14419.9 83.854876
14425.8 83.816876
14431.6 83.779076
14437.5 83.741676
14443.4 83.704576
14449.2 83.667876
14455.1 83.631676
14460.9 83.595876
14466.8 83.560576
14472.7 83.525876
14478.5 83.491676
14484.4 83.457976
14490.2 83.424776
14496.1 83.392176
14502.0 83.360076
14507.8 83.328376
14513.7 83.297076
14519.5 83.266176
14525.4 83.235676
14531.2 83.205476
14537.1 83.175476
14543.0 83.145576
14548.8 83.115976
14554.7 83.086276
14560.5 83.056676
14566.4 83.027076
14572.3 82.997376
14578.1 82.967476
14584.0 82.937476
14589.8 82.907276
14595.7 82.876876
14601.6 82.846276
14607.4 82.815376
14613.3 82.784276
14619.1 82.752976
14625.0 82.721476
14630.9 82.689776
14636.7 82.657876
14642.6 82.625976
14648.4 82.593976
14654.3 82.561976
14660.2 82.529976
14666.0 82.498176
14671.9 82.466576
14677.7 82.435176
14683.6 82.404176
14689.5 82.373576
14695.3 82.343476
14701.2 82.313876
14707.0 82.284776
14712.9 82.256476
14718.8 82.228776
14724.6 82.201876
14730.5 82.175776
14736.3 82.150476
14742.2 82.125976
14748.0 82.102276
14753.9 82.079376
14759.8 82.057276
14765.6 82.036076
14771.5 82.015476
14777.3 81.995676
14783.2 81.976576
14789.1 81.957976
14794.9 81.940076
14800.8 81.922576
14806.6 81.905476
14812.5 81.88877600000001
14818.4 81.872376
14824.2 81.856076
14830.1 81.83997600000001
14835.9 81.823976
14841.8 81.807976
14847.7 81.791976
14853.5 81.775876
14859.4 81.759576
14865.2 81.743176
14871.1 81.726476
14877.0 81.709676
14882.8 81.692576
14888.7 81.675276
14894.5 81.657776
14900.4 81.640076
14906.2 81.622176
14912.1 81.604176
14918.0 81.586076
14923.8 81.567976
14929.7 81.549876
14935.5 81.531876
14941.4 81.514076
14947.3 81.496376
14953.1 81.478976
14959.0 81.461976
14964.8 81.445276
14970.7 81.429176
14976.6 81.413476
14982.4 81.398376
14988.3 81.383776
14994.1 81.369876
15000.0 81.356676
15005.9 81.344076
15011.7 81.332076
15017.6 81.320776
15023.4 81.310076
15029.3 81.299976
15035.2 81.290476
15041.0 81.281476
15046.9 81.272876
15052.7 81.264576
15058.6 81.256676
15064.5 81.248876
15070.3 81.241276
15076.2 81.233676
15082.0 81.225976
15087.9 81.218176
15093.8 81.209976
15099.6 81.201576
15105.5 81.192676
15111.3 81.183276
15117.2 81.173276
15123.0 81.162576
15128.9 81.151176
15134.8 81.138976
15140.6 81.125976
15146.5 81.112076
15152.3 81.097376
15158.2 81.081776
15164.1 81.065276
15169.9 81.047976
15175.8 81.029876
15181.6 81.010976
15187.5 80.991276
15193.4 80.970976
15199.2 80.950076
15205.1 80.928676
15210.9 80.906876
15216.8 80.884576
15222.7 80.862076
15228.5 80.839476
15234.4 80.816676
15240.2 80.793976
15246.1 80.771376
15252.0 80.748876
15257.8 80.726676
15263.7 80.704776
15269.5 80.683276
15275.4 80.662176
15281.2 80.641576
15287.1 80.621576
15293.0 80.602076
15298.8 80.583176
15304.7 80.564876
15310.5 80.547176
15316.4 80.529976
15322.3 80.513276
15328.1 80.497176
15334.0 80.481576
15339.8 80.466376
15345.7 80.451576
15351.6 80.437076
15357.4 80.422876
15363.3 80.408976
15369.1 80.395176
15375.0 80.381476
15380.9 80.367976
15386.7 80.354376
15392.6 80.340776
15398.4 80.327176
15404.3 80.313476
15410.2 80.299576
15416.0 80.285676
15421.9 80.271576
15427.7 80.257276
15433.6 80.242976
15439.5 80.228476
15445.3 80.213876
15451.2 80.199276
15457.0 80.184676
15462.9 80.170076
15468.8 80.155476
15474.6 80.141076
15480.5 80.126776
15486.3 80.112776
15492.2 80.098976
15498.0 80.085576
15503.9 80.072576
15509.8 80.059976
15515.6 80.047776
15521.5 80.036176
15527.3 80.024976
15533.2 80.014376
15539.1 80.004376
15544.9 79.994776
15550.8 79.985776
15556.6 79.977276
15562.5 79.969176
15568.4 79.961576
15574.2 79.954176
15580.1 79.947176
15585.9 79.940376
15591.8 79.933676
15597.7 79.926976
15603.5 79.920176
15609.4 79.913276
15615.2 79.906076
15621.1 79.898576
15627.0 79.890576
15632.8 79.881976
15638.7 79.872676
15644.5 79.862776
15650.4 79.851976
15656.2 79.840276
15662.1 79.827676
15668.0 79.814176
15673.8 79.799576
15679.7 79.783976
15685.5 79.767376
15691.4 79.749776
15697.3 79.731276
15703.1 79.711776
15709.0 79.691476
15714.8 79.670376
15720.7 79.648576
15726.6 79.626176
15732.4 79.603276
15738.3 79.580076
15744.1 79.556576
15750.0 79.533076
15755.9 79.509576
15761.7 79.486276
15767.6 79.463376
15773.4 79.440976
15779.3 79.419276
15785.2 79.398276
15791.0 79.378176
15796.9 79.359176
15802.7 79.341276
15808.6 79.324576
15814.5 79.309176
15820.3 79.295176
15826.2 79.282676
15832.0 79.271576
15837.9 79.261976
15843.8 79.253876
15849.6 79.247276
15855.5 79.242076
15861.3 79.238376
15867.2 79.235976
15873.0 79.236676
15878.9 79.237076
15884.8 79.238576
15890.6 79.240976
15896.5 79.244276
15902.3 79.248176
15908.2 79.252876
15914.1 79.257976
15919.9 79.263476
15925.8 79.269276
15931.6 79.272476
15937.5 79.278376
15943.4 79.284476
15949.2 79.290476
15955.1 79.296476
15960.9 79.302476
15966.8 79.308176
15972.7 79.313876
15978.5 79.319276
15984.4 79.324576
15990.2 79.329576
15996.1 79.334476
16002.0 79.339176
16007.8 79.343876
16013.7 79.348476
16019.5 79.352976
16025.4 79.357576
16031.2 79.362276
16037.1 79.367176
16043.0 79.372176
16048.8 79.377576
16054.7 79.383376
16060.5 79.389476
16066.4 79.396076
16072.3 79.403276
16078.1 79.410976
16084.0 79.419276
16089.8 79.428176
16095.7 79.437776
16101.6 79.448076
16107.4 79.458876
16113.3 79.470376
16119.1 79.482576
16125.0 79.495276
16130.9 79.508476
16136.7 79.522276
16142.6 79.536476
16148.4 79.551076
16154.3 79.565976
16160.2 79.581176
16166.0 79.596576
16171.9 79.612076
16177.7 79.627776
16183.6 79.643376
16189.5 79.658976
16195.3 79.674476
16201.2 79.689876
16207.0 79.705076
16212.9 79.720076
16218.8 79.734876
16224.6 79.749476
16230.5 79.76377600000001
16236.3 79.777976
16242.2 79.791876
16248.0 79.805676
16253.9 79.819376
16259.8 79.832976
16265.6 79.846476
16271.5 79.860076
16277.3 79.873876
16283.2 79.887776
16289.1 79.901876
16294.9 79.916376
16300.8 79.931276
16306.6 79.946676
16312.5 79.962576
16318.4 79.979176
16324.2 79.996376
16330.1 80.014276
16335.9 80.032976
16341.8 80.052476
16347.7 80.072876
16353.5 80.094076
16359.4 80.116076
16365.2 80.138876
16371.1 80.162576
16377.0 80.186976
16382.8 80.212176
16388.7 80.237976
16394.5 80.264376
16400.4 80.291376
16406.2 80.318676
16412.1 80.346476
16418.0 80.374376
16423.8 80.40247600000001
16429.7 80.430676
16435.5 80.458776
16441.4 80.486676
16447.3 80.514376
16453.1 80.541576
16459.0 80.568476
16464.8 80.594776
16470.7 80.620476
16476.6 80.645576
16482.4 80.669876
16488.3 80.693476
16494.1 80.716276
16500.0 80.738176
16505.9 80.759376
16511.7 80.779876
16517.6 80.799476
16523.4 80.818476
16529.3 80.836776
16535.2 80.854476
16541.0 80.871576
16546.9 80.888376
16552.7 80.904676
16558.6 80.920876
16564.5 80.936876
16570.3 80.952776
16576.2 80.968776
16582.0 80.984976
16587.9 81.001376
16593.8 81.018176
16599.6 81.035476
16605.5 81.053376
16611.3 81.071876
16617.2 81.091076
16623.0 81.111076
16628.9 81.131976
16634.8 81.153676
16640.6 81.176276
16646.5 81.199776
16652.3 81.224176
16658.2 81.249476
16664.1 81.275676
16669.9 81.302776
16675.8 81.330576
16681.6 81.359176
16687.5 81.388476
16693.4 81.418276
16699.2 81.448676
16705.1 81.479576
16710.9 81.510776
16716.8 81.542376
16722.7 81.574076
16728.5 81.605876
16734.4 81.637776
16740.2 81.669676
16746.1 81.701476
16752.0 81.733076
16757.8 81.764376
16763.7 81.795576
16769.5 81.826376
16775.4 81.856876
16781.2 81.887076
16787.1 81.916876
16793.0 81.946376
16798.8 81.975476
16804.7 82.004376
16810.5 82.032976
16816.4 82.061376
16822.3 82.089576
16828.1 82.117676
16834.0 82.145676
16839.8 82.173676
16845.7 82.201676
16851.6 82.229876
16857.4 82.258176
16863.3 82.286776
16869.1 82.315676
16875.0 82.344876
16880.9 82.374476
16886.7 82.404476
16892.6 82.434876
16898.4 82.465876
16904.3 82.497276
16910.2 82.529076
16916.0 82.561476
16921.9 82.594276
16927.7 82.627576
16933.6 82.661276
16939.5 82.695276
16945.3 82.729576
16951.2 82.764176
16957.0 82.798876
16962.9 82.833776
16968.8 82.868676
16974.6 82.903576
16980.5 82.938376
16986.3 82.973076
16992.2 83.007476
16998.0 83.041576
17003.9 83.075276
17009.8 83.108576
17015.6 83.141376
17021.5 83.173676
17027.3 83.205476
17033.2 83.236676
17039.1 83.267276
17044.9 83.297376
17050.8 83.326776
17056.6 83.355676
17062.5 83.384076
17068.4 83.411976
17074.2 83.439476
17080.1 83.466576
17085.9 83.493276
17091.8 83.519776
17097.7 83.546076
17103.5 83.572276
17109.4 83.598476
17115.2 83.624776
17121.1 83.651076
17127.0 83.677776
17132.8 83.704676
17138.7 83.731976
17144.5 83.759676
17150.4 83.787876
17156.2 83.816776
17162.1 83.846176
17168.0 83.876276
17173.8 83.907076
17179.7 83.938576
17185.5 83.970876
17191.4 84.003776
17197.3 84.037476
17203.1 84.071876
17209.0 84.106976
17214.8 84.142676
17220.7 84.179076
17226.6 84.215976
17232.4 84.253376
17238.3 84.291176
17244.1 84.329476
17250.0 84.367976
17255.9 84.406876
17261.7 84.445876
17267.6 84.484976
17273.4 84.524176
17279.3 84.563376
17285.2 84.602476
17291.0 84.641476
17296.9 84.680376
17302.7 84.719076
17308.6 84.757476
17314.5 84.795676
17320.3 84.833776
17326.2 84.870776
17332.0 84.908776
17337.9 84.945776
17343.8 84.982776
17349.6 85.018776
17355.5 85.054776
17361.3 85.090776
17367.2 85.126776
17373.0 85.161776
17378.9 85.197776
17384.8 85.232776
17390.6 85.267776
17396.5 85.302776
17402.3 85.337776
17408.2 85.372776
17414.1 85.407776
17419.9 85.441776
17425.8 85.476776
17431.6 85.511776
17437.5 85.546776
17443.4 85.580776
17449.2 85.615776
17455.1 85.650776
17460.9 85.684776
17466.8 85.718776
17472.7 85.753776
17478.5 85.787776
17484.4 85.820776
17490.2 85.854776
17496.1 85.887776
17502.0 85.919776
17507.8 85.951776
17513.7 85.983776
17519.5 86.014776
17525.4 86.044776
17531.2 86.074776
17537.1 86.103776
17543.0 86.131776
17548.8 86.171776
17554.7 86.197776
17560.5 86.223776
17566.4 86.248776
17572.3 86.272776
17578.1 86.295776
17584.0 86.318776
17589.8 86.340776
17595.7 86.362776
17601.6 86.382776
17607.4 86.392776
17613.3 86.412776
17619.1 86.431776
17625.0 86.451776
17630.9 86.470776
17636.7 86.488776
17642.6 86.507776
17648.4 86.525776
17654.3 86.544776
17660.2 86.562776
17666.0 86.580776
17671.9 86.599776
17677.7 86.617776
17683.6 86.636776
17689.5 86.655776
17695.3 86.674776
17701.2 86.694776
17707.0 86.713776
17712.9 86.733776
17718.8 86.754776
17724.6 86.774776
17730.5 86.795776
17736.3 86.816776
17742.2 86.837776
17748.0 86.858776
17753.9 86.879776
17759.8 86.900776
17765.6 86.921776
17771.5 86.943776
17777.3 86.964776
17783.2 86.985776
17789.1 87.005776
17794.9 87.026776
17800.8 87.046776
17806.6 87.066776
17812.5 87.085776
17818.4 87.104776
17824.2 87.123776
17830.1 87.141776
17835.9 87.158776
17841.8 87.176776
17847.7 87.192776
17853.5 87.209776
17859.4 87.225776
17865.2 87.240776
17871.1 87.255776
17877.0 87.270776
17882.8 87.285776
17888.7 87.299776
17894.5 87.313776
17900.4 87.327776
17906.2 87.341776
17912.1 87.354776
17918.0 87.368776
17923.8 87.382776
17929.7 87.396776
17935.5 87.410776
17941.4 87.424776
17947.3 87.438776
17953.1 87.453776
17959.0 87.468776
17964.8 87.483776
17970.7 87.498776
17976.6 87.514776
17982.4 87.530776
17988.3 87.546776
17994.1 87.562776
18000.0 87.579776
18005.9 87.596776
18011.7 87.612776
18017.6 87.630776
18023.4 87.647776
18029.3 87.664776
18035.2 87.681776
18041.0 87.698776
18046.9 87.715776
18052.7 87.731776
18058.6 87.748776
18064.5 87.764776
18070.3 87.780776
18076.2 87.796776
18082.0 87.811776
18087.9 87.826776
18093.8 87.841776
18099.6 87.855776
18105.5 87.869776
18111.3 87.882776
18117.2 87.895776
18123.0 87.908776
18128.9 87.920776
18134.8 87.932776
18140.6 87.944776
18146.5 87.955776
18152.3 87.967776
18158.2 87.978776
18164.1 87.989776
18169.9 88.000776
18175.8 88.011776
18181.6 88.022776
18187.5 88.033776
18193.4 88.044776
18199.2 88.055776
18205.1 88.066776
18210.9 88.078776
18216.8 88.090776
18222.7 88.102776
18228.5 88.114776
18234.4 88.127776
18240.2 88.140776
18246.1 88.153776
18252.0 88.166776
18257.8 88.180776
18263.7 88.194776
18269.5 88.208776
18275.4 88.222776
18281.2 88.236776
18287.1 88.250776
18293.0 88.264776
18298.8 88.279776
18304.7 88.293776
18310.5 88.307776
18316.4 88.320776
18322.3 88.334776
18328.1 88.347776
18334.0 88.361776
18339.8 88.373776
18345.7 88.386776
18351.6 88.398776
18357.4 88.409776
18363.3 88.421776
18369.1 88.431776
18375.0 88.442776
18380.9 88.452776
18386.7 88.462776
18392.6 88.471776
18398.4 88.480776
18404.3 88.488776
18410.2 88.497776
18416.0 88.505776
18421.9 88.51377600000001
18427.7 88.521776
18433.6 88.528776
18439.5 88.536776
18445.3 88.543776
18451.2 88.550776
18457.0 88.558776
18462.9 88.565776
18468.8 88.572776
18474.6 88.580776
18480.5 88.588776
18486.3 88.595776
18492.2 88.603776
18498.0 88.611776
18503.9 88.619776
18509.8 88.627776
18515.6 88.635776
18521.5 88.643776
18527.3 88.652776
18533.2 88.660776
18539.1 88.668776
18544.9 88.676776
18550.8 88.684776
18556.6 88.692776
18562.5 88.699776
18568.4 88.706776
18574.2 88.713776
18580.1 88.720776
18585.9 88.726776
18591.8 88.732776
18597.7 88.737776
18603.5 88.742776
18609.4 88.747776
18615.2 88.750776
18621.1 88.754776
18627.0 88.757776
18632.8 88.759776
18638.7 88.761776
18644.5 88.762776
18650.4 88.76377600000001
18656.2 88.764776
18662.1 88.764776
18668.0 88.764776
18673.8 88.76377600000001
18679.7 88.76377600000001
18685.5 88.762776
18691.4 88.761776
18697.3 88.759776
18703.1 88.758776
18709.0 88.757776
18714.8 88.755776
18720.7 88.754776
18726.6 88.753776
18732.4 88.752776
18738.3 88.751776
18744.1 88.750776
18750.0 88.749776
18755.9 88.749776
18761.7 88.748776
18767.6 88.748776
18773.4 88.748776
18779.3 88.748776
18785.2 88.748776
18791.0 88.748776
18796.9 88.749776
18802.7 88.749776
18808.6 88.749776
18814.5 88.750776
18820.3 88.750776
18826.2 88.750776
18832.0 88.749776
18837.9 88.749776
18843.8 88.748776
18849.6 88.747776
18855.5 88.745776
18861.3 88.743776
18867.2 88.741776
18873.0 88.739776
18878.9 88.735776
18884.8 88.732776
18890.6 88.728776
18896.5 88.723776
18902.3 88.719776
18908.2 88.713776
18914.1 88.708776
18919.9 88.702776
18925.8 88.696776
18931.6 88.689776
18937.5 88.682776
18943.4 88.676776
18949.2 88.669776
18955.1 88.662776
18960.9 88.655776
18966.8 88.648776
18972.7 88.641776
18978.5 88.634776
18984.4 88.627776
18990.2 88.621776
18996.1 88.615776
19002.0 88.609776
19007.8 88.603776
19013.7 88.598776
19019.5 88.593776
19025.4 88.588776
19031.2 88.583776
19037.1 88.579776
19043.0 88.575776
19048.8 88.571776
19054.7 88.568776
19060.5 88.564776
19066.4 88.561776
19072.3 88.558776
19078.1 88.555776
19084.0 88.551776
19089.8 88.548776
19095.7 88.545776
19101.6 88.541776
19107.4 88.537776
19113.3 88.533776
19119.1 88.529776
19125.0 88.525776
19130.9 88.520776
19136.7 88.515776
19142.6 88.509776
19148.4 88.503776
19154.3 88.497776
19160.2 88.490776
19166.0 88.483776
19171.9 88.476776
19177.7 88.468776
19183.6 88.461776
19189.5 88.453776
19195.3 88.444776
19201.2 88.436776
19207.0 88.428776
19212.9 88.419776
19218.8 88.407776
19224.6 88.398776
19230.5 88.390776
19236.3 88.382776
19242.2 88.375776
19248.0 88.367776
19253.9 88.360776
19259.8 88.353776
19265.6 88.346776
19271.5 88.340776
19277.3 88.334776
19283.2 88.332776
19289.1 88.326776
19294.9 88.321776
19300.8 88.315776
19306.6 88.310776
19312.5 88.306776
19318.4 88.301776
19324.2 88.297776
19330.1 88.292776
19335.9 88.288776
19341.8 88.283776
19347.7 88.279776
19353.5 88.274776
19359.4 88.269776
19365.2 88.264776
19371.1 88.259776
19377.0 88.253776
19382.8 88.247776
19388.7 88.240776
19394.5 88.233776
19400.4 88.226776
19406.2 88.218776
19412.1 88.210776
19418.0 88.201776
19423.8 88.192776
19429.7 88.182776
19435.5 88.172776
19441.4 88.161776
19447.3 88.150776
19453.1 88.139776
19459.0 88.127776
19464.8 88.115776
19470.7 88.103776
19476.6 88.091776
19482.4 88.078776
19488.3 88.065776
19494.1 88.053776
19500.0 88.040776
19505.9 88.027776
19511.7 88.015776
19517.6 88.002776
19523.4 87.990776
19529.3 87.977776
19535.2 87.965776
19541.0 87.953776
19546.9 87.941776
19552.7 87.930776
19558.6 87.918776
19564.5 87.907776
19570.3 87.895776
19576.2 87.884776
19582.0 87.873776
19587.9 87.862776
19593.8 87.850776
19599.6 87.839776
19605.5 87.827776
19611.3 87.815776
19617.2 87.803776
19623.0 87.790776
19628.9 87.777776
19634.8 87.76377600000001
19640.6 87.749776
19646.5 87.735776
19652.3 87.720776
19658.2 87.704776
19664.1 87.688776
19669.9 87.671776
19675.8 87.653776
19681.6 87.635776
19687.5 87.616776
19693.4 87.597776
19699.2 87.577776
19705.1 87.556776
19710.9 87.535776
19716.8 87.51377600000001
19722.7 87.491776
19728.5 87.468776
19734.4 87.445776
19740.2 87.422776
19746.1 87.399776
19752.0 87.375776
19757.8 87.352776
19763.7 87.328776
19769.5 87.304776
19775.4 87.281776
19781.2 87.257776
19787.1 87.234776
19793.0 87.211776
19798.8 87.188776
19804.7 87.166776
19810.5 87.144776
19816.4 87.123776
19822.3 87.101776
19828.1 87.080776
19834.0 87.060776
19839.8 87.040776
19845.7 87.021776
19851.6 87.001776
19857.4 86.983776
19863.3 86.964776
19869.1 86.946776
19875.0 86.929776
19880.9 86.911776
19886.7 86.895776
19892.6 86.878776
19898.4 86.862776
19904.3 86.846776
19910.2 86.830776
19916.0 86.815776
19921.9 86.800776
19927.7 86.785776
19933.6 86.771776
19939.5 86.757776
19945.3 86.743776
19951.2 86.730776
19957.0 86.717776
19962.9 86.704776
19968.8 86.692776
19974.6 86.681776
19980.5 86.670776
19986.3 86.660776
19992.2 86.650776
19998.0 86.641776
