20.0 47.726776
20.290899 48.189777
20.586 48.683777
20.8855 49.216778
21.189301 49.804775
21.497499 50.446777
21.8102 51.133778
22.127399 51.859779
22.4492 52.610779
22.775801 53.373775
23.1071 54.133778
23.443199 54.875778
23.7841 55.586777
24.1301 56.257778
24.4811 56.882778
24.8372 57.461777
25.1984 57.995777
25.564899 58.489777
25.9368 58.951778
26.3141 59.392776
26.6968 59.82478
27.0851 60.259777
27.479099 60.709778
27.878799 61.177776
28.2843 61.662777
28.6957 62.15778
29.1131 62.65078
29.536501 63.132778
29.966101 63.593777
30.402 64.029778
30.8442 64.44278
31.2929 64.843773
31.748 65.246773
32.209801 65.668777
32.678299 66.126778
33.153599 66.626778
33.635899 67.16478
34.125099 67.732773
34.621498 68.312775
35.125 68.88678
35.635899 69.438774
36.154301 69.959778
36.680199 70.444778
37.213699 70.892776
37.755 71.321777
38.3041 71.740776
38.861301 72.059776
39.426498 72.415779
40.0 72.763779
40.581799 73.110779
41.1721 73.460777
41.771 73.818779
42.378502 74.187775
42.9949 74.56778
43.6203 74.956779
44.254799 75.353775
44.898499 75.756775
45.551498 76.16478
46.2141 76.580772
46.886299 77.005775
47.568298 77.443779
48.260201 77.893776
48.962101 78.352776
49.674301 78.815773
50.396801 79.278778
51.129902 79.735779
51.8736 80.183777
52.628101 80.619774
53.3936 81.043777
54.1702 81.454773
54.958099 81.850777
55.7575 82.231773
56.568501 82.597771
57.391399 82.946777
58.226101 83.280777
59.073 83.596771
59.932301 83.897774
60.804 84.183777
61.6884 84.452774
62.585701 84.708771
63.496 84.991776
64.419601 85.167778
65.356598 85.376778
66.307297 85.569771
67.271698 85.745773
68.250198 85.907776
69.242897 86.055771
70.250099 86.195778
71.271896 86.328773
72.308601 86.454773
73.360298 86.576775
74.427399 86.692772
75.509903 86.802773
76.608299 86.905777
77.722603 86.999771
78.853104 87.085777
80.0 87.163773
81.163597 87.232773
82.3442 87.293777
83.541901 87.347771
84.757 87.393776
85.989899 87.434776
87.240601 87.469772
88.509598 87.503777
89.797 87.526772
91.103104 87.551773
92.4282 87.572777
93.772598 87.592773
95.136597 87.610771
96.520401 87.627777
97.924301 87.641777
99.348602 87.652771
100.794 87.659775
102.26 87.661774
103.747 87.659775
105.256 87.657776
106.787 87.657776
108.34 87.659775
109.916 87.661774
111.515 87.660774
113.137 87.645775
114.783 87.599777
116.452 87.533775
118.146 87.441772
119.865 87.351776
121.608 87.279778
123.377 87.229774
125.171 87.197777
126.992 87.177773
128.839 87.165771
130.713 87.159775
132.615 87.151772
134.543 87.132774
136.5 87.096771
138.486 87.047775
140.5 86.979774
142.544 86.894775
144.617 86.809776
146.721 86.738777
148.855 86.689774
151.02 86.662773
153.217 86.647774
155.445 86.638771
157.706 86.634773
160.0 86.635773
162.327 86.637772
164.688 86.642776
167.084 86.647774
169.514 86.651772
171.98 86.647774
174.481 86.624771
177.019 86.567772
179.594 86.473778
182.206 86.364777
184.856 86.283775
187.545 86.248772
190.273 86.243774
193.041 86.253777
195.849 86.251778
198.697 86.218773
201.587 86.140778
204.52 86.026772
207.494 85.916771
210.512 85.842773
213.574 85.809776
216.681 85.810776
219.833 85.826775
223.03 85.840775
226.274 85.838776
229.565 85.810776
232.905 85.756775
236.292 85.681778
239.729 85.579773
243.216 85.499771
246.754 85.469772
250.343 85.472771
253.984 85.473778
257.678 85.433777
261.426 85.303772
265.229 85.104774
269.087 84.959778
273.001 84.893776
276.972 84.895775
281.0 84.945778
285.088 85.029778
289.234 85.103775
293.441 85.135773
297.709 85.121773
302.04 85.0263754179479
306.433 84.87682797602807
310.89 84.77412387230925
315.412 84.75926870582586
320.0 84.79625707561229
324.655 84.8200765807029
329.377 84.76574022109774
334.168 84.61923519486557
339.028 84.43057250200636
343.959 84.31972634058893
348.962 84.39971730964767
354.038 84.53253400821696
359.188 84.56016203533119
364.412 84.58462239099036
369.713 84.61389487229764
375.09 84.55598688021865
380.546 84.50488421185656
386.081 84.55759686721136
391.697 84.70311004435185
397.394 84.83643474327802
403.175 84.86455476109303
409.039 84.76347749876253
414.989 84.55419175338963
421.025 84.33169952497438
427.149 84.17699701158557
433.362 84.03207481225753
439.665 83.88294652602472
446.06 83.83358835095589
452.548 83.89801188608541
459.131 84.03220832948212
465.809 84.14617168114596
472.584 84.22990413914575
479.458 84.36140190155025
486.432 84.49365956739386
493.507 84.563670735711
500.686 84.48343120360478
507.968 84.28895237204087
515.357 84.0822086371568
522.853 83.82221499895257
530.458 83.56295065549698
538.174 83.35642880485881
546.002 83.13063304607243
553.943 83.14556397817225
562.001 83.47221699729583
570.175 83.90359550440878
578.469 84.22567789564866
586.883 84.41247617101548
595.419 84.47897952857802
604.08 84.51418476543944
612.866 84.55709288159974
621.78 84.49568967416214
630.824 84.31697834119535
640.0 84.24994808076819
649.309 84.29359249191505
658.753 84.33192177270472
668.335 84.24491272024035
678.056 84.15857693355636
687.919 84.01389420975589
697.925 83.95687314787337
708.077 84.05249354501194
718.376 83.964770000206
728.825 83.62667931055873
739.426 83.48223067413892
750.181 83.68040728901533
761.093 83.62320195229114
772.163 83.25662726300075
783.394 83.00566301824733
794.789 82.85330401513406
806.349 82.70854385269533
818.078 82.55238492706867
829.977 82.28481783728851
842.05 81.92183097949241
854.298 81.63742695271475
866.724 81.54758755405872
879.33 81.47532098159309
892.12 81.37561263145541
905.097 81.60545630074887
918.262 82.23684958850787
931.618 82.93477829183556
945.169 83.40424180686952
958.917 83.72723633167853
972.864 84.01275006433137
987.015 84.141776
1001.95 84.141776
1007.81 84.13577599999999
1013.67 84.11877599999998
1019.53 84.09077599999999
1025.39 84.05177599999999
1031.25 84.00077599999999
1037.11 83.93877599999999
1042.97 83.86277599999998
1048.83 83.775776
1054.69 83.67377599999999
1060.55 83.55977599999999
1066.41 83.430776
1072.27 83.28667599999999
1078.12 83.12787599999999
1083.98 82.95337599999999
1089.84 82.76267599999998
1095.7 82.55527599999999
1101.56 82.33077599999999
1107.42 82.08857599999999
1113.28 81.82817599999998
1119.14 81.54917599999999
1125.0 81.25117599999999
1130.86 80.93357599999999
1136.72 80.59607599999998
1142.58 80.23817599999998
1148.44 79.85957599999999
1154.3 79.459876
1160.16 79.03857599999999
1166.02 78.59547599999999
1171.88 78.13007599999999
1177.73 77.64207599999999
1183.59 77.131076
1189.45 76.59657599999998
1195.31 76.03817599999999
1201.17 75.45527599999998
1207.03 74.84747599999999
1212.89 74.21397599999999
1218.75 73.55397599999999
1224.61 72.86647599999999
1230.47 72.150376
1236.33 71.40407599999999
1242.19 70.62577599999999
1248.05 69.81327599999999
1253.91 68.96347599999999
1259.77 68.07277599999999
1265.62 67.13627599999998
1271.48 66.147776
1277.34 65.09887599999999
1283.2 63.97877599999998
1289.06 62.77227599999999
1294.92 61.459175999999985
1300.78 60.01077599999999
1306.64 58.38737599999999
1312.5 56.53557599999999
1318.36 54.39727599999999
1324.22 51.988275999999985
1330.08 49.72207599999999
1335.94 48.57487599999999
1341.8 49.104575999999994
1347.66 50.995975999999985
1353.52 53.271075999999994
1359.38 55.32627599999999
1365.23 57.08127599999999
1371.09 58.58747599999998
1376.95 59.900975999999986
1382.81 61.064775999999995
1388.67 62.10957599999999
1394.53 63.05767599999999
1400.39 63.92497599999999
1406.25 64.72347599999999
1412.11 65.46197599999999
1417.97 66.14747599999998
1423.83 66.78537599999999
1429.69 67.37987599999998
1435.55 67.93477599999999
1441.41 68.45287599999999
1447.27 68.936776
1453.12 69.38887599999998
1458.98 69.81097599999998
1464.84 70.205176
1470.7 70.57307599999999
1476.56 70.916176
1482.42 71.23617599999999
1488.28 71.53447599999998
1494.14 71.81247599999999
1500.0 72.071576
1505.86 72.31297599999999
1511.72 72.53807599999999
1517.58 72.747976
1523.44 72.94407599999998
1529.3 73.12737599999998
1535.16 73.29907599999999
1541.02 73.460276
1546.88 73.61197599999998
1552.73 73.75507599999999
1558.59 73.89067599999998
1564.45 74.019376
1570.31 74.14217599999999
1576.17 74.25977599999999
1582.03 74.37267599999998
1587.89 74.48177599999998
1593.75 74.58727599999999
1599.61 74.68987599999998
1605.47 74.78977599999999
1611.33 74.88737599999999
1617.19 74.982976
1623.05 75.07677599999998
1628.91 75.168776
1634.77 75.25927599999999
1640.62 75.34807599999999
1646.48 75.43537599999999
1652.34 75.52117599999998
1658.2 75.60517599999999
1664.06 75.68757599999999
1669.92 75.768076
1675.78 75.84657599999998
1681.64 75.923076
1687.5 75.99747599999999
1693.36 76.069476
1699.22 76.13907599999999
1705.08 76.20617599999999
1710.94 76.27057599999999
1716.8 76.33237599999998
1722.66 76.391376
1728.52 76.44757599999998
1734.38 76.500976
1740.23 76.551476
1746.09 76.598976
1751.95 76.64367599999999
1757.81 76.685476
1763.67 76.72437599999999
1769.53 76.76047599999998
1775.39 76.79367599999999
1781.25 76.82407599999999
1787.11 76.85177599999999
1792.97 76.87657599999999
1798.83 76.89857599999999
1804.69 76.91787599999999
1810.55 76.93427599999998
1816.41 76.947876
1822.27 76.958576
1828.12 76.966276
1833.98 76.970976
1839.84 76.97247599999999
1845.7 76.97077599999999
1851.56 76.96557599999998
1857.42 76.95697599999998
1863.28 76.94457599999998
1869.14 76.92847599999999
1875.0 76.90827599999999
1880.86 76.88387599999999
1886.72 76.85527599999999
1892.58 76.82207599999998
1898.44 76.78427599999999
1904.3 76.74177599999999
1910.16 76.69427599999999
1916.02 76.641776
1921.88 76.58417599999999
1927.73 76.52147599999999
1933.59 76.45357599999998
1939.45 76.38047599999999
1945.31 76.30217599999999
1951.17 76.21877599999999
1957.03 76.13037599999998
1962.89 76.03707599999998
1968.75 75.93917599999999
1974.61 75.83677599999999
1980.47 75.73017599999999
1986.33 75.61967599999998
1992.19 75.50577599999998
1998.05 75.38867599999999
2003.91 75.26897599999998
2009.77 75.14717599999999
2015.62 75.02387599999999
2021.48 74.89957599999998
2027.34 74.77487599999999
2033.2 74.65067599999999
2039.06 74.52757599999998
2044.92 74.40627599999999
2050.78 74.28767599999999
2056.64 74.17247599999999
2062.5 74.06157599999999
2068.36 73.955576
2074.22 73.85547599999998
2080.08 73.76187599999999
2085.94 73.67557599999999
2091.8 73.59697599999998
2097.66 73.52677599999998
2103.52 73.46537599999999
2109.38 73.41297599999999
2115.23 73.36987599999999
2121.09 73.33607599999999
2126.95 73.31157599999999
2132.81 73.29597599999998
2138.67 73.289076
2144.53 73.29047599999998
2150.39 73.29937599999998
2156.25 73.31527599999998
2162.11 73.33737599999999
2167.97 73.36487599999998
2173.83 73.39687599999999
2179.69 73.43257599999998
2185.55 73.47117599999999
2191.41 73.511676
2197.27 73.55327599999998
2203.12 73.59517599999998
2208.98 73.63677599999998
2214.84 73.67717599999999
2220.7 73.71597599999998
2226.56 73.75237599999998
2232.42 73.786076
2238.28 73.816476
2244.14 73.84327599999999
2250.0 73.86617599999998
2255.86 73.884976
2261.72 73.89937599999999
2267.58 73.909376
2273.44 73.91477599999999
2279.3 73.91557599999999
2285.16 73.91177599999999
2291.02 73.90347599999998
2296.88 73.89057599999998
2302.73 73.87347599999998
2308.59 73.851976
2314.45 73.82647599999999
2320.31 73.79707599999999
2326.17 73.76387599999998
2332.03 73.72717599999999
2337.89 73.687176
2343.75 73.64407599999998
2349.61 73.59817599999998
2355.47 73.54957599999999
2361.33 73.49867599999999
2367.19 73.44567599999999
2373.05 73.39067599999998
2378.91 73.33417599999999
2384.77 73.27627599999998
2390.62 73.21717599999998
2396.48 73.15727599999998
2402.34 73.09667599999999
2408.2 73.03577599999998
2414.06 72.97467599999999
2419.92 72.91367599999998
2425.78 72.85307599999999
2431.64 72.79297599999998
2437.5 72.73367599999999
2443.36 72.67537599999999
2449.22 72.61837599999998
2455.08 72.56277599999999
2460.94 72.50897599999999
2466.8 72.45707599999999
2472.66 72.40727599999998
2478.52 72.35997599999999
2484.38 72.31537599999999
2490.23 72.273676
2496.09 72.23517599999998
2501.95 72.20017599999998
2507.81 72.15607599999998
2513.67 72.131076
2519.53 72.12197599999999
2525.39 72.10397599999999
2531.25 72.09077599999999
2537.11 72.08277599999998
2542.97 72.08007599999999
2548.83 72.08307599999999
2554.69 72.09167599999999
2560.55 72.10617599999999
2566.41 72.12667599999999
2572.27 72.15307599999998
2578.12 72.18527599999999
2583.98 72.22337599999999
2589.84 72.26697599999999
2595.7 72.31597599999999
2601.56 72.37007599999998
2607.42 72.42877599999998
2613.28 72.49167599999998
2619.14 72.55837599999998
2625.0 72.62817599999998
2630.86 72.70067599999999
2636.72 72.77517599999999
2642.58 72.85107599999999
2648.44 72.927776
2654.3 73.00457599999999
2660.16 73.08087599999999
2666.02 73.15597599999998
2671.88 73.22937599999999
2677.73 73.30037599999999
2683.59 73.36847599999999
2689.45 73.43327599999999
2695.31 73.49407599999999
2701.17 73.55057599999999
2707.03 73.60247599999998
2712.89 73.64927599999999
2718.75 73.69067599999998
2724.61 73.726576
2730.47 73.75667599999998
2736.33 73.78097599999998
2742.19 73.79917599999999
2748.05 73.81137599999998
2753.91 73.81747599999998
2759.77 73.81757599999999
2765.62 73.81187599999998
2771.48 73.80037599999999
2777.34 73.78317599999998
2783.2 73.76067599999999
2789.06 73.73307599999998
2794.92 73.70057599999998
2800.78 73.66347599999999
2806.64 73.62217599999998
2812.5 73.57697599999999
2818.36 73.52827599999999
2824.22 73.47647599999999
2830.08 73.42197599999999
2835.94 73.36517599999999
2841.8 73.30657599999999
2847.66 73.24647599999999
2853.52 73.18537599999999
2859.38 73.12367599999999
2865.23 73.061776
2871.09 73.00017599999998
2876.95 72.93917599999999
2882.81 72.87917599999999
2888.67 72.82047599999999
2894.53 72.76347599999998
2900.39 72.70837599999999
2906.25 72.65557599999998
2912.11 72.60527599999999
2917.97 72.55767599999999
2923.83 72.51307599999998
2929.69 72.47137599999999
2935.55 72.43297599999998
2941.41 72.397776
2947.27 72.36597599999999
2953.12 72.33747599999998
2958.98 72.31247599999999
2964.84 72.29097599999999
2970.7 72.27287599999998
2976.56 72.25817599999999
2982.42 72.24687599999999
2988.28 72.238976
2994.14 72.23437599999998
3000.0 72.23317599999999
3005.86 72.23517599999998
3011.72 72.24047599999999
3017.58 72.24897599999998
3023.44 72.26067599999999
3029.3 72.27547599999998
3035.16 72.29337599999998
3041.02 72.31427599999999
3046.88 72.33817599999999
3052.73 72.36507599999999
3058.59 72.394776
3064.45 72.42717599999999
3070.31 72.46227599999999
3076.17 72.49977599999998
3082.03 72.53967599999999
3087.89 72.58167599999999
3093.75 72.62567599999998
3099.61 72.67127599999999
3105.47 72.71837599999999
3111.33 72.76667599999999
3117.19 72.81577599999999
3123.05 72.86537599999998
3128.91 72.91517599999999
3134.77 72.96487599999999
3140.62 73.01397599999999
3146.48 73.06207599999999
3152.34 73.10897599999998
3158.2 73.15407599999999
3164.06 73.19707599999998
3169.92 73.237676
3175.78 73.275376
3181.64 73.30977599999999
3187.5 73.34067599999999
3193.36 73.36767599999999
3199.22 73.39047599999999
3205.08 73.40867599999999
3210.94 73.42227599999998
3216.8 73.430776
3222.66 73.43427599999998
3228.52 73.43237599999999
3234.38 73.42497599999999
3240.23 73.41217599999999
3246.09 73.39377599999999
3251.95 73.36987599999999
3257.81 73.34037599999999
3263.67 73.30547599999998
3269.53 73.26537599999999
3275.39 73.22007599999999
3281.25 73.16997599999999
3287.11 73.11517599999999
3292.97 73.05597599999999
3298.83 72.99297599999998
3304.69 72.92627599999999
3310.55 72.85647599999999
3316.41 72.78407599999998
3322.27 72.70937599999999
3328.12 72.63317599999999
3333.98 72.55587599999998
3339.84 72.47807599999999
3345.7 72.40047599999998
3351.56 72.32357599999999
3357.42 72.24807599999998
3363.28 72.17447599999998
3369.14 72.10347599999999
3375.0 72.03557599999999
3380.86 71.97127599999999
3386.72 71.91117599999998
3392.58 71.85557599999999
3398.44 71.804876
3404.3 71.75937599999999
3410.16 71.71937599999998
3416.02 71.68497599999999
3421.88 71.65617599999999
3427.73 71.63297599999999
3433.59 71.61537599999998
3439.45 71.60317599999999
3445.31 71.595976
3451.17 71.59377599999999
3457.03 71.595976
3462.89 71.60237599999999
3468.75 71.61247599999999
3474.61 71.62587599999999
3480.47 71.64207599999999
3486.33 71.66067599999998
3492.19 71.68127599999998
3498.05 71.703476
3503.91 71.72687599999999
3509.77 71.75107599999998
3515.62 71.775776
3521.48 71.80077599999998
3527.34 71.82577599999999
3533.2 71.85047599999999
3539.06 71.87477599999998
3544.92 71.898676
3550.78 71.921776
3556.64 71.94437599999999
3562.5 71.96607599999999
3568.36 71.98707599999999
3574.22 72.007376
3580.08 72.02687599999999
3585.94 72.04557599999998
3591.8 72.06357599999998
3597.66 72.08087599999999
3603.52 72.09757599999999
3609.38 72.11347599999999
3615.23 72.12867599999998
3621.09 72.143076
3626.95 72.156776
3632.81 72.16947599999999
3638.67 72.18127599999998
3644.53 72.19197599999998
3650.39 72.20137599999998
3656.25 72.20937599999999
3662.11 72.215876
3667.97 72.22047599999999
3673.83 72.22307599999999
3679.69 72.22347599999999
3685.55 72.22147599999998
3691.41 72.21667599999999
3697.27 72.20907599999998
3703.12 72.19827599999999
3708.98 72.184176
3714.84 72.16647599999999
3720.7 72.14517599999999
3726.56 72.119976
3732.42 72.09077599999999
3738.28 72.057476
3744.14 72.02017599999999
3750.0 71.978676
3755.86 71.93307599999999
3761.72 71.88347599999999
3767.58 71.82997599999999
3773.44 71.772776
3779.3 71.71207599999998
3785.16 71.64807599999999
3791.02 71.58137599999999
3796.88 71.512076
3802.73 71.44087599999999
3808.59 71.36807599999999
3814.45 71.29427599999998
3820.31 71.22007599999999
3826.17 71.14617599999998
3832.03 71.07317599999999
3837.89 71.00167599999999
3843.75 70.93257599999998
3849.61 70.86637599999999
3855.47 70.80387599999999
3861.33 70.74567599999999
3867.19 70.69247599999998
3873.05 70.64457599999999
3878.91 70.60267599999999
3884.77 70.56707599999999
3890.62 70.53797599999999
3896.48 70.51567599999998
3902.34 70.49997599999999
3908.2 70.49107599999999
3914.06 70.48847599999999
3919.92 70.49207599999998
3925.78 70.501376
3931.64 70.51577599999999
3937.5 70.53467599999999
3943.36 70.557476
3949.22 70.58337599999999
3955.08 70.61157599999999
3960.94 70.641376
3966.8 70.67197599999999
3972.66 70.70247599999999
3978.52 70.73227599999998
3984.38 70.76047599999998
3990.23 70.78657599999998
3996.09 70.80967599999998
4001.95 70.82947599999999
4007.81 70.84517599999998
4013.67 70.85637599999998
4019.53 70.86257599999999
4025.39 70.86337599999999
4031.25 70.85857599999999
4037.11 70.84767599999999
4042.97 70.830576
4048.83 70.80697599999999
4054.69 70.776676
4060.55 70.73977599999999
4066.41 70.69587599999998
4072.27 70.64527599999998
4078.12 70.58767599999999
4083.98 70.52337599999998
4089.84 70.45227599999998
4095.7 70.374676
4101.56 70.29067599999999
4107.42 70.20057599999998
4113.28 70.10467599999998
4119.14 70.00327599999999
4125.0 69.89687599999999
4130.86 69.786076
4136.72 69.67137599999998
4142.58 69.55337599999999
4148.44 69.43307599999999
4154.3 69.31107599999999
4160.16 69.188476
4166.02 69.06617599999998
4171.88 68.94537599999998
4177.73 68.77157599999998
4183.59 68.66007599999999
4189.45 68.55427599999999
4195.31 68.50797599999999
4201.17 68.41327599999998
4207.03 68.32697599999999
4212.89 68.25007599999999
4218.75 68.18347599999998
4224.61 68.12777599999998
4230.47 68.08337599999999
4236.33 68.05087599999999
4242.19 68.030076
4248.05 68.021076
4253.91 68.02347599999999
4259.77 68.03687599999999
4265.62 68.06057599999998
4271.48 68.093876
4277.34 68.13587599999998
4283.2 68.18557599999998
4289.06 68.24207599999998
4294.92 68.30427599999999
4300.78 68.37137599999998
4306.64 68.44247599999998
4312.5 68.51647599999998
4318.36 68.59277599999999
4324.22 68.67067599999999
4330.08 68.74937599999998
4335.94 68.828476
4341.8 68.90747599999999
4347.66 68.985976
4353.52 69.06367599999999
4359.38 69.14047599999999
4365.23 69.21617599999999
4371.09 69.29057599999999
4376.95 69.36387599999999
4382.81 69.435876
4388.67 69.50687599999999
4394.53 69.57687599999998
4400.39 69.64597599999999
4406.25 69.71447599999999
4412.11 69.78237599999999
4417.97 69.85007599999999
4423.83 69.917476
4429.69 69.98507599999999
4435.55 70.052776
4441.41 70.12087599999998
4447.27 70.18927599999999
4453.12 70.25837599999998
4458.98 70.32797599999999
4464.84 70.39817599999999
4470.7 70.46897599999998
4476.56 70.54027599999999
4482.42 70.61197599999998
4488.28 70.68387599999998
4494.14 70.75597599999999
4500.0 70.82787599999999
4505.86 70.89947599999999
4511.72 70.97047599999999
4517.58 71.04057599999999
4523.44 71.10947599999999
4529.3 71.17677599999999
4535.16 71.24227599999999
4541.02 71.30567599999999
4546.88 71.36647599999999
4552.73 71.42437599999998
4558.59 71.47907599999999
4564.45 71.53027599999999
4570.31 71.577576
4576.17 71.62067599999999
4582.03 71.65927599999999
4587.89 71.69297599999999
4593.75 71.72147599999998
4599.61 71.74457599999998
4605.47 71.76197599999999
4611.33 71.77327599999998
4617.19 71.77827599999999
4623.05 71.77687599999999
4628.91 71.76857599999998
4634.77 71.75337599999999
4640.62 71.73097599999998
4646.48 71.701276
4652.34 71.66397599999999
4658.2 71.61907599999999
4664.06 71.566476
4669.92 71.506076
4675.78 71.43787599999999
4681.64 71.36197599999998
4687.5 71.27827599999999
4693.36 71.187176
4699.22 71.08877599999998
4705.08 70.98337599999999
4710.94 70.87147599999999
4716.8 70.75367599999998
4722.66 70.630676
4728.52 70.50317599999998
4734.38 70.37227599999999
4740.23 70.23927599999999
4746.09 70.10547599999998
4751.95 69.97257599999999
4757.81 69.842576
4763.67 69.71747599999999
4769.53 69.59967599999999
4775.39 69.49167599999998
4781.25 69.39627599999999
4787.11 69.31607599999998
4792.97 69.25377599999999
4798.83 69.21217599999999
4804.69 69.193576
4810.55 69.19987599999999
4816.41 69.23277599999999
4822.27 69.29307599999999
4828.12 69.38137599999999
4833.98 69.49717599999998
4839.84 69.63977599999998
4845.7 69.80757599999998
4851.56 69.99867599999999
4857.42 70.21077599999998
4863.28 70.44117599999998
4869.14 70.68737599999999
4875.0 70.94647599999999
4880.86 71.215876
4886.72 71.49287599999998
4892.58 71.775376
4898.44 72.06097599999998
4904.3 72.34787599999999
4910.16 72.63447599999999
4916.02 72.919176
4921.88 73.20077599999999
4927.73 73.47837599999998
4933.59 73.75087599999999
4939.45 74.01777599999998
4945.31 74.27847599999998
4951.17 74.53237599999999
4957.03 74.77927599999998
4962.89 75.01897599999998
4968.75 75.25107599999998
4974.61 75.47557599999999
4980.47 75.69247599999998
4986.33 75.901676
4992.19 76.10307599999999
4998.05 76.29687599999998
5003.91 76.48307599999998
5009.77 76.66177599999999
5015.62 76.83297599999999
5021.48 76.99687599999999
5027.34 77.15347599999998
5033.2 77.30297599999999
5039.06 77.44537599999998
5044.92 77.58087599999999
5050.78 77.70957599999998
5056.64 77.83147599999998
5062.5 77.94677599999999
5068.36 78.05547599999998
5074.22 78.15767599999998
5080.08 78.25337599999999
5085.94 78.34287599999999
5091.8 78.42597599999999
5097.66 78.50287599999999
5103.52 78.57347599999999
5109.38 78.637976
5115.23 78.69637599999999
5121.09 78.74867599999999
5126.95 78.79487599999999
5132.81 78.83507599999999
5138.67 78.86917599999998
5144.53 78.897376
5150.39 78.91967599999998
5156.25 78.93607599999999
5162.11 78.946576
5167.97 78.951276
5173.83 78.95027599999999
5179.69 78.943576
5185.55 78.93127599999998
5191.41 78.91347599999999
5197.27 78.89017599999998
5203.12 78.86157599999999
5208.98 78.82777599999999
5214.84 78.78877599999998
5220.7 78.744976
5226.56 78.69627599999998
5232.42 78.64287599999999
5238.28 78.58507599999999
5244.14 78.52297599999999
5250.0 78.45677599999999
5255.86 78.386676
5261.72 78.31287599999999
5267.58 78.23567599999998
5273.44 78.15517599999998
5279.3 78.07177599999999
5285.16 77.985576
5291.02 77.89687599999999
5296.88 77.80597599999999
5302.73 77.71307599999999
5308.59 77.61847599999999
5314.45 77.52247599999998
5320.31 77.42527599999998
5326.17 77.327176
5332.03 77.22837599999998
5337.89 77.12917599999999
5343.75 77.02977599999998
5349.61 76.93037599999998
5355.47 76.83137599999999
5361.33 76.73277599999999
5367.19 76.63487599999999
5373.05 76.537776
5378.91 76.44167599999999
5384.77 76.34677599999999
5390.62 76.25317599999998
5396.48 76.16087599999999
5402.34 76.07007599999999
5408.2 75.98077599999999
5414.06 75.89317599999998
5419.92 75.80707599999998
5425.78 75.72277599999998
5431.64 75.640076
5437.5 75.55907599999999
5443.36 75.47977599999999
5449.22 75.40217599999998
5455.08 75.326276
5460.94 75.25197599999998
5466.8 75.17927599999999
5472.66 75.10827599999999
5478.52 75.03887599999999
5484.38 74.97107599999998
5490.23 74.90487599999999
5496.09 74.84027599999999
5501.95 74.77727599999999
5507.81 74.71577599999999
5513.67 74.65597599999998
5519.53 74.59767599999999
5525.39 74.54107599999999
5531.25 74.48607599999998
5537.11 74.43267599999999
5542.97 74.38097599999999
5548.83 74.33077599999999
5554.69 74.28227599999998
5560.55 74.23537599999999
5566.41 74.19007599999999
5572.27 74.14627599999999
5578.12 74.10407599999999
5583.98 74.06317599999998
5589.84 74.02377599999998
5595.7 73.98567599999998
5601.56 73.94887599999998
5607.42 73.91317599999999
5613.28 73.87847599999999
5619.14 73.84477599999998
5625.0 73.81187599999998
5630.86 73.77967599999998
5636.72 73.74807599999998
5642.58 73.71697599999999
5648.44 73.68627599999999
5654.3 73.65577599999999
5660.16 73.62547599999999
5666.02 73.59527599999998
5671.88 73.56497599999999
5677.73 73.53467599999999
5683.59 73.50427599999999
5689.45 73.47367599999998
5695.31 73.44277599999998
5701.17 73.41177599999999
5707.03 73.38047599999999
5712.89 73.348976
5718.75 73.31727599999999
5724.61 73.28537599999999
5730.47 73.25337599999999
5736.33 73.22137599999999
5742.19 73.18927599999999
5748.05 73.15717599999999
5753.91 73.12507599999999
5759.77 73.09317599999999
5765.62 73.06137599999998
5771.48 73.02977599999998
5777.34 72.99827599999999
5783.2 72.96697599999999
5789.06 72.935876
5794.92 72.90477599999998
5800.78 72.87377599999999
5806.64 72.84267599999998
5812.5 72.81137599999998
5818.36 72.77967599999998
5824.22 72.74757599999998
5830.08 72.71467599999998
5835.94 72.68087599999998
5841.8 72.64587599999999
5847.66 72.60947599999999
5853.52 72.550176
5859.38 72.508676
5865.23 72.46467599999998
5871.09 72.43947599999998
5876.95 72.39077599999999
5882.81 72.33867599999999
5888.67 72.28277599999998
5894.53 72.22287599999999
5900.39 72.158476
5906.25 72.08937599999999
5912.11 72.015076
5917.97 71.93527599999999
5923.83 71.84977599999999
5929.69 71.75807599999999
5935.55 71.65997599999999
5941.41 71.55517599999999
5947.27 71.44337599999999
5953.12 71.32427599999998
5958.98 71.19777599999999
5964.84 71.06337599999999
5970.7 70.92097599999998
5976.56 70.77047599999999
5982.42 70.61147599999998
5988.28 70.44397599999999
5994.14 70.26777599999998
6000.0 70.08277599999998
6005.86 69.88897599999999
6011.72 69.68617599999999
6017.58 69.47437599999999
6023.44 69.25387599999999
6029.3 69.02457599999998
6035.16 68.78677599999999
6041.02 68.540776
6046.88 68.28687599999999
6052.73 68.025776
6058.59 67.75797599999999
6064.45 67.484276
6070.31 67.20567599999998
6076.17 66.92337599999999
6082.03 66.63857599999999
6087.89 66.35297599999998
6093.75 66.06807599999999
6099.61 65.78577599999998
6105.47 65.50817599999999
6111.33 65.237276
6117.19 64.975276
6123.05 64.72417599999999
6128.91 64.48607599999998
6134.77 64.26287599999999
6140.62 64.05597599999999
6146.48 63.86677599999999
6152.34 63.69597599999999
6158.2 63.54397599999999
6164.06 63.410775999999984
6169.92 63.29587599999999
6175.78 63.19827599999999
6181.64 63.116675999999984
6187.5 63.049475999999984
6193.36 62.99487599999999
6199.22 62.950875999999994
6205.08 62.915475999999984
6210.94 62.88657599999999
6216.8 62.862275999999994
6222.66 62.84077599999999
6228.52 62.82037599999998
6234.38 62.79957599999999
6240.23 62.777075999999994
6246.09 62.75177599999999
6251.95 62.72297599999999
6257.81 62.689775999999995
6263.67 62.651775999999984
6269.53 62.608575999999985
6275.39 62.56007599999998
6281.25 62.50617599999998
6287.11 62.44697599999999
6292.97 62.38267599999999
6298.83 62.31377599999999
6304.69 62.24047599999999
6310.55 62.163375999999985
6316.41 62.08297599999999
6322.27 61.99997599999999
6328.12 61.91497599999998
6333.98 61.828575999999984
6339.84 61.74147599999999
6345.7 61.65427599999998
6351.56 61.56757599999999
6357.42 61.481875999999986
6363.28 61.39757599999999
6369.14 61.31497599999999
6375.0 61.23417599999999
6380.86 61.15537599999999
6386.72 61.078475999999995
6392.58 61.003275999999985
6398.44 60.92927599999999
6404.3 60.85617599999999
6410.16 60.78317599999998
6416.02 60.70977599999999
6421.88 60.635075999999984
6427.73 60.55827599999999
6433.59 60.478275999999994
6439.45 60.39427599999999
6445.31 60.30517599999999
6451.17 60.20997599999998
6457.03 60.107575999999995
6462.89 59.99697599999999
6468.75 59.87717599999999
6474.61 59.74697599999999
6480.47 59.60527599999999
6486.33 59.45117599999999
6492.19 59.28347599999999
6498.05 59.100875999999985
6503.91 58.90237599999999
6509.77 58.68657599999999
6515.62 58.45207599999999
6521.48 58.197575999999984
6527.34 57.92127599999999
6533.2 57.621375999999984
6539.06 57.296075999999985
6544.92 56.94307599999999
6550.78 56.559775999999985
6556.64 56.14347599999999
6562.5 55.69087599999999
6568.36 55.19827599999999
6574.22 54.66117599999998
6580.08 54.07467599999998
6585.94 53.43297599999998
6591.8 52.729275999999984
6597.66 51.95607599999998
6603.52 51.10577599999999
6609.38 50.17187599999998
6615.23 49.15357599999999
6621.09 48.06457599999999
6626.95 46.948075999999986
6632.81 45.884275999999986
6638.67 44.96807599999999
6644.53 44.270175999999985
6650.39 43.826875999999984
6656.25 43.65197599999999
6662.11 43.74827599999999
6667.97 44.11057599999999
6673.83 44.71957599999999
6679.69 45.52797599999999
6685.55 46.45347599999999
6691.41 47.40127599999998
6697.27 48.30287599999998
6703.12 49.126975999999985
6708.98 49.86637599999999
6714.84 50.52447599999999
6720.7 51.10877599999999
6726.56 51.62707599999999
6732.42 52.086775999999986
6738.28 52.49447599999999
6744.14 52.85607599999999
6750.0 53.176475999999994
6755.86 53.46017599999999
6761.72 53.71107599999999
6767.58 53.932475999999994
6773.44 54.12757599999999
6779.3 54.299075999999985
6785.16 54.44947599999999
6791.02 54.581175999999985
6796.88 54.69637599999999
6802.73 54.796775999999994
6808.59 54.88447599999999
6814.45 54.96097599999999
6820.31 55.02797599999998
6826.17 55.08687599999999
6832.03 55.138975999999985
6837.89 55.18537599999999
6843.75 55.22737599999999
6849.61 55.26577599999999
6855.47 55.301475999999994
6861.33 55.33497599999998
6867.19 55.36687599999999
6873.05 55.39767599999999
6878.91 55.42757599999999
6884.77 55.45667599999999
6890.62 55.48517599999998
6896.48 55.51287599999999
6902.34 55.53987599999999
6908.2 55.56587599999999
6914.06 55.59077599999999
6919.92 55.61437599999999
6925.78 55.63657599999999
6931.64 55.65727599999998
6937.5 55.676475999999994
6943.36 55.694175999999985
6949.22 55.710475999999986
6955.08 55.72567599999999
6960.94 55.74007599999999
6966.8 55.75417599999999
6972.66 55.76857599999998
6978.52 55.783675999999986
6984.38 55.800375999999986
6990.23 55.819175999999985
6996.09 55.840875999999994
7001.95 55.86617599999998
7007.81 55.895675999999995
7013.67 55.92997599999998
7019.53 55.969275999999994
7025.39 56.01387599999998
7031.25 56.06387599999999
7037.11 56.11907599999999
7042.97 56.17907599999998
7048.83 56.243275999999994
7054.69 56.31097599999998
7060.55 56.38107599999999
7066.41 56.45237599999999
7072.27 56.52357599999999
7078.12 56.593175999999985
7083.98 56.65957599999999
7089.84 56.721175999999986
7095.7 56.77627599999998
7101.56 56.82317599999999
7107.42 56.86017599999998
7113.28 56.88567599999999
7119.14 56.89807599999999
7125.0 56.89587599999999
7130.86 56.877875999999986
7136.72 56.84297599999999
7142.58 56.790075999999985
7148.44 56.71867599999999
7154.3 56.62857599999998
7160.16 56.519975999999986
7166.02 56.393675999999985
7171.88 56.25147599999998
7177.73 56.09597599999999
7183.59 55.93097599999999
7189.45 55.761675999999994
7195.31 55.59477599999998
7201.17 55.43827599999999
7207.03 55.301475999999994
7212.89 55.19467599999999
7218.75 55.127875999999986
7224.61 55.110575999999995
7230.47 55.150375999999994
7236.33 55.252875999999986
7242.19 55.420675999999986
7248.05 55.65317599999999
7253.91 55.94697599999999
7259.77 56.29587599999999
7265.62 56.69157599999998
7271.48 57.124275999999995
7277.34 57.58387599999999
7283.2 58.060475999999994
7289.06 58.545075999999995
7294.92 59.02987599999999
7300.78 59.50877599999998
7306.64 59.976575999999994
7312.5 60.42977599999999
7318.36 60.86567599999999
7324.22 61.28247599999999
7330.08 61.67887599999999
7335.94 62.05427599999999
7341.8 62.40837599999999
7347.66 62.740875999999986
7353.52 63.052075999999985
7359.38 63.34207599999999
7365.23 63.61127599999999
7371.09 63.85997599999999
7376.95 64.08867599999999
7382.81 64.29767599999998
7388.67 64.487676
7394.53 64.65897599999998
7400.39 64.812176
7406.25 64.947876
7412.11 65.066476
7417.97 65.16887599999998
7423.83 65.25537599999998
7429.69 65.32697599999999
7435.55 65.384076
7441.41 65.427776
7447.27 65.458576
7453.12 65.47767599999999
7458.98 65.48577599999999
7464.84 65.48387599999998
7470.7 65.47317599999998
7476.56 65.45457599999999
7482.42 65.42937599999999
7488.28 65.398676
7494.14 65.36367599999998
7500.0 65.32557599999998
7505.86 65.28547599999999
7511.72 65.24447599999999
7517.58 65.203876
7523.44 65.14767599999999
7529.3 65.112276
7535.16 65.08007599999999
7541.02 65.05137599999999
7546.88 65.04237599999999
7552.73 65.019776
7558.59 65.00117599999999
7564.45 64.98637599999999
7570.31 64.97537599999998
7576.17 64.96747599999999
7582.03 64.96227599999999
7587.89 64.95907599999998
7593.75 64.95707599999999
7599.61 64.95537599999999
7605.47 64.95307599999998
7611.33 64.94927599999998
7617.19 64.94277599999998
7623.05 64.932876
7628.91 64.91837599999998
7634.77 64.89857599999999
7640.62 64.87257599999998
7646.48 64.839576
7652.34 64.79907599999999
7658.2 64.75037599999999
7664.06 64.69297599999999
7669.92 64.62677599999999
7675.78 64.55137599999999
7681.64 64.46687599999998
7687.5 64.37327599999999
7693.36 64.27097599999999
7699.22 64.16017599999999
7705.08 64.04167599999998
7710.94 63.91617599999999
7716.8 63.784475999999984
7722.66 63.64787599999998
7728.52 63.50767599999999
7734.38 63.36507599999999
7740.23 63.221975999999984
7746.09 63.07977599999998
7751.95 62.94047599999999
7757.81 62.805875999999984
7763.67 62.67767599999999
7769.53 62.55767599999999
7775.39 62.447475999999995
7781.25 62.34867599999998
7787.11 62.262275999999986
7792.97 62.18937599999998
7798.83 62.130675999999994
7804.69 62.08637599999999
7810.55 62.05647599999999
7816.41 62.04067599999999
7822.27 62.03827599999998
7828.12 62.048475999999994
7833.98 62.069875999999994
7839.84 62.10137599999999
7845.7 62.141375999999994
7851.56 62.188475999999994
7857.42 62.24097599999999
7863.28 62.29747599999999
7869.14 62.35657599999999
7875.0 62.41687599999999
7880.86 62.47727599999999
7886.72 62.53677599999999
7892.58 62.594475999999986
7898.44 62.64977599999999
7904.3 62.702175999999994
7910.16 62.75127599999999
7916.02 62.79697599999999
7921.88 62.839175999999995
7927.73 62.87807599999999
7933.59 62.91387599999999
7939.45 62.94687599999999
7945.31 62.97767599999999
7951.17 63.006675999999985
7957.03 63.034375999999995
7962.89 63.061475999999985
7968.75 63.08857599999999
7974.61 63.11637599999999
7980.47 63.14547599999999
7986.33 63.17637599999999
7992.19 63.209575999999984
7998.05 63.24577599999999
8003.91 63.28517599999999
8009.77 63.32827599999999
8015.62 63.37517599999998
8021.48 63.426075999999995
8027.34 63.48107599999999
8033.2 63.54017599999999
8039.06 63.603275999999994
8044.92 63.670175999999984
8050.78 63.74077599999998
8056.64 63.81457599999999
8062.5 63.891375999999994
8068.36 63.97087599999999
8074.22 64.05257599999999
8080.08 64.13607599999999
8085.94 64.22107599999998
8091.8 64.30707599999998
8097.66 64.39367599999999
8103.52 64.48047599999998
8109.38 64.56717599999999
8115.23 64.653376
8121.09 64.73877599999999
8126.95 64.82297599999998
8132.81 64.90587599999999
8138.67 64.98697599999998
8144.53 65.06617599999998
8150.39 65.14317599999998
8156.25 65.21787599999999
8162.11 65.28987599999999
8167.97 65.35917599999999
8173.83 65.42557599999999
8179.69 65.48877599999999
8185.55 65.54877599999999
8191.41 65.60527599999999
8197.27 65.65817599999998
8203.12 65.70747599999999
8208.98 65.75277599999998
8214.84 65.79407599999999
8220.7 65.83137599999999
8226.56 65.86427599999999
8232.42 65.89287599999999
8238.28 65.91697599999999
8244.14 65.93647599999998
8250.0 65.951276
8255.86 65.96127599999998
8261.72 65.96637599999998
8267.58 65.96657599999999
8273.44 65.96177599999999
8279.3 65.95187599999998
8285.16 65.936776
8291.02 65.91667599999998
8296.88 65.891376
8302.73 65.86087599999999
8308.59 65.82527599999999
8314.45 65.78447599999998
8320.31 65.73867599999998
8326.17 65.68777599999999
8332.03 65.63187599999999
8337.89 65.571176
8343.75 65.505676
8349.61 65.43557599999998
8355.47 65.36087599999999
8361.33 65.28187599999998
8367.19 65.19867599999999
8373.05 65.11157599999999
8378.91 65.020676
8384.77 64.92627599999999
8390.62 64.82867599999999
8396.48 64.72807599999999
8402.34 64.62487599999999
8408.2 64.51927599999999
8414.06 64.41167599999999
8419.92 64.30247599999998
8425.78 64.19197599999998
8431.64 64.08047599999999
8437.5 63.96847599999998
8443.36 63.85637599999998
8449.22 63.74447599999999
8455.08 63.63327599999998
8460.94 63.52317599999999
8466.8 63.414675999999986
8472.66 63.30817599999999
8478.52 63.20417599999999
8484.38 63.10317599999999
8490.23 63.00577599999998
8496.09 62.91227599999999
8501.95 62.823475999999985
8507.81 62.73987599999998
8513.67 62.66217599999999
8519.53 62.59077599999999
8525.39 62.52657599999999
8531.25 62.46997599999999
8537.11 62.42187599999998
8542.97 62.38267599999999
8548.83 62.352975999999984
8554.69 62.33337599999999
8560.55 62.32427599999998
8566.41 62.326075999999986
8572.27 62.33897599999999
8578.12 62.36317599999998
8583.98 62.39857599999999
8589.84 62.44517599999999
8595.7 62.50257599999999
8601.56 62.570475999999985
8607.42 62.64817599999999
8613.28 62.73497599999999
8619.14 62.830175999999994
8625.0 62.93287599999999
8630.86 63.04187599999999
8636.72 63.15627599999999
8642.58 63.27487599999999
8648.44 63.396675999999985
8654.3 63.52047599999999
8660.16 63.64517599999999
8666.02 63.76967599999999
8671.88 63.89307599999999
8677.73 64.01437599999998
8683.59 64.13267599999999
8689.45 64.24717599999998
8695.31 64.35737599999999
8701.17 64.46237599999999
8707.03 64.56187599999998
8712.89 64.65527599999999
8718.75 64.742376
8724.61 64.822876
8730.47 64.89667599999999
8736.33 64.96347599999999
8742.19 65.02347599999999
8748.05 65.07667599999999
8753.91 65.12317599999999
8759.77 65.16327599999998
8765.62 65.19707599999998
8771.48 65.224876
8777.34 65.24727599999999
8783.2 65.26437599999998
8789.06 65.27677599999998
8794.92 65.28487599999998
8800.78 65.289076
8806.64 65.28997599999998
8812.5 65.28797599999999
8818.36 65.28357599999998
8824.22 65.27727599999999
8830.08 65.26947599999998
8835.94 65.26047599999998
8841.8 65.25067599999998
8847.66 65.24037599999998
8853.52 65.22977599999999
8859.38 65.21907599999999
8865.23 65.20827599999998
8871.09 65.197476
8876.95 65.18657599999999
8882.81 65.17537599999999
8888.67 65.16367599999998
8894.53 65.15107599999999
8900.39 65.13747599999999
8906.25 65.12217599999998
8912.11 65.10487599999999
8917.97 65.084876
8923.83 65.06187599999998
8929.69 65.03507599999999
8935.55 65.003976
8941.41 64.967976
8947.27 64.926476
8953.12 64.878976
8958.98 64.82497599999999
8964.84 64.76387599999998
8970.7 64.69527599999999
8976.56 64.61887599999999
8982.42 64.53417599999999
8988.28 64.44097599999999
8994.14 64.339176
9000.0 64.22857599999999
9005.86 64.10917599999999
9011.72 63.98117599999999
9017.58 63.84477599999998
9023.44 63.70027599999999
9029.3 63.54827599999999
9035.16 63.389375999999984
9041.02 63.22437599999999
9046.88 63.05437599999999
9052.73 62.88047599999999
9058.59 62.704075999999986
9064.45 62.52687599999999
9070.31 62.350475999999986
9076.17 62.17677599999999
9082.03 62.00787599999998
9087.89 61.84587599999999
9093.75 61.69267599999999
9099.61 61.550375999999986
9105.47 61.42097599999998
9111.33 61.30597599999999
9117.19 61.20697599999998
9123.05 61.12477599999998
9128.91 61.06027599999999
9134.77 61.013575999999986
9140.62 60.98437599999998
9146.48 60.972275999999994
9152.34 60.97617599999998
9158.2 60.994675999999984
9164.06 61.02617599999999
9169.92 61.06887599999999
9175.78 61.12087599999998
9181.64 61.18027599999999
9187.5 61.244975999999994
9193.36 61.34907599999998
9199.22 61.41857599999999
9205.08 61.48837599999999
9210.94 61.55727599999999
9216.8 61.62457599999999
9222.66 61.654375999999985
9228.52 61.71827599999999
9234.38 61.77987599999999
9240.23 61.839275999999984
9246.09 61.89687599999999
9251.95 61.95297599999999
9257.81 62.00817599999999
9263.67 62.063175999999984
9269.53 62.11897599999999
9275.39 62.17637599999999
9281.25 62.236175999999986
9287.11 62.29937599999998
9292.97 62.36677599999999
9298.83 62.43917599999999
9304.69 62.51707599999999
9310.55 62.60107599999999
9316.41 62.691475999999994
9322.27 62.788375999999985
9328.12 62.89177599999999
9333.98 63.00137599999999
9339.84 63.11677599999999
9345.7 63.23737599999998
9351.56 63.36237599999998
9357.42 63.490875999999986
9363.28 63.621875999999986
9369.14 63.75427599999999
9375.0 63.88677599999998
9380.86 64.01817599999998
9386.72 64.147376
9392.58 64.27297599999999
9398.44 64.39397599999998
9404.3 64.50917599999998
9410.16 64.61747599999998
9416.02 64.71787599999999
9421.88 64.80957599999999
9427.73 64.89167599999999
9433.59 64.96347599999999
9439.45 65.02447599999999
9445.31 65.07397599999999
9451.17 65.11167599999999
9457.03 65.13717599999998
9462.89 65.15027599999999
9468.75 65.15087599999998
9474.61 65.138776
9480.47 65.11407599999998
9486.33 65.07697599999999
9492.19 65.027476
9498.05 64.96607599999999
9503.91 64.89297599999999
9509.77 64.808776
9515.62 64.71397599999999
9521.48 64.60917599999999
9527.34 64.49527599999999
9533.2 64.372976
9539.06 64.243276
9544.92 64.10727599999998
9550.78 63.96607599999999
9556.64 63.820875999999984
9562.5 63.67287599999999
9568.36 63.52357599999999
9574.22 63.37417599999999
9580.08 63.22617599999998
9585.94 63.08087599999999
9591.8 62.939475999999985
9597.66 62.80327599999998
9603.52 62.67327599999999
9609.38 62.550375999999986
9615.23 62.435175999999984
9621.09 62.328175999999985
9626.95 62.229575999999994
9632.81 62.13927599999998
9638.67 62.05697599999999
9644.53 61.98207599999999
9650.39 61.913775999999984
9656.25 61.85077599999998
9662.11 61.792075999999994
9667.97 61.736175999999986
9673.83 61.681375999999986
9679.69 61.62607599999998
9685.55 61.56867599999998
9691.41 61.507375999999994
9697.27 61.44057599999999
9703.12 61.36647599999999
9708.98 61.283675999999986
9714.84 61.19067599999998
9720.7 61.08607599999999
9726.56 60.968875999999995
9732.42 60.837875999999994
9738.28 60.69217599999999
9744.14 60.53127599999999
9750.0 60.35447599999999
9755.86 60.161675999999986
9761.72 59.952775999999986
9767.58 59.72817599999999
9773.44 59.48837599999999
9779.3 59.23457599999999
9785.16 58.96827599999999
9791.02 58.69157599999998
9796.88 58.406975999999986
9802.73 58.11807599999999
9808.59 57.82877599999999
9814.45 57.54357599999999
9820.31 57.26757599999999
9826.17 57.006275999999986
9832.03 56.76507599999999
9837.89 56.549075999999985
9843.75 56.36297599999999
9849.61 56.210875999999985
9855.47 56.095575999999994
9861.33 56.019075999999984
9867.19 55.98207599999999
9873.05 55.984275999999994
9878.91 56.02387599999999
9884.77 56.098275999999984
9890.62 56.203575999999984
9896.48 56.33527599999999
9902.34 56.48807599999999
9908.2 56.65657599999999
9914.06 56.83517599999999
9919.92 57.01857599999998
9925.78 57.20167599999999
9931.64 57.38027599999998
9937.5 57.550775999999985
9943.36 57.71017599999999
9949.22 57.85607599999999
9955.08 57.98707599999999
9960.94 58.10177599999999
9966.8 58.19967599999998
9972.66 58.280675999999985
9978.52 58.34477599999998
9984.38 58.39247599999999
9990.23 58.42467599999999
9996.09 58.44227599999999
10002.0 58.446775999999986
10007.8 58.439475999999985
10013.7 58.422375999999986
10019.5 58.39717599999999
10025.4 58.36617599999998
10031.2 58.33147599999998
10037.1 58.29537599999999
10043.0 58.260375999999994
10048.8 58.22877599999998
10054.7 58.202775999999986
10060.5 58.18457599999999
10066.4 58.176175999999984
10072.3 58.179175999999984
10078.1 58.19497599999998
10084.0 58.22447599999998
10089.8 58.268275999999986
10095.7 58.32657599999999
10101.6 58.39917599999998
10107.4 58.48547599999999
10113.3 58.58437599999999
10119.1 58.69467599999999
10125.0 58.81467599999999
10130.9 58.94267599999999
10136.7 59.07677599999998
10142.6 59.21487599999999
10148.4 59.35487599999999
10154.3 59.494975999999994
10160.2 59.63307599999999
10166.0 59.76747599999999
10171.9 59.89647599999999
10177.7 60.018675999999985
10183.6 60.132575999999986
10189.5 60.23707599999999
10195.3 60.33127599999999
10201.2 60.41417599999998
10207.0 60.485275999999985
10212.9 60.54387599999998
10218.8 60.58967599999998
10224.6 60.622275999999985
10230.5 60.64147599999998
10236.3 60.64727599999999
10242.2 60.63957599999999
10248.0 60.61847599999999
10253.9 60.58407599999998
10259.8 60.536675999999986
10265.6 60.47637599999999
10271.5 60.40377599999999
10277.3 60.31907599999998
10283.2 60.22277599999998
10289.1 60.11537599999998
10294.9 59.99737599999999
10300.8 59.86947599999999
10306.6 59.732275999999985
10312.5 59.58637599999999
10318.4 59.43267599999999
10324.2 59.271675999999985
10330.1 59.10437599999999
10335.9 58.93147599999999
10341.8 58.75377599999999
10347.7 58.57207599999998
10353.5 58.38717599999998
10359.4 58.19987599999999
10365.2 58.01077599999999
10371.1 57.82057599999999
10377.0 57.62987599999998
10382.8 57.43917599999999
10388.7 57.24867599999999
10394.5 57.058775999999995
10400.4 56.86957599999998
10406.2 56.680875999999984
10412.1 56.492575999999985
10418.0 56.30437599999999
10423.8 56.11567599999999
10429.7 55.925775999999985
10435.5 55.73387599999998
10441.4 55.539075999999994
10447.3 55.34027599999999
10453.1 55.13607599999999
10459.0 54.925375999999986
10464.8 54.706575999999984
10470.7 54.47817599999999
10476.6 54.238575999999995
10482.4 53.985975999999994
10488.3 53.71847599999998
10494.1 53.43427599999998
10500.0 53.131275999999986
10505.9 52.80707599999998
10511.7 52.45937599999999
10517.6 52.085475999999986
10523.4 51.682475999999994
10529.3 51.24707599999999
10535.2 50.77577599999999
10541.0 50.26447599999999
10546.9 49.70847599999999
10552.7 49.10307599999999
10558.6 48.44307599999999
10564.5 47.724175999999986
10570.3 46.94427599999999
10576.2 46.10737599999999
10582.0 45.23007599999999
10587.9 44.34727599999999
10593.8 43.50877599999999
10599.6 42.76317599999999
10605.5 42.14247599999999
10611.3 41.662275999999984
10617.2 41.327775999999986
10623.0 41.140075999999986
10628.9 41.09877599999999
10634.8 41.204075999999986
10640.6 41.45547599999999
10646.5 41.851275999999984
10652.3 42.38437599999999
10658.2 43.03567599999999
10664.1 43.76877599999999
10669.9 44.53267599999999
10675.8 45.27867599999999
10681.6 45.97537599999999
10687.5 46.608775999999985
10693.4 47.17627599999999
10699.2 47.68017599999999
10705.1 48.12497599999999
10710.9 48.515275999999986
10716.8 48.85567599999999
10722.7 49.15047599999998
10728.5 49.40347599999998
10734.4 49.61767599999999
10740.2 49.79627599999999
10746.1 49.94167599999999
10752.0 50.05627599999998
10757.8 50.14207599999999
10763.7 50.20077599999999
10769.5 50.23407599999999
10775.4 50.24347599999999
10781.2 50.230175999999986
10787.1 50.19527599999999
10793.0 50.13987599999999
10798.8 50.06457599999999
10804.7 49.970275999999984
10810.5 49.85747599999999
10816.4 49.72647599999999
10822.3 49.57747599999999
10828.1 49.41057599999999
10834.0 49.22567599999999
10839.8 49.02227599999999
10845.7 48.80007599999999
10851.6 48.558075999999986
10857.4 48.29527599999999
10863.3 47.83267599999999
10869.1 47.50887599999999
10875.0 47.15727599999999
10880.9 46.775075999999984
10886.7 46.35847599999999
10892.6 45.90317599999999
10898.4 45.403775999999986
10904.3 45.075175999999985
10910.2 44.48777599999999
10916.0 43.83647599999999
10921.9 43.11337599999999
10927.7 42.31507599999999
10933.6 41.453375999999984
10939.5 40.57137599999999
10945.3 39.741475999999984
10951.2 39.026175999999985
10957.0 38.452775999999986
10962.9 38.02587599999999
10968.8 37.741275999999985
10974.6 37.59367599999999
10980.5 37.579275999999986
10986.3 37.69607599999999
10992.2 37.94437599999999
10998.0 38.326675999999985
11003.9 38.84757599999999
11009.8 39.51187599999999
11015.6 40.320675999999985
11021.5 41.26067599999999
11027.3 42.287275999999984
11033.2 43.326875999999984
11039.1 44.31697599999999
11044.9 45.230575999999985
11050.8 46.064475999999985
11056.6 46.824975999999985
11062.5 47.52027599999998
11068.4 48.15817599999998
11074.2 48.74537599999999
11080.1 49.28767599999999
11085.9 49.78997599999998
11091.8 50.25607599999999
11097.7 50.689475999999985
11103.5 51.09287599999999
11109.4 51.46867599999999
11115.2 51.818775999999986
11121.1 52.14487599999998
11127.0 52.44827599999999
11132.8 52.730175999999986
11138.7 52.99147599999999
11144.5 53.23307599999998
11150.4 53.45537599999999
11156.2 53.65917599999999
11162.1 53.84467599999999
11168.0 54.01237599999999
11173.8 54.16257599999999
11179.7 54.295475999999994
11185.5 54.41127599999999
11191.4 54.51047599999998
11197.3 54.593175999999985
11203.1 54.65987599999998
11209.0 54.71067599999999
11214.8 54.746275999999995
11220.7 54.766975999999985
11226.6 54.77347599999999
11232.4 54.76647599999998
11238.3 54.74677599999998
11244.1 54.715175999999985
11250.0 54.67257599999999
11255.9 54.62027599999999
11261.7 54.55927599999998
11267.6 54.49097599999999
11273.4 54.41657599999999
11279.3 54.33737599999999
11285.2 54.254975999999985
11291.0 54.170675999999986
11296.9 54.085875999999985
11302.7 54.001975999999985
11308.6 53.91997599999999
11314.5 53.84127599999999
11320.3 53.76677599999999
11326.2 53.69727599999999
11332.0 53.633375999999984
11337.9 53.57567599999999
11343.8 53.52417599999998
11349.6 53.47907599999999
11355.5 53.43997599999999
11361.3 53.40657599999999
11367.2 53.37807599999999
11373.0 53.353475999999986
11378.9 53.33197599999998
11384.8 53.31207599999999
11390.6 53.29247599999999
11396.5 53.27157599999998
11402.3 53.24777599999999
11408.2 53.21917599999999
11414.1 53.18407599999999
11419.9 53.14047599999999
11425.8 53.08647599999999
11431.6 53.019975999999986
11437.5 52.93887599999999
11443.4 52.84107599999999
11449.2 52.72447599999998
11455.1 52.586575999999994
11460.9 52.42507599999999
11466.8 52.23737599999998
11472.7 52.020675999999995
11478.5 51.77197599999998
11484.4 51.487875999999986
11490.2 51.16447599999999
11496.1 50.79747599999999
11502.0 50.381675999999985
11507.8 49.910775999999984
11513.7 49.37717599999999
11519.5 48.77177599999999
11525.4 48.083175999999995
11531.2 47.29917599999999
11537.1 46.41007599999999
11543.0 45.423875999999986
11548.8 44.39827599999999
11554.7 43.438875999999986
11560.5 42.620975999999985
11566.4 41.96427599999999
11572.3 41.463875999999985
11578.1 41.11037599999999
11584.0 40.89637599999999
11589.8 40.817075999999986
11595.7 40.87107599999999
11601.6 41.060175999999984
11607.4 41.388975999999985
11613.3 41.86537599999999
11619.1 42.49957599999999
11625.0 43.29977599999999
11630.9 44.25697599999999
11636.7 45.31307599999999
11642.6 46.361975999999984
11648.4 47.32897599999999
11654.3 48.196175999999994
11660.2 48.97077599999999
11666.0 49.66557599999999
11671.9 50.292175999999984
11677.7 50.86047599999999
11683.6 51.37847599999999
11689.5 51.852575999999985
11695.3 52.28807599999999
11701.2 52.68917599999999
11707.0 53.05967599999998
11712.9 53.40247599999999
11718.8 53.72017599999998
11724.6 54.01497599999999
11730.5 54.288775999999984
11736.3 54.54337599999998
11742.2 54.78017599999998
11748.0 55.00047599999999
11753.9 55.20557599999999
11759.8 55.39657599999998
11765.6 55.57437599999999
11771.5 55.739975999999984
11777.3 55.89417599999999
11783.2 56.03787599999998
11789.1 56.17167599999999
11794.9 56.29627599999999
11800.8 56.41227599999999
11806.6 56.52027599999998
11812.5 56.62077599999999
11818.4 56.714175999999995
11824.2 56.80087599999999
11830.1 56.881275999999986
11835.9 56.955775999999986
11841.8 57.02447599999999
11847.7 57.08767599999999
11853.5 57.14547599999999
11859.4 57.198075999999986
11865.2 57.24547599999998
11871.1 57.287775999999994
11877.0 57.32487599999999
11882.8 57.356875999999986
11888.7 57.383675999999994
11894.5 57.40517599999998
11900.4 57.42117599999999
11906.2 57.43167599999998
11912.1 57.43637599999998
11918.0 57.43527599999999
11923.8 57.42817599999999
11929.7 57.41497599999998
11935.5 57.395375999999985
11941.4 57.36947599999999
11947.3 57.33697599999999
11953.1 57.29787599999999
11959.0 57.25217599999999
11964.8 57.199775999999986
11970.7 57.14077599999999
11976.6 57.075175999999985
11982.4 57.00317599999998
11988.3 56.92487599999998
11994.1 56.84047599999998
12000.0 56.75037599999999
12005.9 56.654775999999984
12011.7 56.55407599999998
12017.6 56.44867599999999
12023.4 56.338875999999985
12029.3 56.22517599999999
12035.2 56.10807599999998
12041.0 55.98807599999999
12046.9 55.86537599999998
12052.7 55.74057599999999
12058.6 55.613975999999994
12064.5 55.48587599999999
12070.3 55.35647599999999
12076.2 55.22607599999999
12082.0 55.09467599999999
12087.9 54.962175999999985
12093.8 54.82867599999999
12099.6 54.69387599999999
12105.5 54.55737599999999
12111.3 54.41907599999999
12117.2 54.27827599999999
12123.0 54.13447599999999
12128.9 53.98717599999999
12134.8 53.83577599999998
12140.6 53.679675999999986
12146.5 53.518275999999986
12152.3 53.35097599999999
12158.2 53.17757599999999
12164.1 52.997675999999984
12169.9 52.81137599999998
12175.8 52.61907599999999
12181.6 52.421475999999984
12187.5 52.21977599999998
12193.4 52.01577599999999
12199.2 51.811875999999984
12205.1 51.610975999999994
12210.9 51.41687599999999
12216.8 51.233575999999985
12222.7 51.06567599999998
12228.5 50.91777599999999
12234.4 50.79447599999999
12240.2 50.69997599999999
12246.1 50.63787599999999
12252.0 50.61127599999999
12257.8 50.62217599999998
12263.7 50.67197599999999
12269.5 50.76107599999999
12275.4 50.88887599999998
12281.2 51.05397599999999
12287.1 51.25407599999998
12293.0 51.485975999999994
12298.8 51.745975999999985
12304.7 52.02927599999998
12310.5 52.33107599999998
12316.4 52.64617599999998
12322.3 52.969275999999994
12328.1 53.29577599999999
12334.0 53.62107599999999
12339.8 53.94137599999999
12345.7 54.25347599999999
12351.6 54.55487599999999
12357.4 54.843575999999985
12363.3 55.117975999999985
12369.1 55.377275999999995
12375.0 55.62067599999999
12380.9 55.847875999999985
12386.7 56.058875999999984
12392.6 56.253675999999984
12398.4 56.432475999999994
12404.3 56.59577599999999
12410.2 56.74407599999999
12416.0 56.877875999999986
12421.9 56.99787599999999
12427.7 57.104675999999984
12433.6 57.199175999999994
12439.5 57.28217599999999
12445.3 57.35447599999999
12451.2 57.41697599999999
12457.0 57.47077599999999
12462.9 57.51667599999999
12468.8 57.555775999999994
12474.6 57.58907599999999
12480.5 57.61767599999999
12486.3 57.642675999999994
12492.2 57.665075999999985
12498.0 57.68587599999999
12503.9 57.70607599999998
12509.8 57.726575999999994
12515.6 57.74827599999999
12521.5 57.77187599999999
12527.3 57.798175999999984
12533.2 57.84927599999999
12539.1 57.88457599999998
12544.9 57.923675999999986
12550.8 57.96677599999998
12556.6 58.01367599999999
12562.5 58.06427599999999
12568.4 58.118275999999994
12574.2 58.17527599999998
12580.1 58.208275999999984
12585.9 58.267775999999984
12591.8 58.32877599999999
12597.7 58.39047599999999
12603.5 58.45227599999998
12609.4 58.51317599999999
12615.2 58.572575999999984
12621.1 58.62947599999998
12627.0 58.683075999999986
12632.8 58.732575999999995
12638.7 58.777075999999994
12644.5 58.81587599999999
12650.4 58.848275999999984
12656.2 58.87337599999999
12662.1 58.890675999999985
12668.0 58.89947599999999
12673.8 58.89917599999998
12679.7 58.88927599999998
12685.5 58.869275999999985
12691.4 58.838875999999985
12697.3 58.79747599999999
12703.1 58.74487599999999
12709.0 58.680875999999984
12714.8 58.605175999999986
12720.7 58.517675999999994
12726.6 58.41827599999999
12732.4 58.30697599999999
12738.3 58.183775999999995
12744.1 58.04897599999998
12750.0 57.90277599999999
12755.9 57.74547599999998
12761.7 57.57767599999998
12767.6 57.39977599999999
12773.4 57.21277599999999
12779.3 57.01747599999999
12785.2 56.814875999999984
12791.0 56.60617599999999
12796.9 56.39297599999999
12802.7 56.176675999999986
12808.6 55.959175999999985
12814.5 55.742175999999986
12820.3 55.52787599999999
12826.2 55.31807599999999
12832.0 55.11507599999999
12837.9 54.92097599999998
12843.8 54.73767599999999
12849.6 54.56717599999999
12855.5 54.41117599999998
12861.3 54.27117599999998
12867.2 54.14857599999999
12873.0 54.044375999999986
12878.9 53.95927599999999
12884.8 53.89387599999999
12890.6 53.84837599999999
12896.5 53.822475999999995
12902.3 53.81607599999998
12908.2 53.82837599999999
12914.1 53.85867599999999
12919.9 53.90597599999998
12925.8 53.968975999999984
12931.6 54.04657599999999
12937.5 54.13737599999999
12943.4 54.24017599999999
12949.2 54.35377599999998
12955.1 54.47687599999999
12960.9 54.608575999999985
12966.8 54.74777599999999
12972.7 54.893675999999985
12978.5 55.045675999999986
12984.4 55.203175999999985
12990.2 55.36547599999999
12996.1 55.53247599999999
13002.0 55.703575999999984
13007.8 55.87847599999999
13013.7 56.05697599999999
13019.5 56.238675999999984
13025.4 56.42327599999999
13031.2 56.61037599999999
13037.1 56.79967599999999
13043.0 56.99057599999999
13048.8 57.18277599999999
13054.7 57.37557599999998
13060.5 57.56847599999999
13066.4 57.76077599999999
13072.3 57.95197599999999
13078.1 58.141375999999994
13084.0 58.328175999999985
13089.8 58.51187599999999
13095.7 58.69167599999999
13101.6 58.86687599999999
13107.4 59.03697599999998
13113.3 59.20117599999999
13119.1 59.35907599999999
13125.0 59.509975999999995
13130.9 59.65347599999998
13136.7 59.78897599999999
13142.6 59.91607599999999
13148.4 60.034475999999984
13154.3 60.14377599999999
13160.2 60.24377599999998
13166.0 60.33407599999998
13171.9 60.414675999999986
13177.7 60.48537599999999
13183.6 60.546075999999985
13189.5 60.59677599999999
13195.3 60.63757599999998
13201.2 60.66857599999999
13207.0 60.689875999999984
13212.9 60.70167599999999
13218.8 60.704475999999985
13224.6 60.69837599999998
13230.5 60.68397599999999
13236.3 60.661675999999986
13242.2 60.631975999999995
13248.0 60.59567599999998
13253.9 60.55307599999999
13259.8 60.50517599999999
13265.6 60.45257599999999
13271.5 60.39587599999999
13277.3 60.33607599999999
13283.2 60.273675999999995
13289.1 60.209575999999984
13294.9 60.144375999999994
13300.8 60.07877599999999
13306.6 60.01327599999999
13312.5 59.94837599999998
13318.4 59.88457599999998
13324.2 59.822175999999985
13330.1 59.761375999999984
13335.9 59.70207599999999
13341.8 59.64447599999998
13347.7 59.58827599999999
13353.5 59.53317599999998
13359.4 59.47877599999998
13365.2 59.424475999999984
13371.1 59.36957599999998
13377.0 59.31327599999999
13382.8 59.25477599999999
13388.7 59.19297599999999
13394.5 59.12677599999999
13400.4 59.05517599999999
13406.2 58.97687599999999
13412.1 58.89057599999998
13418.0 58.795075999999995
13423.8 58.689075999999986
13429.7 58.571175999999994
13435.5 58.44007599999999
13441.4 58.29457599999999
13447.3 58.13317599999999
13453.1 57.95467599999999
13459.0 57.75777599999999
13464.8 57.54127599999998
13470.7 57.30407599999998
13476.6 57.045075999999995
13482.4 56.76347599999998
13488.3 56.45867599999998
13494.1 56.13027599999998
13500.0 55.77877599999999
13505.9 55.40497599999999
13511.7 55.01087599999998
13517.6 54.59977599999999
13523.4 54.17657599999998
13529.3 53.74777599999999
13535.2 53.32167599999998
13541.0 52.90747599999999
13546.9 52.51487599999999
13552.7 52.153075999999984
13558.6 51.830175999999994
13564.5 51.552775999999994
13570.3 51.325575999999984
13576.2 51.15217599999998
13582.0 51.03487599999998
13587.9 50.97477599999999
13593.8 50.97237599999998
13599.6 51.02717599999998
13605.5 51.137975999999995
13611.3 51.30227599999999
13617.2 51.51647599999998
13623.0 51.775375999999994
13628.9 52.07197599999999
13634.8 52.39807599999999
13640.6 52.74407599999999
13646.5 53.10037599999998
13652.3 53.45777599999998
13658.2 53.80857599999999
13664.1 54.14647599999999
13669.9 54.46707599999999
13675.8 54.76727599999998
13681.6 55.04527599999999
13687.5 55.30017599999999
13693.4 55.53167599999999
13699.2 55.74007599999999
13705.1 55.92587599999999
13710.9 56.08967599999998
13716.8 56.232575999999995
13722.7 56.35547599999998
13728.5 56.45947599999998
13734.4 56.54577599999999
13740.2 56.61567599999999
13746.1 56.67037599999999
13752.0 56.711175999999995
13757.8 56.739575999999985
13763.7 56.75687599999999
13769.5 56.76457599999999
13775.4 56.76407599999999
13781.2 56.75687599999999
13787.1 56.74437599999999
13793.0 56.727875999999995
13798.8 56.708775999999986
13804.7 56.688475999999994
13810.5 56.66797599999998
13816.4 56.64847599999999
13822.3 56.63087599999999
13828.1 56.61597599999999
13834.0 56.60437599999999
13839.8 56.596575999999985
13845.7 56.59287599999999
13851.6 56.59337599999999
13857.4 56.59807599999999
13863.3 56.60667599999999
13869.1 56.61877599999998
13875.0 56.63387599999999
13880.9 56.65117599999999
13886.7 56.669775999999985
13892.6 56.68897599999998
13898.4 56.70757599999999
13904.3 56.72437599999999
13910.2 56.73837599999999
13916.0 56.74837599999999
13921.9 56.75307599999999
13927.7 56.75137599999999
13933.6 56.74207599999998
13939.5 56.72397599999999
13945.3 56.69607599999999
13951.2 56.65717599999999
13957.0 56.60637599999998
13962.9 56.54277599999999
13968.8 56.46547599999998
13974.6 56.37367599999999
13980.5 56.26667599999999
13986.3 56.143675999999985
13992.2 56.00417599999999
13998.0 55.84757599999999
14003.9 55.673475999999994
14009.8 55.48147599999999
14015.6 55.27097599999999
14021.5 55.041775999999984
14027.3 54.79367599999999
14033.2 54.52627599999998
14039.1 54.23947599999998
14044.9 53.93297599999998
14050.8 53.60667599999999
14056.6 53.260375999999994
14062.5 52.89397599999998
14068.4 52.507375999999994
14074.2 52.100475999999986
14080.1 51.673075999999995
14085.9 51.225275999999994
14091.8 50.757075999999984
14097.7 50.26847599999999
14103.5 49.759975999999995
14109.4 49.231875999999986
14115.2 48.68527599999999
14121.1 48.121375999999984
14127.0 47.542675999999986
14132.8 46.95217599999999
14138.7 46.35477599999999
14144.5 45.756675999999985
14150.4 45.16607599999999
14156.2 44.59247599999999
14162.1 44.04677599999999
14168.0 43.53977599999999
14173.8 43.08167599999999
14179.7 42.68127599999999
14185.5 42.34547599999999
14191.4 42.07977599999999
14197.3 41.88797599999999
14203.1 41.88987599999999
14209.0 41.88997599999999
14214.8 41.963475999999986
14220.7 42.10947599999999
14226.6 42.32617599999999
14232.4 42.61057599999999
14238.3 42.95817599999999
14244.1 43.36297599999999
14250.0 43.81717599999999
14255.9 44.09707599999999
14261.7 44.590575999999984
14267.6 45.11087599999999
14273.4 45.64827599999999
14279.3 46.19337599999999
14285.2 46.738275999999985
14291.0 47.276375999999985
14296.9 47.80287599999998
14302.7 48.31397599999998
14308.6 48.80737599999999
14314.5 49.28117599999999
14320.3 49.734275999999994
14326.2 50.165975999999986
14332.0 50.575875999999994
14337.9 50.963875999999985
14343.8 51.32997599999999
14349.6 51.67427599999999
14355.5 51.99707599999999
14361.3 52.29857599999998
14367.2 52.579075999999986
14373.0 52.83897599999999
14378.9 53.078475999999995
14384.8 53.298075999999995
14390.6 53.49807599999998
14396.5 53.67867599999998
14402.3 53.84007599999998
14408.2 53.98247599999999
14414.1 54.10617599999999
14419.9 54.211175999999995
14425.8 54.297375999999986
14431.6 54.364975999999984
14437.5 54.41367599999998
14443.4 54.44347599999999
14449.2 54.454075999999986
14455.1 54.44527599999999
14460.9 54.41657599999999
14466.8 54.36767599999999
14472.7 54.298075999999995
14478.5 54.20727599999999
14484.4 54.09467599999999
14490.2 53.95977599999999
14496.1 53.801675999999986
14502.0 53.61987599999999
14507.8 53.413375999999985
14513.7 53.18157599999999
14519.5 52.92337599999999
14525.4 52.637975999999995
14531.2 52.32437599999999
14537.1 51.98137599999998
14543.0 51.60787599999999
14548.8 51.202775999999986
14554.7 50.76457599999999
14560.5 50.292075999999994
14566.4 49.78357599999998
14572.3 49.23757599999999
14578.1 48.652675999999985
14584.0 48.02717599999998
14589.8 47.35997599999999
14595.7 46.65057599999999
14601.6 45.899675999999985
14607.4 45.110075999999985
14613.3 44.288375999999985
14619.1 43.44577599999999
14625.0 42.59867599999999
14630.9 41.76667599999999
14636.7 40.96897599999999
14642.6 40.22147599999999
14648.4 39.535175999999986
14654.3 38.917675999999986
14660.2 38.373775999999985
14666.0 37.90727599999999
14671.9 37.521275999999986
14677.7 37.21887599999999
14683.6 37.003275999999985
14689.5 36.87777599999999
14695.3 36.84527599999999
14701.2 36.908875999999985
14707.0 37.070475999999985
14712.9 37.330775999999986
14718.8 37.688175999999984
14724.6 38.137275999999986
14730.5 38.66757599999999
14736.3 39.263575999999986
14742.2 39.90627599999999
14748.0 40.57697599999999
14753.9 41.26067599999999
14759.8 41.946975999999985
14765.6 42.62907599999999
14771.5 43.30307599999999
14777.3 43.96637599999999
14783.2 44.61697599999999
14789.1 45.25317599999999
14794.9 45.87317599999999
14800.8 46.47537599999999
14806.6 47.058275999999985
14812.5 47.62027599999999
14818.4 48.16017599999999
14824.2 48.67677599999999
14830.1 49.169375999999986
14835.9 49.63747599999999
14841.8 50.08057599999999
14847.7 50.49867599999999
14853.5 50.89187599999998
14859.4 51.26027599999999
14865.2 51.604275999999984
14871.1 51.924475999999984
14877.0 52.221175999999986
14882.8 52.49517599999999
14888.7 52.746875999999986
14894.5 52.977175999999986
14900.4 53.18657599999999
14906.2 53.375675999999984
14912.1 53.54527599999999
14918.0 53.69607599999999
14923.8 53.828475999999995
14929.7 53.94327599999998
14935.5 54.04107599999999
14941.4 54.12237599999999
14947.3 54.187775999999985
14953.1 54.237875999999986
14959.0 54.27307599999999
14964.8 54.29397599999999
14970.7 54.30097599999999
14976.6 54.29467599999998
14982.4 54.27557599999999
14988.3 54.24407599999999
14994.1 54.20067599999999
15000.0 54.145775999999984
15005.9 54.07997599999999
15011.7 54.003675999999984
15017.6 53.91727599999999
15023.4 53.82147599999999
15029.3 53.716475999999986
15035.2 53.602875999999995
15041.0 53.48107599999999
15046.9 53.351575999999994
15052.7 53.214775999999986
15058.6 53.07097599999999
15064.5 52.92057599999998
15070.3 52.76387599999998
15076.2 52.60117599999998
15082.0 52.43257599999998
15087.9 52.258375999999984
15093.8 52.078575999999984
15099.6 51.89317599999998
15105.5 51.702175999999994
15111.3 51.50547599999999
15117.2 51.30287599999998
15123.0 51.094275999999994
15128.9 50.87927599999999
15134.8 50.657775999999984
15140.6 50.42937599999999
15146.5 50.19387599999999
15152.3 49.951075999999986
15158.2 49.700875999999994
15164.1 49.44347599999999
15169.9 49.17907599999998
15175.8 48.90837599999999
15181.6 48.63247599999998
15187.5 48.35277599999999
15193.4 48.07127599999998
15199.2 47.79067599999999
15205.1 47.51407599999999
15210.9 47.24487599999999
15216.8 46.98717599999999
15222.7 46.74487599999999
15228.5 46.521875999999985
15234.4 46.321775999999986
15240.2 46.147775999999986
15246.1 46.00237599999999
15252.0 45.887675999999985
15257.8 45.805075999999985
15263.7 45.75567599999999
15269.5 45.739775999999985
15275.4 45.75737599999999
15281.2 45.807875999999986
15287.1 45.89037599999999
15293.0 46.00337599999999
15298.8 46.144775999999986
15304.7 46.31217599999999
15310.5 46.50247599999999
15316.4 46.71207599999999
15322.3 46.93697599999999
15328.1 47.17307599999999
15334.0 47.41617599999999
15339.8 47.66227599999999
15345.7 47.90787599999999
15351.6 48.14987599999999
15357.4 48.38587599999998
15363.3 48.61427599999999
15369.1 48.833775999999986
15375.0 49.04397599999999
15380.9 49.24457599999998
15386.7 49.43597599999998
15392.6 49.618675999999994
15398.4 49.793475999999984
15404.3 49.96137599999999
15410.2 50.12327599999999
15416.0 50.28037599999999
15421.9 50.43357599999999
15427.7 50.58397599999999
15433.6 50.73247599999999
15439.5 50.87987599999998
15445.3 51.02687599999999
15451.2 51.17417599999999
15457.0 51.32207599999998
15462.9 51.47087599999999
15468.8 51.62077599999999
15474.6 51.77157599999998
15480.5 51.923175999999984
15486.3 52.075175999999985
15492.2 52.227175999999986
15498.0 52.37847599999999
15503.9 52.528375999999994
15509.8 52.676175999999984
15515.6 52.82097599999999
15521.5 52.96167599999998
15527.3 53.09757599999999
15533.2 53.22747599999998
15539.1 53.350475999999986
15544.9 53.46567599999999
15550.8 53.57197599999999
15556.6 53.66857599999999
15562.5 53.75467599999999
15568.4 53.829475999999985
15574.2 53.89207599999999
15580.1 53.942075999999986
15585.9 53.97867599999999
15591.8 54.00147599999998
15597.7 54.00987599999999
15603.5 54.00357599999998
15609.4 53.982275999999985
15615.2 53.945475999999985
15621.1 53.893275999999986
15627.0 53.825175999999985
15632.8 53.741275999999985
15638.7 53.641375999999994
15644.5 53.52547599999998
15650.4 53.39357599999998
15656.2 53.24577599999999
15662.1 53.08207599999999
15668.0 52.90257599999998
15673.8 52.70767599999999
15679.7 52.49737599999999
15685.5 52.272075999999984
15691.4 52.03217599999999
15697.3 51.77797599999998
15703.1 51.509975999999995
15709.0 51.22877599999998
15714.8 50.93487599999999
15720.7 50.628975999999994
15726.6 50.31167599999999
15732.4 49.98377599999999
15738.3 49.64597599999999
15744.1 49.29897599999998
15750.0 48.94327599999998
15755.9 48.579475999999985
15761.7 48.207875999999985
15767.6 47.828575999999984
15773.4 47.44167599999999
15779.3 47.04647599999999
15785.2 46.64227599999999
15791.0 46.227775999999984
15796.9 45.80117599999999
15802.7 45.360075999999985
15808.6 44.901175999999985
15814.5 44.42017599999999
15820.3 43.91177599999999
15826.2 43.368875999999986
15832.0 42.781975999999986
15837.9 42.13867599999999
15843.8 41.42177599999999
15849.6 40.60717599999999
15855.5 39.66397599999999
15861.3 38.58347599999999
15867.2 37.506075999999986
15873.0 36.315375999999986
15878.9 35.768475999999986
15884.8 35.34717599999999
15890.6 35.03477599999999
15896.5 34.81977599999999
15902.3 34.694175999999985
15908.2 34.652675999999985
15914.1 34.69197599999999
15919.9 34.81037599999999
15925.8 35.00827599999999
15931.6 35.44707599999999
15937.5 35.74397599999999
15943.4 36.119275999999985
15949.2 36.57937599999999
15955.1 37.13357599999999
15960.9 37.79577599999999
15966.8 38.58637599999999
15972.7 39.53167599999999
15978.5 40.638575999999986
15984.4 41.777475999999986
15990.2 42.78737599999999
15996.1 43.659075999999985
16002.0 44.41967599999999
16007.8 45.091475999999986
16013.7 45.690575999999986
16019.5 46.22827599999999
16025.4 46.71307599999999
16031.2 47.151575999999984
16037.1 47.54877599999999
16043.0 47.90887599999999
16048.8 48.23547599999999
16054.7 48.531375999999995
16060.5 48.79937599999998
16066.4 49.04167599999998
16072.3 49.26067599999999
16078.1 49.458275999999984
16084.0 49.63647599999999
16089.8 49.79707599999999
16095.7 49.942075999999986
16101.6 50.07317599999999
16107.4 50.19197599999998
16113.3 50.30047599999999
16119.1 50.400075999999984
16125.0 50.49237599999999
16130.9 50.579075999999986
16136.7 50.66137599999999
16142.6 50.74067599999999
16148.4 50.818175999999994
16154.3 50.894975999999986
16160.2 50.971875999999995
16166.0 51.04967599999999
16171.9 51.12907599999998
16177.7 51.21037599999998
16183.6 51.29397599999999
16189.5 51.37987599999998
16195.3 51.46797599999999
16201.2 51.55817599999999
16207.0 51.64987599999999
16212.9 51.742575999999985
16218.8 51.83567599999999
16224.6 51.92807599999999
16230.5 52.019075999999984
16236.3 52.10737599999999
16242.2 52.19197599999998
16248.0 52.27157599999998
16253.9 52.34477599999998
16259.8 52.410375999999985
16265.6 52.46707599999999
16271.5 52.51327599999999
16277.3 52.54787599999999
16283.2 52.56927599999999
16289.1 52.57617599999999
16294.9 52.56737599999998
16300.8 52.54127599999998
16306.6 52.49647599999999
16312.5 52.431775999999985
16318.4 52.34567599999998
16324.2 52.236575999999985
16330.1 52.102975999999984
16335.9 51.94307599999999
16341.8 51.75517599999999
16347.7 51.537075999999985
16353.5 51.286675999999986
16359.4 51.00117599999999
16365.2 50.67767599999999
16371.1 50.31247599999999
16377.0 49.90157599999999
16382.8 49.43997599999999
16388.7 48.92227599999998
16394.5 48.34297599999999
16400.4 47.69857599999999
16406.2 46.992575999999985
16412.1 46.245975999999985
16418.0 45.50237599999999
16423.8 44.80967599999999
16429.7 44.195475999999985
16435.5 43.667675999999986
16441.4 43.224775999999984
16447.3 42.86237599999999
16453.1 42.57597599999999
16459.0 42.361775999999985
16464.8 42.217075999999985
16470.7 42.14017599999999
16476.6 42.130175999999985
16482.4 42.18717599999999
16488.3 42.31207599999999
16494.1 42.506675999999985
16500.0 42.77397599999999
16505.9 43.117775999999985
16511.7 43.542675999999986
16517.6 44.05367599999999
16523.4 44.65407599999999
16529.3 45.339975999999986
16535.2 46.090175999999985
16541.0 46.861175999999986
16546.9 47.60507599999998
16552.7 48.29427599999998
16558.6 48.921775999999994
16564.5 49.489975999999984
16570.3 50.00447599999998
16576.2 50.47107599999998
16582.0 50.89507599999999
16587.9 51.28127599999999
16593.8 51.633375999999984
16599.6 51.954875999999985
16605.5 52.24877599999999
16611.3 52.517675999999994
16617.2 52.76367599999999
16623.0 52.988975999999994
16628.9 53.19537599999998
16634.8 53.38437599999999
16640.6 53.55767599999999
16646.5 53.71657599999999
16652.3 53.86247599999999
16658.2 53.996375999999984
16664.1 54.11947599999999
16669.9 54.23287599999999
16675.8 54.33737599999999
16681.6 54.433875999999984
16687.5 54.52317599999999
16693.4 54.605975999999984
16699.2 54.68277599999999
16705.1 54.75437599999999
16710.9 54.82107599999999
16716.8 54.88327599999998
16722.7 54.94127599999999
16728.5 54.99537599999999
16734.4 55.04577599999999
16740.2 55.09237599999999
16746.1 55.13547599999998
16752.0 55.17487599999998
16757.8 55.210475999999986
16763.7 55.24227599999999
16769.5 55.26987599999998
16775.4 55.29317599999999
16781.2 55.311875999999984
16787.1 55.32567599999999
16793.0 55.33427599999999
16798.8 55.33727599999999
16804.7 55.33437599999999
16810.5 55.32527599999999
16816.4 55.30957599999999
16822.3 55.28697599999998
16828.1 55.25727599999999
16834.0 55.22017599999998
16839.8 55.175375999999986
16845.7 55.122675999999984
16851.6 55.06207599999999
16857.4 54.993275999999994
16863.3 54.916375999999985
16869.1 54.831175999999985
16875.0 54.737875999999986
16880.9 54.63657599999999
16886.7 54.52717599999998
16892.6 54.41007599999999
16898.4 54.28527599999998
16904.3 54.15317599999999
16910.2 54.01387599999998
16916.0 53.86777599999999
16921.9 53.71497599999999
16927.7 53.555875999999984
16933.6 53.390675999999985
16939.5 53.21967599999999
16945.3 53.04287599999999
16951.2 52.860575999999995
16957.0 52.672775999999985
16962.9 52.479575999999994
16968.8 52.28087599999999
16974.6 52.07667599999999
16980.5 51.86657599999998
16986.3 51.65047599999998
16992.2 51.42787599999998
16998.0 51.19837599999998
17003.9 50.961575999999994
17009.8 50.71697599999999
17015.6 50.46407599999999
17021.5 50.20237599999999
17027.3 49.93157599999999
17033.2 49.651775999999984
17039.1 49.36307599999999
17044.9 49.06657599999998
17050.8 48.763575999999986
17056.6 48.456575999999984
17062.5 48.14887599999999
17068.4 47.844875999999985
17074.2 47.549775999999994
17080.1 47.26907599999999
17085.9 47.00847599999999
17091.8 46.77327599999999
17097.7 46.56797599999999
17103.5 46.39617599999999
17109.4 46.260575999999986
17115.2 46.16307599999999
17121.1 46.10487599999999
17127.0 46.08667599999999
17132.8 46.10887599999999
17138.7 46.171275999999985
17144.5 46.27377599999999
17150.4 46.41577599999999
17156.2 46.59647599999999
17162.1 46.81457599999999
17168.0 47.06817599999999
17173.8 47.35507599999999
17179.7 47.67187599999998
17185.5 48.014375999999984
17191.4 48.37757599999999
17197.3 48.75547599999999
17203.1 49.14187599999998
17209.0 49.53057599999998
17214.8 49.915975999999986
17220.7 50.29317599999999
17226.6 50.65837599999999
17232.4 51.008675999999994
17238.3 51.34237599999999
17244.1 51.658075999999994
17250.0 51.95547599999999
17255.9 52.23437599999998
17261.7 52.494975999999994
17267.6 52.73777599999998
17273.4 52.96327599999999
17279.3 53.172375999999986
17285.2 53.36557599999999
17291.0 53.54397599999999
17296.9 53.708275999999984
17302.7 53.859275999999994
17308.6 53.997975999999994
17314.5 54.12507599999999
17320.3 54.24157599999998
17326.2 54.34817599999998
17332.0 54.44577599999998
17337.9 54.53517599999999
17343.8 54.61707599999998
17349.6 54.69237599999998
17355.5 54.76157599999999
17361.3 54.825475999999995
17367.2 54.88457599999998
17373.0 54.93967599999999
17378.9 54.99097599999999
17384.8 55.03927599999999
17390.6 55.08467599999999
17396.5 55.12777599999998
17402.3 55.16857599999999
17408.2 55.207475999999986
17414.1 55.24457599999998
17419.9 55.279775999999984
17425.8 55.31327599999999
17431.6 55.344875999999985
17437.5 55.374375999999984
17443.4 55.401775999999984
17449.2 55.42657599999998
17455.1 55.44857599999999
17460.9 55.467275999999984
17466.8 55.48247599999999
17472.7 55.49357599999999
17478.5 55.50007599999999
17484.4 55.501575999999986
17490.2 55.49747599999999
17496.1 55.48717599999999
17502.0 55.47037599999999
17507.8 55.44647599999999
17513.7 55.41487599999999
17519.5 55.37507599999999
17525.4 55.32677599999998
17531.2 55.26957599999999
17537.1 55.20287599999999
17543.0 55.12647599999998
17548.8 54.97407599999998
17554.7 54.87207599999999
17560.5 54.75987599999999
17566.4 54.637275999999986
17572.3 54.504575999999986
17578.1 54.36167599999999
17584.0 54.20907599999998
17589.8 54.04697599999999
17595.7 53.87577599999999
17601.6 53.69627599999998
17607.4 53.58817599999999
17613.3 53.39897599999999
17619.1 53.20367599999999
17625.0 53.00317599999998
17630.9 52.79857599999998
17636.7 52.59117599999999
17642.6 52.382075999999984
17648.4 52.172775999999985
17654.3 51.964575999999994
17660.2 51.75887599999999
17666.0 51.55697599999999
17671.9 51.36017599999998
17677.7 51.169775999999985
17683.6 50.98687599999998
17689.5 50.81267599999998
17695.3 50.64807599999999
17701.2 50.49377599999998
17707.0 50.350475999999986
17712.9 50.218875999999995
17718.8 50.099175999999986
17724.6 49.991675999999984
17730.5 49.89637599999999
17736.3 49.813175999999984
17742.2 49.74187599999999
17748.0 49.68207599999998
17753.9 49.63317599999999
17759.8 49.594475999999986
17765.6 49.56527599999998
17771.5 49.54457599999999
17777.3 49.531375999999995
17783.2 49.52457599999998
17789.1 49.52307599999999
17794.9 49.52577599999999
17800.8 49.53157599999999
17806.6 49.53927599999999
17812.5 49.54787599999999
17818.4 49.55647599999999
17824.2 49.564075999999986
17830.1 49.56997599999998
17835.9 49.57357599999999
17841.8 49.57427599999998
17847.7 49.57167599999998
17853.5 49.56557599999999
17859.4 49.555775999999994
17865.2 49.54237599999999
17871.1 49.52547599999998
17877.0 49.50527599999998
17882.8 49.48217599999998
17888.7 49.45667599999999
17894.5 49.42937599999999
17900.4 49.400975999999986
17906.2 49.37217599999998
17912.1 49.343875999999995
17918.0 49.31687599999999
17923.8 49.29227599999999
17929.7 49.270675999999995
17935.5 49.253275999999985
17941.4 49.240875999999986
17947.3 49.23437599999998
17953.1 49.23437599999998
17959.0 49.241675999999984
17964.8 49.25677599999999
17970.7 49.28037599999999
17976.6 49.31257599999999
17982.4 49.35367599999999
17988.3 49.40377599999999
17994.1 49.462875999999994
18000.0 49.530675999999985
18005.9 49.60697599999999
18011.7 49.691175999999984
18017.6 49.78267599999998
18023.4 49.88077599999998
18029.3 49.98467599999999
18035.2 50.09347599999998
18041.0 50.20587599999999
18046.9 50.320875999999984
18052.7 50.437375999999986
18058.6 50.55387599999999
18064.5 50.66927599999998
18070.3 50.78217599999999
18076.2 50.891375999999994
18082.0 50.99547599999998
18087.9 51.09337599999999
18093.8 51.183875999999984
18099.6 51.26577599999999
18105.5 51.33807599999999
18111.3 51.39997599999998
18117.2 51.45037599999999
18123.0 51.488675999999984
18128.9 51.51407599999999
18134.8 51.525975999999986
18140.6 51.523775999999984
18146.5 51.506975999999995
18152.3 51.47517599999999
18158.2 51.42787599999998
18164.1 51.36487599999998
18169.9 51.28557599999999
18175.8 51.189875999999984
18181.6 51.07747599999999
18187.5 50.94797599999998
18193.4 50.801075999999995
18199.2 50.63647599999999
18205.1 50.45397599999998
18210.9 50.25317599999998
18216.8 50.03377599999999
18222.7 49.79557599999998
18228.5 49.53807599999999
18234.4 49.26127599999998
18240.2 48.96487599999999
18246.1 48.648675999999995
18252.0 48.31287599999999
18257.8 47.95767599999999
18263.7 47.583575999999994
18269.5 47.19137599999999
18275.4 46.78267599999999
18281.2 46.35937599999999
18287.1 45.92417599999999
18293.0 45.48067599999999
18298.8 45.03317599999999
18304.7 44.58657599999999
18310.5 44.146275999999986
18316.4 43.71767599999999
18322.3 43.30607599999999
18328.1 42.91627599999999
18334.0 42.55217599999999
18339.8 42.21737599999999
18345.7 41.914675999999986
18351.6 41.64637599999999
18357.4 41.41417599999999
18363.3 41.219675999999986
18369.1 41.06397599999999
18375.0 40.94797599999999
18380.9 40.87257599999999
18386.7 40.83807599999999
18392.6 40.844675999999986
18398.4 40.892375999999985
18404.3 40.98067599999999
18410.2 41.10847599999999
18416.0 41.27407599999999
18421.9 41.47507599999999
18427.7 41.70817599999999
18433.6 41.969475999999986
18439.5 42.25427599999999
18445.3 42.55747599999999
18451.2 42.873775999999985
18457.0 43.19837599999999
18462.9 43.52667599999999
18468.8 43.85487599999999
18474.6 44.17977599999999
18480.5 44.498775999999985
18486.3 44.809975999999985
18492.2 45.11167599999999
18498.0 45.40257599999999
18503.9 45.681775999999985
18509.8 45.948475999999985
18515.6 46.20177599999999
18521.5 46.44107599999999
18527.3 46.66587599999999
18533.2 46.875475999999985
18539.1 47.06967599999999
18544.9 47.247675999999984
18550.8 47.409375999999995
18556.6 47.554175999999984
18562.5 47.68187599999999
18568.4 47.792075999999994
18574.2 47.88457599999998
18580.1 47.95937599999999
18585.9 48.01627599999999
18591.8 48.05527599999999
18597.7 48.076475999999985
18603.5 48.080175999999994
18609.4 48.066475999999994
18615.2 48.03597599999999
18621.1 47.98927599999999
18627.0 47.92677599999999
18632.8 47.849575999999985
18638.7 47.75847599999999
18644.5 47.65447599999999
18650.4 47.53887599999999
18656.2 47.412975999999986
18662.1 47.27817599999999
18668.0 47.13587599999999
18673.8 46.98777599999999
18679.7 46.835275999999986
18685.5 46.67997599999999
18691.4 46.52347599999999
18697.3 46.367175999999986
18703.1 46.21247599999999
18709.0 46.06057599999999
18714.8 45.91247599999999
18720.7 45.76917599999999
18726.6 45.63137599999999
18732.4 45.49957599999999
18738.3 45.374175999999984
18744.1 45.255175999999985
18750.0 45.14267599999999
18755.9 45.03617599999999
18761.7 44.93537599999999
18767.6 44.83937599999999
18773.4 44.747475999999985
18779.3 44.65837599999999
18785.2 44.57087599999999
18791.0 44.48367599999999
18796.9 44.394975999999986
18802.7 44.30307599999999
18808.6 44.20627599999999
18814.5 44.10267599999999
18820.3 43.99037599999999
18826.2 43.867375999999986
18832.0 43.731675999999986
18837.9 43.58167599999999
18843.8 43.41537599999999
18849.6 43.23117599999999
18855.5 43.02737599999999
18861.3 42.80257599999999
18867.2 42.555275999999985
18873.0 42.28417599999999
18878.9 41.988075999999985
18884.8 41.66577599999999
18890.6 41.316175999999984
18896.5 40.93827599999999
18902.3 40.53097599999999
18908.2 40.093175999999985
18914.1 39.623775999999985
18919.9 39.12177599999999
18925.8 38.585875999999985
18931.6 38.01487599999999
18937.5 37.40727599999999
18943.4 36.76167599999999
18949.2 36.076475999999985
18955.1 35.349775999999984
18960.9 34.579675999999985
18966.8 33.764175999999985
18972.7 32.901175999999985
18978.5 31.989575999999985
18984.4 31.03097599999999
18990.2 30.034575999999987
18996.1 29.025175999999988
19002.0 28.04467599999999
19007.8 27.134675999999985
19013.7 26.31997599999999
19019.5 25.60897599999999
19025.4 25.002175999999984
19031.2 24.497075999999986
19037.1 24.090575999999984
19043.0 23.779375999999985
19048.8 23.561075999999986
19054.7 23.433475999999985
19060.5 23.39467599999999
19066.4 23.44347599999999
19072.3 23.579075999999986
19078.1 23.801075999999988
19084.0 24.109275999999987
19089.8 24.50427599999999
19095.7 24.986575999999985
19101.6 25.55737599999999
19107.4 26.217775999999986
19113.3 26.968175999999985
19119.1 27.80667599999999
19125.0 28.723275999999984
19130.9 29.69307599999999
19136.7 30.67377599999999
19142.6 31.623375999999986
19148.4 32.51727599999999
19154.3 33.34717599999999
19160.2 34.11337599999999
19166.0 34.818775999999986
19171.9 35.46767599999999
19177.7 36.06397599999999
19183.6 36.61147599999999
19189.5 37.11387599999999
19195.3 37.57427599999999
19201.2 37.995775999999985
19207.0 38.38097599999999
19212.9 38.73237599999999
19218.8 39.14787599999999
19224.6 39.42807599999999
19230.5 39.68147599999999
19236.3 39.90957599999999
19242.2 40.11397599999999
19248.0 40.295875999999986
19253.9 40.45667599999999
19259.8 40.59717599999999
19265.6 40.71847599999999
19271.5 40.82127599999999
19277.3 40.90617599999999
19283.2 40.90977599999999
19289.1 40.969475999999986
19294.9 41.012475999999985
19300.8 41.038775999999984
19306.6 41.048675999999986
19312.5 41.042475999999986
19318.4 41.019975999999986
19324.2 40.98137599999999
19330.1 40.92657599999999
19335.9 40.855375999999985
19341.8 40.76777599999999
19347.7 40.663375999999985
19353.5 40.54227599999999
19359.4 40.40407599999999
19365.2 40.248575999999986
19371.1 40.07577599999999
19377.0 39.88547599999999
19382.8 39.67767599999999
19388.7 39.45247599999999
19394.5 39.20997599999999
19400.4 38.95067599999999
19406.2 38.67527599999999
19412.1 38.38477599999999
19418.0 38.080575999999986
19423.8 37.76497599999999
19429.7 37.440575999999986
19435.5 37.11087599999999
19441.4 36.77997599999999
19447.3 36.452775999999986
19453.1 36.134275999999986
19459.0 35.829675999999985
19464.8 35.54357599999999
19470.7 35.28017599999999
19476.6 35.043075999999985
19482.4 34.83487599999999
19488.3 34.657575999999985
19494.1 34.51257599999999
19500.0 34.400775999999986
19505.9 34.32277599999999
19511.7 34.278775999999986
19517.6 34.268675999999985
19523.4 34.29227599999999
19529.3 34.349375999999985
19535.2 34.43937599999999
19541.0 34.56157599999999
19546.9 34.714975999999986
19552.7 34.898575999999984
19558.6 35.11087599999999
19564.5 35.349775999999984
19570.3 35.613075999999985
19576.2 35.89737599999999
19582.0 36.19907599999999
19587.9 36.513775999999986
19593.8 36.83627599999999
19599.6 37.16157599999999
19605.5 37.48447599999999
19611.3 37.80007599999999
19617.2 38.10437599999999
19623.0 38.39407599999999
19628.9 38.66667599999999
19634.8 38.92057599999999
19640.6 39.15467599999999
19646.5 39.36877599999999
19652.3 39.562775999999985
19658.2 39.73727599999999
19664.1 39.893075999999986
19669.9 40.03097599999999
19675.8 40.15237599999999
19681.6 40.25847599999999
19687.5 40.350875999999985
19693.4 40.43087599999999
19699.2 40.500075999999986
19705.1 40.56007599999999
19710.9 40.61257599999999
19716.8 40.658875999999985
19722.7 40.70057599999999
19728.5 40.73907599999999
19734.4 40.77557599999999
19740.2 40.811475999999985
19746.1 40.847675999999986
19752.0 40.88527599999999
19757.8 40.92487599999999
19763.7 40.96717599999999
19769.5 41.01257599999999
19775.4 41.061475999999985
19781.2 41.11387599999999
19787.1 41.16967599999999
19793.0 41.228675999999986
19798.8 41.29037599999999
19804.7 41.354075999999985
19810.5 41.41907599999999
19816.4 41.48437599999999
19822.3 41.54877599999999
19828.1 41.61107599999999
19834.0 41.66987599999999
19839.8 41.72357599999999
19845.7 41.77057599999999
19851.6 41.80917599999999
19857.4 41.83767599999999
19863.3 41.85417599999999
19869.1 41.85677599999999
19875.0 41.843575999999985
19880.9 41.812775999999985
19886.7 41.76237599999999
19892.6 41.69047599999999
19898.4 41.595075999999985
19904.3 41.474375999999985
19910.2 41.326475999999985
19916.0 41.149275999999986
19921.9 40.94087599999999
19927.7 40.69927599999999
19933.6 40.422375999999986
19939.5 40.10797599999999
19945.3 39.75397599999999
19951.2 39.35777599999999
19957.0 38.91697599999999
19962.9 38.42887599999999
19968.8 37.890475999999985
19974.6 37.29897599999999
19980.5 36.651375999999985
19986.3 35.945075999999986
19992.2 35.178775999999985
19998.0 34.35337599999999
