20.0 47.726776
20.290899 48.189777
20.586 48.683777
20.8855 49.216778
21.189301 49.804775
21.497499 50.446777
21.8102 51.133778
22.127399 51.859779
22.4492 52.610779
22.775801 53.373775
23.1071 54.133778
23.443199 54.875778
23.7841 55.586777
24.1301 56.257778
24.4811 56.882778
24.8372 57.461777
25.1984 57.995777
25.564899 58.489777
25.9368 58.951778
26.3141 59.392776
26.6968 59.82478
27.0851 60.259777
27.479099 60.709778
27.878799 61.177776
28.2843 61.662777
28.6957 62.15778
29.1131 62.65078
29.536501 63.132778
29.966101 63.593777
30.402 64.029778
30.8442 64.44278
31.2929 64.843773
31.748 65.246773
32.209801 65.668777
32.678299 66.126778
33.153599 66.626778
33.635899 67.16478
34.125099 67.732773
34.621498 68.312775
35.125 68.88678
35.635899 69.438774
36.154301 69.959778
36.680199 70.444778
37.213699 70.892776
37.755 71.321777
38.3041 71.740776
38.861301 72.059776
39.426498 72.415779
40.0 72.763779
40.581799 73.110779
41.1721 73.460777
41.771 73.818779
42.378502 74.187775
42.9949 74.56778
43.6203 74.956779
44.254799 75.353775
44.898499 75.756775
45.551498 76.16478
46.2141 76.580772
46.886299 77.005775
47.568298 77.443779
48.260201 77.893776
48.962101 78.352776
49.674301 78.815773
50.396801 79.278778
51.129902 79.735779
51.8736 80.183777
52.628101 80.619774
53.3936 81.043777
54.1702 81.454773
54.958099 81.850777
55.7575 82.231773
56.568501 82.597771
57.391399 82.946777
58.226101 83.280777
59.073 83.596771
59.932301 83.897774
60.804 84.183777
61.6884 84.452774
62.585701 84.708771
63.496 84.991776
64.419601 85.167778
65.356598 85.376778
66.307297 85.569771
67.271698 85.745773
68.250198 85.907776
69.242897 86.055771
70.250099 86.195778
71.271896 86.328773
72.308601 86.454773
73.360298 86.576775
74.427399 86.692772
75.509903 86.802773
76.608299 86.905777
77.722603 86.999771
78.853104 87.085777
80.0 87.163773
81.163597 87.232773
82.3442 87.293777
83.541901 87.347771
84.757 87.393776
85.989899 87.434776
87.240601 87.469772
88.509598 87.503777
89.797 87.526772
91.103104 87.551773
92.4282 87.572777
93.772598 87.592773
95.136597 87.610771
96.520401 87.627777
97.924301 87.641777
99.348602 87.652771
100.794 87.659775
102.26 87.661774
103.747 87.659775
105.256 87.657776
106.787 87.657776
108.34 87.659775
109.916 87.661774
111.515 87.660774
113.137 87.645775
114.783 87.599777
116.452 87.533775
118.146 87.441772
119.865 87.351776
121.608 87.279778
123.377 87.229774
125.171 87.197777
126.992 87.177773
128.839 87.165771
130.713 87.159775
132.615 87.151772
134.543 87.132774
136.5 87.096771
138.486 87.047775
140.5 86.979774
142.544 86.894775
144.617 86.809776
146.721 86.738777
148.855 86.689774
151.02 86.662773
153.217 86.647774
155.445 86.638771
157.706 86.634773
160.0 86.635773
162.327 86.637772
164.688 86.642776
167.084 86.647774
169.514 86.651772
171.98 86.647774
174.481 86.624771
177.019 86.567772
179.594 86.473778
182.206 86.364777
184.856 86.283775
187.545 86.248772
190.273 86.243774
193.041 86.253777
195.849 86.251778
198.697 86.218773
201.587 86.140778
204.52 86.026772
207.494 85.916771
210.512 85.842773
213.574 85.809776
216.681 85.810776
219.833 85.826775
223.03 85.840775
226.274 85.838776
229.565 85.810776
232.905 85.756775
236.292 85.681778
239.729 85.579773
243.216 85.499771
246.754 85.469772
250.343 85.472771
253.984 85.473778
257.678 85.433777
261.426 85.303772
265.229 85.104774
269.087 84.959778
273.001 84.893776
276.972 84.895775
281.0 84.945778
285.088 85.029778
289.234 85.103775
293.441 85.135773
297.709 85.121773
302.04 85.03226271183479
306.433 84.88868684277229
310.89 84.79204130955772
315.412 84.78333307056373
320.0 84.82655808416291
324.655 84.85670530872791
329.377 84.80878774425872
334.168 84.66879530750059
339.028 84.4867389984535
343.959 84.38259573386274
348.962 84.46938747210092
354.038 84.60910417154065
359.188 84.64373279055455
364.412 84.67529432914264
369.713 84.71177266242277
375.09 84.66117383202236
380.546 84.61748771305922
386.081 84.67772430553339
391.697 84.83087152619011
397.394 84.97194037502938
403.175 85.00791872716906
409.039 84.91481262423655
414.989 84.7136149413497
421.025 84.49932767850852
427.149 84.35294975245827
433.362 84.21647312157154
439.665 84.075912744221
446.06 84.03524753715186
452.548 84.10849045873675
459.131 84.25163542572093
465.809 84.37467643810442
472.584 84.4676184126324
479.458 84.6084602660502
486.432 84.75019795673039
493.507 84.82982644304562
500.686 84.75934560011373
507.968 84.57476546956214
515.357 84.37806588488132
522.853 84.12826184607127
530.458 83.87933526987725
538.174 83.68330207304449
546.002 83.46814721394563
553.943 83.49387265095328
562.001 83.83147921755796
570.175 84.27396895538702
578.469 84.60732569793096
586.883 84.8055614451898
595.419 84.88366811390877
604.08 84.93064657920574
612.866 84.98549784108073
621.78 84.93621177465161
630.824 84.7697942966636
640.0 84.71523732386197
649.309 84.77153581461934
658.753 84.82270268568095
668.335 84.7487188121647
678.056 84.67559715244317
687.919 84.54432158163428
697.925 84.50090205811061
708.077 84.61032245699008
718.376 84.53659873664526
728.825 84.21271177219406
739.426 84.08267348038171
750.181 84.29546977795349
761.093 84.25309754002721
772.163 83.90157072497556
783.394 83.66587320791636
794.789 83.52900386396752
806.349 83.39995765150165
818.078 83.25974240400924
829.977 83.00835007986294
842.05 82.66177451255321
854.298 82.39401966045268
866.724 82.32107139867925
879.33 82.26594064397814
892.12 82.18361822983987
905.097 82.43110203138228
918.262 83.08039100697803
931.618 83.79647503174498
945.169 84.2843589391736
958.917 84.62604164600917
972.864 84.93051406899693
987.015 85.07877599999999
1001.95 85.07877599999999
1007.81 85.14977599999999
1013.67 85.21577599999999
1019.53 85.27777599999999
1025.39 85.33677599999999
1031.25 85.39077599999999
1037.11 85.44077599999999
1042.97 85.48677599999999
1048.83 85.52977599999998
1054.69 85.56877599999999
1060.55 85.60377599999998
1066.41 85.63677599999998
1072.27 85.665776
1078.12 85.69177599999999
1083.98 85.71477599999999
1089.84 85.73477599999998
1095.7 85.75277599999998
1101.56 85.76777599999998
1107.42 85.77977599999998
1113.28 85.78977599999999
1119.14 85.796776
1125.0 85.80177599999999
1130.86 85.80377599999998
1136.72 85.802776
1142.58 85.799776
1148.44 85.79277599999999
1154.3 85.78377599999999
1160.16 85.77077599999998
1166.02 85.75377599999999
1171.88 85.73377599999999
1177.73 85.70977599999999
1183.59 85.68177599999999
1189.45 85.64877599999998
1195.31 85.61177599999999
1201.17 85.56977599999999
1207.03 85.52177599999999
1212.89 85.46977599999998
1218.75 85.41177599999999
1224.61 85.34877599999999
1230.47 85.27977599999998
1236.33 85.20477599999998
1242.19 85.12377599999999
1248.05 85.03677599999999
1253.91 84.94377599999999
1259.77 84.84477599999998
1265.62 84.73977599999999
1271.48 84.62877599999999
1277.34 84.51177599999998
1283.2 84.388776
1289.06 84.26077599999999
1294.92 84.12777599999998
1300.78 83.98977599999999
1306.64 83.84677599999999
1312.5 83.69877599999998
1318.36 83.546776
1324.22 83.391776
1330.08 83.23307599999998
1335.94 83.07147599999999
1341.8 82.90747599999999
1347.66 82.74137599999999
1353.52 82.57367599999999
1359.38 82.40497599999999
1365.23 82.235576
1371.09 82.06587599999999
1376.95 81.89647599999999
1382.81 81.72767599999999
1388.67 81.55987599999999
1394.53 81.39337599999999
1400.39 81.22847599999999
1406.25 81.06527599999998
1412.11 80.90417599999999
1417.97 80.74517599999999
1423.83 80.58837599999998
1429.69 80.43387599999998
1435.55 80.28147599999998
1441.41 80.13117599999998
1447.27 79.98287599999999
1453.12 79.83647599999999
1458.98 79.69167599999999
1464.84 79.548476
1470.7 79.40657599999999
1476.56 79.265976
1482.42 79.12647599999998
1488.28 78.98817599999998
1494.14 78.85097599999999
1500.0 78.71517599999999
1505.86 78.58087599999999
1511.72 78.44857599999999
1517.58 78.31867599999998
1523.44 78.191876
1529.3 78.06907599999998
1535.16 77.95117599999999
1541.02 77.839176
1546.88 77.73437599999998
1552.73 77.637976
1558.59 77.55157599999998
1564.45 77.47627599999998
1570.31 77.41367599999998
1576.17 77.36497599999998
1582.03 77.33127599999999
1587.89 77.313476
1593.75 77.31227599999998
1599.61 77.32807599999998
1605.47 77.36087599999999
1611.33 77.41057599999999
1617.19 77.47647599999999
1623.05 77.55767599999999
1628.91 77.65327599999999
1634.77 77.761676
1640.62 77.88167599999998
1646.48 78.01157599999999
1652.34 78.14987599999999
1658.2 78.29497599999999
1664.06 78.44537599999998
1669.92 78.59957599999998
1675.78 78.75637599999999
1681.64 78.914476
1687.5 79.072876
1693.36 79.23047599999998
1699.22 79.386676
1705.08 79.54067599999999
1710.94 79.69197599999998
1716.8 79.84017599999999
1722.66 79.98487599999999
1728.52 80.12587599999999
1734.38 80.26307599999998
1740.23 80.39637599999999
1746.09 80.52587599999998
1751.95 80.651676
1757.81 80.77387599999999
1763.67 80.892676
1769.53 81.00827599999998
1775.39 81.12097599999998
1781.25 81.23097599999998
1787.11 81.33857599999999
1792.97 81.44407599999998
1798.83 81.54777599999998
1804.69 81.64967599999999
1810.55 81.75027599999999
1816.41 81.84957599999998
1822.27 81.94777599999999
1828.12 82.04487599999999
1833.98 82.14107599999998
1839.84 82.23637599999999
1845.7 82.330576
1851.56 82.42367599999999
1857.42 82.51557599999998
1863.28 82.60607599999999
1869.14 82.69497599999998
1875.0 82.78197599999999
1880.86 82.866976
1886.72 82.949576
1892.58 83.02957599999999
1898.44 83.106676
1904.3 83.18047599999998
1910.16 83.25077599999999
1916.02 83.31737599999998
1921.88 83.37977599999999
1927.73 83.43777599999999
1933.59 83.49177599999999
1939.45 83.540776
1945.31 83.58477599999999
1951.17 83.62377599999999
1957.03 83.65777599999998
1962.89 83.68577599999999
1968.75 83.70977599999999
1974.61 83.72777599999999
1980.47 83.74077599999998
1986.33 83.74877599999999
1992.19 83.75177599999999
1998.05 83.74977599999998
2003.91 83.74377599999998
2009.77 83.73277599999999
2015.62 83.71877599999999
2021.48 83.70077599999999
2027.34 83.67977599999999
2033.2 83.65577599999999
2039.06 83.62977599999999
2044.92 83.60277599999999
2050.78 83.57377599999998
2056.64 83.54477599999998
2062.5 83.51577599999999
2068.36 83.48677599999999
2074.22 83.45977599999999
2080.08 83.43277599999999
2085.94 83.40877599999999
2091.8 83.38677599999998
2097.66 83.366976
2103.52 83.35017599999999
2109.38 83.33627599999998
2115.23 83.32537599999999
2121.09 83.31737599999998
2126.95 83.31227599999998
2132.81 83.30987599999999
2138.67 83.30997599999999
2144.53 83.312176
2150.39 83.31607599999998
2156.25 83.32147599999999
2162.11 83.32777599999999
2167.97 83.33457599999998
2173.83 83.34147599999999
2179.69 83.34797599999999
2185.55 83.353676
2191.41 83.35807599999998
2197.27 83.360976
2203.12 83.36187599999998
2208.98 83.36047599999999
2214.84 83.356676
2220.7 83.35017599999999
2226.56 83.34077599999999
2232.42 83.32857599999998
2238.28 83.31337599999999
2244.14 83.29527599999999
2250.0 83.27437599999999
2255.86 83.25087599999999
2261.72 83.22507599999999
2267.58 83.19707599999998
2273.44 83.16727599999999
2279.3 83.13607599999999
2285.16 83.10397599999999
2291.02 83.07127599999998
2296.88 83.03857599999999
2302.73 83.00617599999998
2308.59 82.97477599999999
2314.45 82.94467599999999
2320.31 82.91637599999999
2326.17 82.89027599999999
2332.03 82.86667599999998
2337.89 82.845976
2343.75 82.82827599999999
2349.61 82.81367599999999
2355.47 82.80227599999999
2361.33 82.79407599999999
2367.19 82.78887599999999
2373.05 82.78657599999998
2378.91 82.78677599999999
2384.77 82.78917599999998
2390.62 82.79327599999999
2396.48 82.79877599999999
2402.34 82.80507599999999
2408.2 82.81167599999999
2414.06 82.818176
2419.92 82.82387599999998
2425.78 82.82837599999999
2431.64 82.83117599999999
2437.5 82.831876
2443.36 82.82997599999999
2449.22 82.82507599999998
2455.08 82.81697599999998
2460.94 82.80527599999999
2466.8 82.78987599999999
2472.66 82.77047599999999
2478.52 82.74717599999998
2484.38 82.71977599999998
2490.23 82.68837599999999
2496.09 82.65317599999999
2501.95 82.61417599999999
2507.81 82.54837599999999
2513.67 82.50147599999998
2519.53 82.47617599999998
2525.39 82.42567599999998
2531.25 82.37327599999999
2537.11 82.31957599999998
2542.97 82.26497599999999
2548.83 82.210276
2554.69 82.15587599999999
2560.55 82.10257599999998
2566.41 82.05087599999999
2572.27 82.00127599999999
2578.12 81.95437599999998
2583.98 81.91067599999998
2589.84 81.87047599999998
2595.7 81.83417599999999
2601.56 81.801876
2607.42 81.77387599999999
2613.28 81.74997599999999
2619.14 81.73027599999999
2625.0 81.71447599999999
2630.86 81.70227599999998
2636.72 81.69337599999999
2642.58 81.68737599999999
2648.44 81.68367599999999
2654.3 81.68187599999999
2660.16 81.68127599999998
2666.02 81.68137599999999
2671.88 81.68167599999998
2677.73 81.68157599999999
2683.59 81.68067599999999
2689.45 81.67847599999999
2695.31 81.67447599999998
2701.17 81.66837599999998
2707.03 81.66007599999999
2712.89 81.649076
2718.75 81.63557599999999
2724.61 81.61917599999998
2730.47 81.60017599999999
2736.33 81.57857599999998
2742.19 81.55457599999998
2748.05 81.528376
2753.91 81.50037599999999
2759.77 81.47087599999999
2765.62 81.44037599999999
2771.48 81.409376
2777.34 81.37837599999999
2783.2 81.34807599999999
2789.06 81.31887599999999
2794.92 81.29157599999999
2800.78 81.26647599999998
2806.64 81.24437599999999
2812.5 81.22557599999999
2818.36 81.21067599999999
2824.22 81.19977599999999
2830.08 81.19327599999998
2835.94 81.19117599999998
2841.8 81.193576
2847.66 81.20027599999999
2853.52 81.21127599999998
2859.38 81.22587599999999
2865.23 81.24397599999999
2871.09 81.26487599999999
2876.95 81.28797599999999
2882.81 81.31267599999998
2888.67 81.33817599999999
2894.53 81.363976
2900.39 81.38907599999999
2906.25 81.41297599999999
2912.11 81.43497599999999
2917.97 81.45437599999998
2923.83 81.470576
2929.69 81.482976
2935.55 81.49127599999998
2941.41 81.49487599999999
2947.27 81.493676
2953.12 81.48717599999999
2958.98 81.47537599999998
2964.84 81.45797599999999
2970.7 81.43517599999998
2976.56 81.40697599999999
2982.42 81.373376
2988.28 81.33467599999999
2994.14 81.29127599999998
3000.0 81.243276
3005.86 81.19137599999999
3011.72 81.13607599999999
3017.58 81.07777599999999
3023.44 81.01717599999999
3029.3 80.95507599999999
3035.16 80.89217599999999
3041.02 80.82907599999999
3046.88 80.76687599999998
3052.73 80.70607599999998
3058.59 80.64747599999998
3064.45 80.59187599999998
3070.31 80.53997599999998
3076.17 80.49217599999999
3082.03 80.44897599999999
3087.89 80.41077599999998
3093.75 80.37777599999998
3099.61 80.349876
3105.47 80.327176
3111.33 80.30927599999998
3117.19 80.29577599999999
3123.05 80.28617599999998
3128.91 80.27987599999999
3134.77 80.27607599999999
3140.62 80.27397599999999
3146.48 80.272776
3152.34 80.27147599999999
3158.2 80.26927599999999
3164.06 80.26527599999999
3169.92 80.25877599999998
3175.78 80.24877599999999
3181.64 80.23477599999998
3187.5 80.21607599999999
3193.36 80.19217599999999
3199.22 80.16257599999999
3205.08 80.12697599999998
3210.94 80.08517599999999
3216.8 80.03707599999998
3222.66 79.98267599999998
3228.52 79.92197599999999
3234.38 79.85527599999999
3240.23 79.78287599999999
3246.09 79.70527599999998
3251.95 79.622976
3257.81 79.53657599999998
3263.67 79.44697599999999
3269.53 79.35507599999998
3275.39 79.261676
3281.25 79.16797599999998
3287.11 79.07487599999999
3292.97 78.98367599999999
3298.83 78.89547599999999
3304.69 78.81137599999998
3310.55 78.73237599999999
3316.41 78.65947599999998
3322.27 78.59347599999998
3328.12 78.53517599999999
3333.98 78.48497599999999
3339.84 78.44307599999999
3345.7 78.40967599999999
3351.56 78.38437599999999
3357.42 78.36687599999999
3363.28 78.35647599999999
3369.14 78.35237599999999
3375.0 78.35357599999999
3380.86 78.35877599999999
3386.72 78.366976
3392.58 78.37667599999999
3398.44 78.38677599999998
3404.3 78.39587599999999
3410.16 78.40277599999999
3416.02 78.406376
3421.88 78.40557599999998
3427.73 78.39957599999998
3433.59 78.38727599999999
3439.45 78.368276
3445.31 78.34197599999999
3451.17 78.30797599999998
3457.03 78.26607599999998
3462.89 78.21617599999999
3468.75 78.15837599999999
3474.61 78.09307599999998
3480.47 78.02047599999999
3486.33 77.94137599999999
3492.19 77.85637599999998
3498.05 77.766376
3503.91 77.67257599999999
3509.77 77.57597599999998
3515.62 77.47797599999998
3521.48 77.38007599999999
3527.34 77.28357599999998
3533.2 77.19007599999999
3539.06 77.10107599999999
3544.92 77.018076
3550.78 76.94217599999999
3556.64 76.874676
3562.5 76.81657599999998
3568.36 76.76827599999999
3574.22 76.73037599999999
3580.08 76.70267599999998
3585.94 76.68517599999998
3591.8 76.67697599999998
3597.66 76.67737599999998
3603.52 76.68517599999998
3609.38 76.69897599999999
3615.23 76.71727599999998
3621.09 76.73837599999999
3626.95 76.76077599999999
3632.81 76.78257599999999
3638.67 76.80237599999998
3644.53 76.81837599999999
3650.39 76.829276
3656.25 76.833576
3662.11 76.830176
3667.97 76.81777599999998
3673.83 76.79567599999999
3679.69 76.762976
3685.55 76.71907599999999
3691.41 76.66337599999999
3697.27 76.59567599999998
3703.12 76.51587599999999
3708.98 76.42387599999999
3714.84 76.31997599999998
3720.7 76.20447599999999
3726.56 76.07817599999998
3732.42 75.941876
3738.28 75.79667599999999
3744.14 75.64377599999999
3750.0 75.48507599999999
3755.86 75.32217599999998
3761.72 75.15737599999999
3767.58 74.99317599999999
3773.44 74.83197599999998
3779.3 74.67657599999998
3785.16 74.52977599999998
3791.02 74.394376
3796.88 74.272776
3802.73 74.16737599999999
3808.59 74.07977599999998
3814.45 74.01137599999998
3820.31 73.96257599999998
3826.17 73.93327599999999
3832.03 73.92257599999999
3837.89 73.92907599999998
3843.75 73.95077599999999
3849.61 73.98507599999999
3855.47 74.02927599999998
3861.33 74.08047599999999
3867.19 74.13587599999998
3873.05 74.19257599999999
3878.91 74.24787599999999
3884.77 74.29947599999998
3890.62 74.34517599999998
3896.48 74.38317599999999
3902.34 74.41197599999998
3908.2 74.43047599999998
3914.06 74.43787599999999
3919.92 74.43347599999998
3925.78 74.41737599999999
3931.64 74.38957599999999
3937.5 74.35057599999999
3943.36 74.30127599999999
3949.22 74.24287599999998
3955.08 74.176876
3960.94 74.10527599999999
3966.8 74.03017599999998
3972.66 73.954276
3978.52 73.88037599999998
3984.38 73.81157599999999
3990.23 73.75087599999999
3996.09 73.70167599999999
4001.95 73.66677599999998
4007.81 73.64897599999999
4013.67 73.65047599999998
4019.53 73.67267599999998
4025.39 73.71647599999999
4031.25 73.78197599999999
4037.11 73.868276
4042.97 73.973976
4048.83 74.09677599999999
4054.69 74.23407599999999
4060.55 74.38287599999998
4066.41 74.53997599999998
4072.27 74.70227599999998
4078.12 74.86647599999999
4083.98 75.02977599999998
4089.84 75.18927599999999
4095.7 75.34267599999998
4101.56 75.48787599999999
4107.42 75.62287599999999
4113.28 75.74617599999999
4119.14 75.85647599999999
4125.0 75.95277599999999
4130.86 76.03427599999999
4136.72 76.100276
4142.58 76.15067599999999
4148.44 76.18507599999998
4154.3 76.20357599999998
4160.16 76.20667599999999
4166.02 76.19457599999998
4171.88 76.16817599999999
4177.73 76.09847599999999
4183.59 76.04167599999998
4189.45 75.97507599999999
4195.31 75.93517599999998
4201.17 75.85887599999998
4207.03 75.778376
4212.89 75.69607599999999
4218.75 75.61487599999998
4224.61 75.53747599999998
4230.47 75.46697599999999
4236.33 75.40617599999999
4242.19 75.35777599999999
4248.05 75.32407599999999
4253.91 75.30697599999999
4259.77 75.307876
4265.62 75.32737599999999
4271.48 75.36557599999999
4277.34 75.421776
4283.2 75.49467599999998
4289.06 75.58247599999999
4294.92 75.68267599999999
4300.78 75.79287599999999
4306.64 75.91017599999999
4312.5 76.031776
4318.36 76.15477599999998
4324.22 76.27657599999999
4330.08 76.39457599999999
4335.94 76.50667599999998
4341.8 76.61077599999999
4347.66 76.705176
4353.52 76.78847599999999
4359.38 76.85937599999998
4365.23 76.917076
4371.09 76.96067599999999
4376.95 76.98997599999998
4382.81 77.00467599999999
4388.67 77.00477599999999
4394.53 76.99057599999999
4400.39 76.96257599999998
4406.25 76.92167599999999
4412.11 76.86887599999999
4417.97 76.80567599999999
4423.83 76.73377599999999
4429.69 76.65517599999998
4435.55 76.572476
4441.41 76.48837599999999
4447.27 76.40587599999999
4453.12 76.32837599999999
4458.98 76.25917599999998
4464.84 76.20167599999999
4470.7 76.15927599999999
4476.56 76.13487599999999
4482.42 76.13087599999999
4488.28 76.14927599999999
4494.14 76.19097599999999
4500.0 76.25627599999999
4505.86 76.34467599999999
4511.72 76.45477599999998
4517.58 76.58457599999998
4523.44 76.73147599999999
4529.3 76.89247599999999
4535.16 77.06467599999999
4541.02 77.24477599999999
4546.88 77.429876
4552.73 77.61717599999999
4558.59 77.80417599999998
4564.45 77.98867599999998
4570.31 78.16907599999999
4576.17 78.343876
4582.03 78.512076
4587.89 78.673076
4593.75 78.82647599999999
4599.61 78.97217599999999
4605.47 79.110576
4611.33 79.24217599999999
4617.19 79.36767599999999
4623.05 79.48817599999998
4628.91 79.604576
4634.77 79.71837599999999
4640.62 79.83107599999998
4646.48 79.94407599999998
4652.34 80.05907599999999
4658.2 80.17767599999999
4664.06 80.301476
4669.92 80.43197599999999
4675.78 80.57047599999999
4681.64 80.71827599999999
4687.5 80.87617599999999
4693.36 81.04487599999999
4699.22 81.22477599999999
4705.08 81.41597599999999
4710.94 81.61837599999998
4716.8 81.83127599999999
4722.66 82.05417599999998
4728.52 82.28597599999999
4734.38 82.52567599999999
4740.23 82.77207599999998
4746.09 83.02387599999999
4751.95 83.27987599999999
4757.81 83.53877599999998
4763.67 83.79877599999999
4769.53 84.05977599999999
4775.39 84.32077599999998
4781.25 84.57877599999999
4787.11 84.83577599999998
4792.97 85.08877599999998
4798.83 85.33877599999998
4804.69 85.58477599999999
4810.55 85.82577599999999
4816.41 86.061776
4822.27 86.29277599999999
4828.12 86.51877599999999
4833.98 86.73977599999999
4839.84 86.95477599999998
4845.7 87.16477599999999
4851.56 87.36877599999998
4857.42 87.56877599999999
4863.28 87.76277599999999
4869.14 87.95177599999998
4875.0 88.13677599999998
4880.86 88.31577599999999
4886.72 88.49077599999998
4892.58 88.66077599999998
4898.44 88.82577599999999
4904.3 88.98677599999999
4910.16 89.14377599999999
4916.02 89.29577599999999
4921.88 89.44377599999999
4927.73 89.58677599999999
4933.59 89.72577599999998
4939.45 89.85977599999998
4945.31 89.98977599999999
4951.17 90.11477599999999
4957.03 90.23477599999998
4962.89 90.34977599999999
4968.75 90.45977599999999
4974.61 90.564776
4980.47 90.66477599999999
4986.33 90.75877599999998
4992.19 90.84777599999998
4998.05 90.930776
5003.91 91.00777599999999
5009.77 91.07977599999998
5015.62 91.144776
5021.48 91.20377599999999
5027.34 91.25577599999998
5033.2 91.302776
5039.06 91.34277599999999
5044.92 91.37577599999999
5050.78 91.403776
5056.64 91.42377599999999
5062.5 91.43877599999999
5068.36 91.44677599999999
5074.22 91.44877599999998
5080.08 91.44477599999999
5085.94 91.43577599999999
5091.8 91.42077599999999
5097.66 91.39977599999999
5103.52 91.37377599999999
5109.38 91.34377599999999
5115.23 91.308776
5121.09 91.27077599999998
5126.95 91.22877599999998
5132.81 91.183776
5138.67 91.13577599999999
5144.53 91.08677599999999
5150.39 91.03677599999999
5156.25 90.98577599999999
5162.11 90.93477599999999
5167.97 90.88477599999999
5173.83 90.83577599999998
5179.69 90.78977599999999
5185.55 90.74577599999999
5191.41 90.70577599999999
5197.27 90.66977599999998
5203.12 90.638776
5208.98 90.61277599999998
5214.84 90.59277599999999
5220.7 90.57777599999999
5226.56 90.56977599999999
5232.42 90.56777599999998
5238.28 90.57177599999999
5244.14 90.58277599999998
5250.0 90.59977599999999
5255.86 90.62177599999998
5261.72 90.650776
5267.58 90.68477599999999
5273.44 90.72377599999999
5279.3 90.766776
5285.16 90.81377599999999
5291.02 90.86377599999999
5296.88 90.91677599999998
5302.73 90.97277599999998
5308.59 91.02977599999998
5314.45 91.08877599999998
5320.31 91.147776
5326.17 91.20777599999998
5332.03 91.266776
5337.89 91.32677599999998
5343.75 91.38477599999999
5349.61 91.44277599999998
5355.47 91.49977599999998
5361.33 91.555776
5367.19 91.61077599999999
5373.05 91.66377599999998
5378.91 91.71577599999999
5384.77 91.76577599999999
5390.62 91.814776
5396.48 91.86277599999998
5402.34 91.90877599999999
5408.2 91.95477599999998
5414.06 91.99877599999999
5419.92 92.04177599999998
5425.78 92.08377599999999
5431.64 92.12577599999999
5437.5 92.165776
5443.36 92.20577599999999
5449.22 92.24477599999999
5455.08 92.28277599999998
5460.94 92.32077599999998
5466.8 92.35677599999998
5472.66 92.39277599999998
5478.52 92.427776
5484.38 92.46177599999999
5490.23 92.49377599999998
5496.09 92.52477599999999
5501.95 92.55477599999999
5507.81 92.58277599999998
5513.67 92.60877599999999
5519.53 92.63277599999999
5525.39 92.653776
5531.25 92.67277599999998
5537.11 92.68877599999999
5542.97 92.70277599999999
5548.83 92.71277599999999
5554.69 92.71977599999998
5560.55 92.72277599999998
5566.41 92.72277599999998
5572.27 92.71877599999999
5578.12 92.71077599999998
5583.98 92.69877599999998
5589.84 92.683776
5595.7 92.66477599999999
5601.56 92.641776
5607.42 92.61477599999999
5613.28 92.58477599999999
5619.14 92.55077599999998
5625.0 92.513776
5630.86 92.47377599999999
5636.72 92.43177599999999
5642.58 92.38677599999998
5648.44 92.33977599999999
5654.3 92.29177599999998
5660.16 92.24177599999999
5666.02 92.19177599999999
5671.88 92.141776
5677.73 92.09177599999998
5683.59 92.04177599999998
5689.45 91.99377599999998
5695.31 91.94777599999999
5701.17 91.90277599999999
5707.03 91.86077599999999
5712.89 91.82177599999999
5718.75 91.78677599999999
5724.61 91.75377599999999
5730.47 91.72477599999999
5736.33 91.69977599999999
5742.19 91.67877599999998
5748.05 91.66077599999998
5753.91 91.64677599999999
5759.77 91.63677599999998
5765.62 91.62877599999999
5771.48 91.62477599999998
5777.34 91.62277599999999
5783.2 91.62277599999999
5789.06 91.62477599999998
5794.92 91.62877599999999
5800.78 91.63277599999999
5806.64 91.63777599999999
5812.5 91.641776
5818.36 91.64577599999998
5824.22 91.64977599999999
5830.08 91.65177599999998
5835.94 91.65277599999999
5841.8 91.65277599999999
5847.66 91.64977599999999
5853.52 91.64077599999999
5859.38 91.63377599999998
5865.23 91.62377599999999
5871.09 91.61777599999999
5876.95 91.60477599999999
5882.81 91.59077599999999
5888.67 91.57577599999999
5894.53 91.558776
5900.39 91.54177599999998
5906.25 91.52377599999998
5912.11 91.50477599999999
5917.97 91.48677599999999
5923.83 91.46977599999998
5929.69 91.45277599999999
5935.55 91.43777599999999
5941.41 91.42377599999999
5947.27 91.412776
5953.12 91.403776
5958.98 91.39677599999999
5964.84 91.39377599999999
5970.7 91.39377599999999
5976.56 91.39677599999999
5982.42 91.403776
5988.28 91.412776
5994.14 91.42577599999998
6000.0 91.44177599999999
6005.86 91.46077599999998
6011.72 91.48177599999998
6017.58 91.50577599999998
6023.44 91.531776
6029.3 91.558776
6035.16 91.58677599999999
6041.02 91.61577599999998
6046.88 91.64577599999998
6052.73 91.674776
6058.59 91.70377599999999
6064.45 91.73177599999998
6070.31 91.75877599999998
6076.17 91.784776
6082.03 91.808776
6087.89 91.82977599999998
6093.75 91.84977599999999
6099.61 91.86777599999999
6105.47 91.88377599999998
6111.33 91.89677599999999
6117.19 91.90777599999998
6123.05 91.91677599999998
6128.91 91.92377599999999
6134.77 91.92977599999999
6140.62 91.93277599999999
6146.48 91.93477599999999
6152.34 91.936776
6158.2 91.936776
6164.06 91.936776
6169.92 91.93577599999999
6175.78 91.93577599999999
6181.64 91.93477599999999
6187.5 91.93577599999999
6193.36 91.936776
6199.22 91.93877599999999
6205.08 91.94177599999999
6210.94 91.94677599999999
6216.8 91.95277599999999
6222.66 91.96077599999998
6228.52 91.96977599999998
6234.38 91.98077599999999
6240.23 91.99277599999999
6246.09 92.00577599999998
6251.95 92.02077599999998
6257.81 92.03577599999998
6263.67 92.05177599999999
6269.53 92.06777599999998
6275.39 92.08477599999999
6281.25 92.10077599999998
6287.11 92.11677599999999
6292.97 92.13177599999999
6298.83 92.14577599999998
6304.69 92.15877599999999
6310.55 92.17077599999999
6316.41 92.17977599999999
6322.27 92.18777599999999
6328.12 92.19377599999999
6333.98 92.19677599999999
6339.84 92.19777599999999
6345.7 92.19677599999999
6351.56 92.19277599999998
6357.42 92.186776
6363.28 92.17877599999998
6369.14 92.16777599999999
6375.0 92.15477599999998
6380.86 92.14077599999999
6386.72 92.12377599999999
6392.58 92.10577599999999
6398.44 92.08677599999999
6404.3 92.06677599999999
6410.16 92.04577599999999
6416.02 92.02477599999999
6421.88 92.00277599999998
6427.73 91.98177599999998
6433.59 91.96077599999998
6439.45 91.939776
6445.31 91.92077599999999
6451.17 91.90177599999998
6457.03 91.88477599999999
6462.89 91.86777599999999
6468.75 91.85377599999998
6474.61 91.84077599999999
6480.47 91.82877599999999
6486.33 91.81877599999999
6492.19 91.80977599999999
6498.05 91.80177599999999
6503.91 91.79577599999999
6509.77 91.790776
6515.62 91.78577599999998
6521.48 91.781776
6527.34 91.77777599999999
6533.2 91.77477599999999
6539.06 91.77077599999998
6544.92 91.766776
6550.78 91.76277599999999
6556.64 91.75677599999999
6562.5 91.75077599999999
6568.36 91.74277599999999
6574.22 91.73377599999999
6580.08 91.72377599999999
6585.94 91.71177599999999
6591.8 91.69877599999998
6597.66 91.683776
6603.52 91.66677599999998
6609.38 91.64877599999998
6615.23 91.62877599999999
6621.09 91.60777599999999
6626.95 91.58577599999998
6632.81 91.56277599999999
6638.67 91.53877599999998
6644.53 91.513776
6650.39 91.48877599999999
6656.25 91.46477599999999
6662.11 91.439776
6667.97 91.415776
6673.83 91.391776
6679.69 91.36877599999998
6685.55 91.34777599999998
6691.41 91.32777599999999
6697.27 91.308776
6703.12 91.29177599999998
6708.98 91.27677599999998
6714.84 91.26277599999999
6720.7 91.25177599999999
6726.56 91.24177599999999
6732.42 91.23377599999999
6738.28 91.22677599999999
6744.14 91.22177599999999
6750.0 91.21877599999999
6755.86 91.21577599999999
6761.72 91.21377599999998
6767.58 91.21277599999999
6773.44 91.21277599999999
6779.3 91.21177599999999
6785.16 91.21077599999998
6791.02 91.20877599999999
6796.88 91.20677599999999
6802.73 91.20277599999999
6808.59 91.19777599999999
6814.45 91.19177599999999
6820.31 91.18277599999999
6826.17 91.17277599999998
6832.03 91.16077599999998
6837.89 91.14577599999998
6843.75 91.12877599999999
6849.61 91.10977599999998
6855.47 91.08877599999998
6861.33 91.064776
6867.19 91.03877599999998
6873.05 91.01177599999998
6878.91 90.98177599999998
6884.77 90.95077599999999
6890.62 90.91777599999999
6896.48 90.88377599999998
6902.34 90.84977599999999
6908.2 90.814776
6914.06 90.77977599999998
6919.92 90.74377599999998
6925.78 90.70977599999999
6931.64 90.67577599999998
6937.5 90.64277599999998
6943.36 90.61077599999999
6949.22 90.58077599999999
6955.08 90.552776
6960.94 90.52677599999998
6966.8 90.50177599999999
6972.66 90.48077599999999
6978.52 90.46077599999998
6984.38 90.44277599999998
6990.23 90.427776
6996.09 90.41477599999999
7001.95 90.403776
7007.81 90.394776
7013.67 90.38677599999998
7019.53 90.38077599999998
7025.39 90.37577599999999
7031.25 90.37077599999999
7037.11 90.36677599999999
7042.97 90.36277599999998
7048.83 90.35877599999999
7054.69 90.35477599999999
7060.55 90.34977599999999
7066.41 90.34377599999999
7072.27 90.33677599999999
7078.12 90.32877599999999
7083.98 90.31877599999999
7089.84 90.30777599999999
7095.7 90.29477599999998
7101.56 90.27977599999998
7107.42 90.263776
7113.28 90.24577599999999
7119.14 90.22577599999998
7125.0 90.20577599999999
7130.86 90.18277599999999
7136.72 90.159776
7142.58 90.13577599999999
7148.44 90.11177599999999
7154.3 90.08677599999999
7160.16 90.061776
7166.02 90.037776
7171.88 90.013776
7177.73 89.99077599999998
7183.59 89.96877599999999
7189.45 89.94777599999999
7195.31 89.92977599999999
7201.17 89.91177599999999
7207.03 89.89677599999999
7212.89 89.88377599999998
7218.75 89.87277599999999
7224.61 89.86377599999999
7230.47 89.85777599999999
7236.33 89.85277599999999
7242.19 89.84977599999999
7248.05 89.84877599999999
7253.91 89.84977599999999
7259.77 89.85177599999999
7265.62 89.85477599999999
7271.48 89.85877599999999
7277.34 89.86277599999998
7283.2 89.86777599999999
7289.06 89.87277599999999
7294.92 89.87677599999999
7300.78 89.88077599999998
7306.64 89.88377599999998
7312.5 89.88577599999999
7318.36 89.88677599999998
7324.22 89.88577599999999
7330.08 89.88377599999998
7335.94 89.88077599999998
7341.8 89.87477599999998
7347.66 89.86777599999999
7353.52 89.85977599999998
7359.38 89.84977599999999
7365.23 89.83777599999999
7371.09 89.82477599999999
7376.95 89.80977599999999
7382.81 89.79477599999998
7388.67 89.778776
7394.53 89.76177599999998
7400.39 89.74477599999999
7406.25 89.72777599999999
7412.11 89.71177599999999
7417.97 89.69477599999999
7423.83 89.67977599999999
7429.69 89.66477599999999
7435.55 89.65177599999998
7441.41 89.63977599999998
7447.27 89.62977599999999
7453.12 89.62077599999999
7458.98 89.61377599999999
7464.84 89.60877599999999
7470.7 89.60577599999999
7476.56 89.60477599999999
7482.42 89.60477599999999
7488.28 89.60677599999998
7494.14 89.61077599999999
7500.0 89.61577599999998
7505.86 89.62177599999998
7511.72 89.62877599999999
7517.58 89.63677599999998
7523.44 89.64877599999998
7529.3 89.65777599999998
7535.16 89.665776
7541.02 89.67377599999999
7546.88 89.67677599999999
7552.73 89.68277599999999
7558.59 89.68877599999999
7564.45 89.69277599999998
7570.31 89.69677599999999
7576.17 89.69877599999998
7582.03 89.69977599999999
7587.89 89.69877599999998
7593.75 89.69677599999999
7599.61 89.69277599999998
7605.47 89.68777599999999
7611.33 89.68177599999999
7617.19 89.67377599999999
7623.05 89.665776
7628.91 89.65577599999999
7634.77 89.64577599999998
7640.62 89.63477599999999
7646.48 89.62377599999999
7652.34 89.61277599999998
7658.2 89.60177599999999
7664.06 89.59077599999999
7669.92 89.57977599999998
7675.78 89.57077599999998
7681.64 89.561776
7687.5 89.55377599999998
7693.36 89.546776
7699.22 89.54177599999998
7705.08 89.53677599999999
7710.94 89.53377599999999
7716.8 89.53277599999998
7722.66 89.531776
7728.52 89.53277599999998
7734.38 89.534776
7740.23 89.537776
7746.09 89.54177599999998
7751.95 89.54577599999999
7757.81 89.55077599999998
7763.67 89.555776
7769.53 89.56077599999999
7775.39 89.564776
7781.25 89.56877599999999
7787.11 89.57177599999999
7792.97 89.57377599999998
7798.83 89.57477599999999
7804.69 89.57377599999998
7810.55 89.57177599999999
7816.41 89.56777599999998
7822.27 89.561776
7828.12 89.552776
7833.98 89.54277599999999
7839.84 89.52977599999998
7845.7 89.51577599999999
7851.56 89.49877599999999
7857.42 89.47977599999999
7863.28 89.45877599999999
7869.14 89.43577599999999
7875.0 89.41077599999998
7880.86 89.38477599999999
7886.72 89.35677599999998
7892.58 89.32877599999999
7898.44 89.29877599999999
7904.3 89.26877599999999
7910.16 89.23877599999999
7916.02 89.20877599999999
7921.88 89.17877599999998
7927.73 89.14977599999999
7933.59 89.12077599999999
7939.45 89.09277599999999
7945.31 89.06677599999999
7951.17 89.04177599999998
7957.03 89.01877599999999
7962.89 88.99677599999998
7968.75 88.97677599999999
7974.61 88.95877599999999
7980.47 88.94277599999998
7986.33 88.927776
7992.19 88.91477599999999
7998.05 88.90277599999999
8003.91 88.89277599999998
8009.77 88.88277599999999
8015.62 88.87477599999998
8021.48 88.86677599999999
8027.34 88.85977599999998
8033.2 88.85177599999999
8039.06 88.84477599999998
8044.92 88.83677599999999
8050.78 88.82877599999999
8056.64 88.81877599999999
8062.5 88.808776
8068.36 88.796776
8074.22 88.78277599999998
8080.08 88.76877599999999
8085.94 88.75177599999999
8091.8 88.73377599999999
8097.66 88.71377599999998
8103.52 88.69277599999998
8109.38 88.668776
8115.23 88.644776
8121.09 88.61877599999998
8126.95 88.59077599999999
8132.81 88.56277599999999
8138.67 88.53377599999999
8144.53 88.50377599999999
8150.39 88.47377599999999
8156.25 88.44477599999999
8162.11 88.41477599999999
8167.97 88.38677599999998
8173.83 88.35877599999999
8179.69 88.33177599999999
8185.55 88.30677599999999
8191.41 88.28377599999999
8197.27 88.26177599999998
8203.12 88.24277599999999
8208.98 88.22577599999998
8214.84 88.21077599999998
8220.7 88.19877599999998
8226.56 88.18877599999999
8232.42 88.18177599999999
8238.28 88.17677599999999
8244.14 88.17377599999999
8250.0 88.17277599999998
8255.86 88.17377599999999
8261.72 88.17577599999998
8267.58 88.17977599999999
8273.44 88.18477599999999
8279.3 88.19177599999999
8285.16 88.19877599999998
8291.02 88.20577599999999
8296.88 88.21377599999998
8302.73 88.22077599999999
8308.59 88.22877599999998
8314.45 88.23577599999999
8320.31 88.24277599999999
8326.17 88.24877599999999
8332.03 88.25477599999999
8337.89 88.25977599999999
8343.75 88.263776
8349.61 88.26777599999998
8355.47 88.27077599999998
8361.33 88.27377599999998
8367.19 88.275776
8373.05 88.27777599999999
8378.91 88.27977599999998
8384.77 88.281776
8390.62 88.28377599999999
8396.48 88.28577599999998
8402.34 88.28877599999998
8408.2 88.29277599999999
8414.06 88.29777599999998
8419.92 88.302776
8425.78 88.30977599999999
8431.64 88.31777599999998
8437.5 88.32777599999999
8443.36 88.33777599999999
8449.22 88.34977599999999
8455.08 88.36377599999999
8460.94 88.37777599999998
8466.8 88.39377599999999
8472.66 88.41077599999998
8478.52 88.42877599999998
8484.38 88.44677599999999
8490.23 88.46577599999999
8496.09 88.48477599999998
8501.95 88.50377599999999
8507.81 88.52377599999998
8513.67 88.54177599999998
8519.53 88.55977599999999
8525.39 88.57777599999999
8531.25 88.59377599999999
8537.11 88.60877599999999
8542.97 88.62277599999999
8548.83 88.63477599999999
8554.69 88.644776
8560.55 88.65277599999999
8566.41 88.659776
8572.27 88.66477599999999
8578.12 88.66777599999999
8583.98 88.668776
8589.84 88.66777599999999
8595.7 88.66477599999999
8601.56 88.66077599999998
8607.42 88.65477599999998
8613.28 88.647776
8619.14 88.63977599999998
8625.0 88.62977599999999
8630.86 88.61977599999999
8636.72 88.60877599999999
8642.58 88.59777599999998
8648.44 88.58677599999999
8654.3 88.57477599999999
8660.16 88.56377599999999
8666.02 88.552776
8671.88 88.54277599999999
8677.73 88.53277599999998
8683.59 88.52377599999998
8689.45 88.51477599999998
8695.31 88.50777599999999
8701.17 88.50077599999999
8707.03 88.49477599999999
8712.89 88.48877599999999
8718.75 88.48477599999998
8724.61 88.47977599999999
8730.47 88.47577599999998
8736.33 88.47277599999998
8742.19 88.46877599999999
8748.05 88.46477599999999
8753.91 88.45977599999999
8759.77 88.45477599999998
8765.62 88.44877599999998
8771.48 88.44077599999999
8777.34 88.43277599999999
8783.2 88.42277599999998
8789.06 88.41077599999998
8794.92 88.397776
8800.78 88.38277599999999
8806.64 88.36677599999999
8812.5 88.34777599999998
8818.36 88.32777599999999
8824.22 88.30477599999999
8830.08 88.28077599999999
8835.94 88.25577599999998
8841.8 88.22877599999998
8847.66 88.20077599999999
8853.52 88.17077599999999
8859.38 88.14077599999999
8865.23 88.11077599999999
8871.09 88.07977599999998
8876.95 88.049776
8882.81 88.019776
8888.67 87.98977599999999
8894.53 87.96177599999999
8900.39 87.93477599999999
8906.25 87.90877599999999
8912.11 87.88577599999999
8917.97 87.86377599999999
8923.83 87.84377599999999
8929.69 87.82677599999998
8935.55 87.811776
8941.41 87.799776
8947.27 87.78977599999999
8953.12 87.781776
8958.98 87.775776
8964.84 87.77177599999999
8970.7 87.769776
8976.56 87.76877599999999
8982.42 87.769776
8988.28 87.77077599999998
8994.14 87.772776
9000.0 87.775776
9005.86 87.77777599999999
9011.72 87.77977599999998
9017.58 87.781776
9023.44 87.781776
9029.3 87.781776
9035.16 87.77977599999998
9041.02 87.77677599999998
9046.88 87.77177599999999
9052.73 87.76477599999998
9058.59 87.75677599999999
9064.45 87.74677599999998
9070.31 87.73577599999999
9076.17 87.72277599999998
9082.03 87.70877599999999
9087.89 87.69377599999999
9093.75 87.677776
9099.61 87.66077599999998
9105.47 87.64377599999999
9111.33 87.62677599999999
9117.19 87.60977599999998
9123.05 87.59377599999999
9128.91 87.57977599999998
9134.77 87.56577599999999
9140.62 87.55377599999998
9146.48 87.543776
9152.34 87.53577599999998
9158.2 87.53077599999999
9164.06 87.52777599999999
9169.92 87.52777599999999
9175.78 87.53077599999999
9181.64 87.53577599999998
9187.5 87.543776
9193.36 87.561776
9199.22 87.57577599999999
9205.08 87.59077599999999
9210.94 87.60777599999999
9216.8 87.62677599999999
9222.66 87.63777599999999
9228.52 87.656776
9234.38 87.67677599999999
9240.23 87.69777599999999
9246.09 87.71777599999999
9251.95 87.73677599999999
9257.81 87.75577599999998
9263.67 87.77377599999998
9269.53 87.78977599999999
9275.39 87.80477599999999
9281.25 87.81777599999998
9287.11 87.82877599999999
9292.97 87.83777599999999
9298.83 87.84477599999998
9304.69 87.84977599999999
9310.55 87.85177599999999
9316.41 87.85277599999999
9322.27 87.85177599999999
9328.12 87.84977599999999
9333.98 87.84577599999999
9339.84 87.83977599999999
9345.7 87.83377599999999
9351.56 87.82677599999998
9357.42 87.81977599999999
9363.28 87.81277599999999
9369.14 87.805776
9375.0 87.79877599999999
9380.86 87.793776
9386.72 87.78977599999999
9392.58 87.78677599999999
9398.44 87.784776
9404.3 87.78577599999998
9410.16 87.787776
9416.02 87.79277599999999
9421.88 87.79877599999999
9427.73 87.80677599999999
9433.59 87.81777599999998
9439.45 87.82977599999998
9445.31 87.84277599999999
9451.17 87.85777599999999
9457.03 87.87477599999998
9462.89 87.891776
9468.75 87.90877599999999
9474.61 87.92677599999999
9480.47 87.94377599999999
9486.33 87.96077599999998
9492.19 87.97677599999999
9498.05 87.99177599999999
9503.91 88.00477599999999
9509.77 88.016776
9515.62 88.025776
9521.48 88.03277599999998
9527.34 88.03677599999999
9533.2 88.037776
9539.06 88.03677599999999
9544.92 88.031776
9550.78 88.02477599999999
9556.64 88.013776
9562.5 88.00077599999999
9568.36 87.98377599999999
9574.22 87.96577599999999
9580.08 87.94377599999999
9585.94 87.92077599999999
9591.8 87.894776
9597.66 87.86877599999998
9603.52 87.84077599999999
9609.38 87.811776
9615.23 87.781776
9621.09 87.75277599999998
9626.95 87.72377599999999
9632.81 87.69577599999998
9638.67 87.668776
9644.53 87.64277599999998
9650.39 87.61977599999999
9656.25 87.59777599999998
9662.11 87.57877599999999
9667.97 87.561776
9673.83 87.54877599999999
9679.69 87.537776
9685.55 87.528776
9691.41 87.52377599999998
9697.27 87.52077599999998
9703.12 87.52077599999998
9708.98 87.522776
9714.84 87.52777599999999
9720.7 87.53377599999999
9726.56 87.54177599999998
9732.42 87.55077599999998
9738.28 87.56077599999999
9744.14 87.57177599999999
9750.0 87.58177599999999
9755.86 87.59277599999999
9761.72 87.60277599999999
9767.58 87.61177599999999
9773.44 87.62077599999999
9779.3 87.62777599999998
9785.16 87.63377599999998
9791.02 87.63777599999999
9796.88 87.64077599999999
9802.73 87.641776
9808.59 87.64077599999999
9814.45 87.638776
9820.31 87.63477599999999
9826.17 87.62877599999999
9832.03 87.62277599999999
9837.89 87.61477599999999
9843.75 87.60677599999998
9849.61 87.59777599999998
9855.47 87.58777599999999
9861.33 87.57877599999999
9867.19 87.56977599999999
9873.05 87.56077599999999
9878.91 87.552776
9884.77 87.54577599999999
9890.62 87.53977599999999
9896.48 87.534776
9902.34 87.53277599999998
9908.2 87.53077599999999
9914.06 87.531776
9919.92 87.53377599999999
9925.78 87.537776
9931.64 87.543776
9937.5 87.55077599999998
9943.36 87.55977599999999
9949.22 87.56977599999999
9955.08 87.58077599999999
9960.94 87.59277599999999
9966.8 87.60577599999999
9972.66 87.61777599999999
9978.52 87.63077599999998
9984.38 87.64377599999999
9990.23 87.65577599999999
9996.09 87.66677599999998
10002.0 87.67677599999999
10007.8 87.68577599999999
10013.7 87.69377599999999
10019.5 87.69977599999999
10025.4 87.70377599999999
10031.2 87.70577599999999
10037.1 87.70677599999999
10043.0 87.70477599999998
10048.8 87.70177599999998
10054.7 87.69677599999999
10060.5 87.689776
10066.4 87.68177599999999
10072.3 87.67277599999998
10078.1 87.66177599999999
10084.0 87.64977599999999
10089.8 87.63777599999999
10095.7 87.62477599999998
10101.6 87.61177599999999
10107.4 87.59877599999999
10113.3 87.58677599999999
10119.1 87.57477599999999
10125.0 87.56277599999999
10130.9 87.552776
10136.7 87.543776
10142.6 87.53577599999998
10148.4 87.52977599999998
10154.3 87.52477599999999
10160.2 87.52177599999999
10166.0 87.519776
10171.9 87.51877599999999
10177.7 87.519776
10183.6 87.52177599999999
10189.5 87.525776
10195.3 87.528776
10201.2 87.53377599999999
10207.0 87.53877599999998
10212.9 87.543776
10218.8 87.54777599999998
10224.6 87.552776
10230.5 87.555776
10236.3 87.558776
10242.2 87.55977599999999
10248.0 87.55977599999999
10253.9 87.55777599999999
10259.8 87.55377599999998
10265.6 87.54877599999999
10271.5 87.540776
10277.3 87.531776
10283.2 87.519776
10289.1 87.50577599999998
10294.9 87.48977599999999
10300.8 87.47277599999998
10306.6 87.45377599999999
10312.5 87.43277599999999
10318.4 87.41077599999998
10324.2 87.38777599999999
10330.1 87.36377599999999
10335.9 87.33877599999998
10341.8 87.314776
10347.7 87.290776
10353.5 87.266776
10359.4 87.24477599999999
10365.2 87.22277599999998
10371.1 87.20277599999999
10377.0 87.18477599999999
10382.8 87.168776
10388.7 87.153776
10394.5 87.141776
10400.4 87.13277599999999
10406.2 87.12577599999999
10412.1 87.12077599999999
10418.0 87.11877599999998
10423.8 87.11877599999998
10429.7 87.11977599999999
10435.5 87.12377599999999
10441.4 87.12977599999999
10447.3 87.13677599999998
10453.1 87.144776
10459.0 87.15277599999999
10464.8 87.16177599999999
10470.7 87.171776
10476.6 87.180776
10482.4 87.18877599999999
10488.3 87.19677599999999
10494.1 87.20277599999999
10500.0 87.20777599999998
10505.9 87.21177599999999
10511.7 87.21377599999998
10517.6 87.21377599999998
10523.4 87.21077599999998
10529.3 87.20677599999999
10535.2 87.20077599999999
10541.0 87.19177599999999
10546.9 87.18177599999999
10552.7 87.16977599999998
10558.6 87.15577599999999
10564.5 87.14077599999999
10570.3 87.12377599999999
10576.2 87.10677599999998
10582.0 87.08877599999998
10587.9 87.06977599999999
10593.8 87.05177599999999
10599.6 87.03377599999999
10605.5 87.016776
10611.3 86.99977599999998
10617.2 86.98477599999998
10623.0 86.97177599999999
10628.9 86.95977599999999
10634.8 86.95077599999999
10640.6 86.94377599999999
10646.5 86.93877599999999
10652.3 86.93577599999999
10658.2 86.936776
10664.1 86.93877599999999
10669.9 86.94377599999999
10675.8 86.95177599999998
10681.6 86.96077599999998
10687.5 86.97177599999999
10693.4 86.98477599999998
10699.2 86.99977599999998
10705.1 87.01477599999998
10710.9 87.03077599999999
10716.8 87.04777599999998
10722.7 87.064776
10728.5 87.08077599999999
10734.4 87.09677599999999
10740.2 87.11177599999999
10746.1 87.12577599999999
10752.0 87.138776
10757.8 87.14977599999999
10763.7 87.15877599999999
10769.5 87.165776
10775.4 87.17077599999999
10781.2 87.17377599999999
10787.1 87.174776
10793.0 87.17277599999998
10798.8 87.16977599999998
10804.7 87.16377599999998
10810.5 87.156776
10816.4 87.147776
10822.3 87.13677599999998
10828.1 87.12477599999998
10834.0 87.11177599999999
10839.8 87.09777599999998
10845.7 87.08277599999998
10851.6 87.06877599999999
10857.4 87.05377599999998
10863.3 87.03277599999998
10869.1 87.01877599999999
10875.0 87.00677599999999
10880.9 86.99477599999999
10886.7 86.98377599999999
10892.6 86.97477599999999
10898.4 86.96777599999999
10904.3 86.96577599999999
10910.2 86.96077599999998
10916.0 86.95677599999999
10921.9 86.95477599999998
10927.7 86.95377599999999
10933.6 86.95377599999999
10939.5 86.95477599999998
10945.3 86.95777599999998
10951.2 86.96077599999998
10957.0 86.96577599999999
10962.9 86.96977599999998
10968.8 86.97577599999998
10974.6 86.98077599999999
10980.5 86.98577599999999
10986.3 86.99077599999998
10992.2 86.99477599999999
10998.0 86.99877599999999
11003.9 87.00177599999999
11009.8 87.00377599999999
11015.6 87.00477599999999
11021.5 87.00477599999999
11027.3 87.00377599999999
11033.2 87.00177599999999
11039.1 86.99877599999999
11044.9 86.99477599999999
11050.8 86.98877599999999
11056.6 86.98277599999999
11062.5 86.97677599999999
11068.4 86.96877599999999
11074.2 86.96077599999998
11080.1 86.95377599999999
11085.9 86.94577599999998
11091.8 86.93777599999999
11097.7 86.930776
11103.5 86.92377599999999
11109.4 86.918776
11115.2 86.91377599999998
11121.1 86.91077599999998
11127.0 86.90877599999999
11132.8 86.90777599999998
11138.7 86.90877599999999
11144.5 86.91177599999999
11150.4 86.91677599999998
11156.2 86.92277599999998
11162.1 86.930776
11168.0 86.94077599999999
11173.8 86.95177599999998
11179.7 86.96477599999999
11185.5 86.97877599999998
11191.4 86.99377599999998
11197.3 87.01077599999999
11203.1 87.02777599999999
11209.0 87.04477599999998
11214.8 87.06277599999999
11220.7 87.08177599999999
11226.6 87.09977599999999
11232.4 87.11777599999999
11238.3 87.13477599999999
11244.1 87.15177599999998
11250.0 87.168776
11255.9 87.183776
11261.7 87.19877599999998
11267.6 87.21177599999999
11273.4 87.22377599999999
11279.3 87.23477599999998
11285.2 87.24477599999999
11291.0 87.25377599999999
11296.9 87.26077599999999
11302.7 87.266776
11308.6 87.272776
11314.5 87.27677599999998
11320.3 87.28077599999999
11326.2 87.28377599999999
11332.0 87.28577599999998
11337.9 87.287776
11343.8 87.28977599999999
11349.6 87.29177599999998
11355.5 87.29277599999999
11361.3 87.29477599999998
11367.2 87.296776
11373.0 87.29877599999999
11378.9 87.30077599999998
11384.8 87.30377599999998
11390.6 87.30777599999999
11396.5 87.311776
11402.3 87.31577599999999
11408.2 87.32077599999998
11414.1 87.32677599999998
11419.9 87.33177599999999
11425.8 87.33777599999999
11431.6 87.34377599999999
11437.5 87.34977599999999
11443.4 87.35577599999999
11449.2 87.36177599999999
11455.1 87.36677599999999
11460.9 87.37177599999998
11466.8 87.37577599999999
11472.7 87.37877599999999
11478.5 87.38077599999998
11484.4 87.38177599999999
11490.2 87.38077599999998
11496.1 87.37877599999999
11502.0 87.37577599999999
11507.8 87.37077599999999
11513.7 87.36477599999999
11519.5 87.35677599999998
11525.4 87.34677599999999
11531.2 87.33577599999998
11537.1 87.32277599999999
11543.0 87.308776
11548.8 87.293776
11554.7 87.27677599999998
11560.5 87.25977599999999
11566.4 87.24077599999998
11572.3 87.22177599999999
11578.1 87.20177599999998
11584.0 87.18177599999999
11589.8 87.16177599999999
11595.7 87.14077599999999
11601.6 87.12077599999999
11607.4 87.10177599999999
11613.3 87.08177599999999
11619.1 87.06377599999999
11625.0 87.04577599999999
11630.9 87.028776
11636.7 87.01277599999999
11642.6 86.99777599999999
11648.4 86.98377599999999
11654.3 86.97077599999999
11660.2 86.95977599999999
11666.0 86.94877599999998
11671.9 86.93777599999999
11677.7 86.92877599999998
11683.6 86.91977599999998
11689.5 86.91177599999999
11695.3 86.903776
11701.2 86.89577599999998
11707.0 86.88777599999999
11712.9 86.87977599999999
11718.8 86.87077599999999
11724.6 86.86177599999999
11730.5 86.85277599999999
11736.3 86.84177599999998
11742.2 86.83077599999999
11748.0 86.81777599999998
11753.9 86.80477599999999
11759.8 86.78977599999999
11765.6 86.77377599999998
11771.5 86.75677599999999
11777.3 86.73877599999999
11783.2 86.71977599999998
11789.1 86.69877599999998
11794.9 86.677776
11800.8 86.65577599999999
11806.6 86.63377599999998
11812.5 86.61077599999999
11818.4 86.58777599999999
11824.2 86.564776
11830.1 86.54177599999998
11835.9 86.519776
11841.8 86.49777599999999
11847.7 86.47677599999999
11853.5 86.45577599999999
11859.4 86.436776
11865.2 86.41977599999998
11871.1 86.40277599999999
11877.0 86.38777599999999
11882.8 86.37477599999998
11888.7 86.36277599999998
11894.5 86.35277599999999
11900.4 86.34477599999998
11906.2 86.33677599999999
11912.1 86.33177599999999
11918.0 86.32677599999998
11923.8 86.32377599999998
11929.7 86.32177599999999
11935.5 86.31977599999999
11941.4 86.31877599999999
11947.3 86.31877599999999
11953.1 86.31777599999998
11959.0 86.31777599999998
11964.8 86.31777599999998
11970.7 86.31677599999999
11976.6 86.314776
11982.4 86.31277599999999
11988.3 86.31077599999999
11994.1 86.30677599999999
12000.0 86.30177599999999
12005.9 86.296776
12011.7 86.28977599999999
12017.6 86.281776
12023.4 86.27377599999998
12029.3 86.263776
12035.2 86.25377599999999
12041.0 86.24377599999998
12046.9 86.23277599999999
12052.7 86.22077599999999
12058.6 86.20977599999999
12064.5 86.19777599999999
12070.3 86.18777599999999
12076.2 86.17677599999999
12082.0 86.16777599999999
12087.9 86.15877599999999
12093.8 86.150776
12099.6 86.144776
12105.5 86.13977599999998
12111.3 86.13677599999998
12117.2 86.13577599999999
12123.0 86.13577599999999
12128.9 86.13777599999999
12134.8 86.14077599999999
12140.6 86.14577599999998
12146.5 86.15277599999999
12152.3 86.16077599999998
12158.2 86.16977599999998
12164.1 86.17977599999999
12169.9 86.19077599999999
12175.8 86.20277599999999
12181.6 86.21477599999999
12187.5 86.22677599999999
12193.4 86.23777599999998
12199.2 86.24977599999998
12205.1 86.26077599999999
12210.9 86.269776
12216.8 86.278776
12222.7 86.28577599999998
12228.5 86.29177599999998
12234.4 86.29577599999999
12240.2 86.29777599999998
12246.1 86.29777599999998
12252.0 86.29577599999999
12257.8 86.29277599999999
12263.7 86.28677599999999
12269.5 86.278776
12275.4 86.269776
12281.2 86.25777599999999
12287.1 86.24477599999999
12293.0 86.23077599999999
12298.8 86.21477599999999
12304.7 86.19777599999999
12310.5 86.17977599999999
12316.4 86.16177599999999
12322.3 86.14277599999998
12328.1 86.12377599999999
12334.0 86.10477599999999
12339.8 86.08577599999998
12345.7 86.06777599999998
12351.6 86.049776
12357.4 86.03377599999999
12363.3 86.01777599999998
12369.1 86.00377599999999
12375.0 85.99077599999998
12380.9 85.97977599999999
12386.7 85.96877599999999
12392.6 85.96077599999998
12398.4 85.95277599999999
12404.3 85.94677599999999
12410.2 85.94177599999999
12416.0 85.93877599999999
12421.9 85.93577599999999
12427.7 85.933776
12433.6 85.93177599999999
12439.5 85.930776
12445.3 85.92977599999999
12451.2 85.92877599999998
12457.0 85.927776
12462.9 85.92577599999998
12468.8 85.92377599999999
12474.6 85.921776
12480.5 85.91777599999999
12486.3 85.912776
12492.2 85.90777599999998
12498.0 85.900776
12503.9 85.89377599999999
12509.8 85.88477599999999
12515.6 85.87477599999998
12521.5 85.86477599999999
12527.3 85.85277599999999
12533.2 85.83477599999999
12539.1 85.82177599999999
12544.9 85.808776
12550.8 85.796776
12556.6 85.78377599999999
12562.5 85.77177599999999
12568.4 85.76077599999999
12574.2 85.74977599999998
12580.1 85.74577599999999
12585.9 85.73677599999999
12591.8 85.72877599999998
12597.7 85.72277599999998
12603.5 85.71777599999999
12609.4 85.71377599999998
12615.2 85.71177599999999
12621.1 85.71077599999998
12627.0 85.71177599999999
12632.8 85.71477599999999
12638.7 85.71877599999999
12644.5 85.72377599999999
12650.4 85.72977599999999
12656.2 85.73677599999999
12662.1 85.74477599999999
12668.0 85.75277599999998
12673.8 85.76177599999998
12679.7 85.77077599999998
12685.5 85.77977599999998
12691.4 85.787776
12697.3 85.79577599999999
12703.1 85.80177599999999
12709.0 85.80777599999999
12714.8 85.81277599999999
12720.7 85.81577599999999
12726.6 85.81677599999999
12732.4 85.81677599999999
12738.3 85.814776
12744.1 85.811776
12750.0 85.805776
12755.9 85.79877599999999
12761.7 85.78977599999999
12767.6 85.77977599999998
12773.4 85.76777599999998
12779.3 85.75477599999999
12785.2 85.73977599999999
12791.0 85.72477599999999
12796.9 85.70877599999999
12802.7 85.69177599999999
12808.6 85.674776
12814.5 85.65777599999998
12820.3 85.641776
12826.2 85.62477599999998
12832.0 85.60977599999998
12837.9 85.59577599999999
12843.8 85.58177599999999
12849.6 85.56977599999999
12855.5 85.55977599999999
12861.3 85.55077599999998
12867.2 85.543776
12873.0 85.537776
12878.9 85.53377599999999
12884.8 85.531776
12890.6 85.53077599999999
12896.5 85.531776
12902.3 85.53377599999999
12908.2 85.537776
12914.1 85.54177599999998
12919.9 85.54777599999998
12925.8 85.552776
12931.6 85.558776
12937.5 85.56577599999999
12943.4 85.57177599999999
12949.2 85.57677599999998
12955.1 85.58177599999999
12960.9 85.58577599999998
12966.8 85.58977599999999
12972.7 85.59177599999998
12978.5 85.59177599999998
12984.4 85.59077599999999
12990.2 85.58877599999998
12996.1 85.58477599999999
13002.0 85.57977599999998
13007.8 85.57277599999999
13013.7 85.564776
13019.5 85.555776
13025.4 85.54477599999998
13031.2 85.53377599999999
13037.1 85.52177599999999
13043.0 85.50877599999998
13048.8 85.49577599999999
13054.7 85.48277599999999
13060.5 85.46977599999998
13066.4 85.45777599999998
13072.3 85.44577599999998
13078.1 85.43577599999999
13084.0 85.42577599999998
13089.8 85.41777599999999
13095.7 85.41177599999999
13101.6 85.406776
13107.4 85.40277599999999
13113.3 85.40177599999998
13119.1 85.40177599999998
13125.0 85.403776
13130.9 85.40777599999998
13136.7 85.41377599999998
13142.6 85.42077599999999
13148.4 85.42877599999998
13154.3 85.43877599999999
13160.2 85.44877599999998
13166.0 85.45977599999999
13171.9 85.47177599999999
13177.7 85.48277599999999
13183.6 85.49477599999999
13189.5 85.50577599999998
13195.3 85.51577599999999
13201.2 85.52477599999999
13207.0 85.53377599999999
13212.9 85.53977599999999
13218.8 85.54577599999999
13224.6 85.54877599999999
13230.5 85.55077599999998
13236.3 85.55077599999998
13242.2 85.54877599999999
13248.0 85.54477599999998
13253.9 85.53977599999999
13259.8 85.53277599999998
13265.6 85.52377599999998
13271.5 85.51277599999999
13277.3 85.50177599999999
13283.2 85.48977599999999
13289.1 85.47577599999998
13294.9 85.46277599999999
13300.8 85.44877599999998
13306.6 85.43477599999999
13312.5 85.42077599999999
13318.4 85.40777599999998
13324.2 85.394776
13330.1 85.38377599999998
13335.9 85.37377599999999
13341.8 85.36477599999999
13347.7 85.35677599999998
13353.5 85.35077599999998
13359.4 85.34677599999999
13365.2 85.34477599999998
13371.1 85.34377599999999
13377.0 85.34377599999999
13382.8 85.34577599999999
13388.7 85.34977599999999
13394.5 85.35377599999998
13400.4 85.35977599999998
13406.2 85.36577599999998
13412.1 85.37177599999998
13418.0 85.37877599999999
13423.8 85.38577599999999
13429.7 85.391776
13435.5 85.397776
13441.4 85.40277599999999
13447.3 85.406776
13453.1 85.409776
13459.0 85.41077599999998
13464.8 85.41077599999998
13470.7 85.40777599999998
13476.6 85.403776
13482.4 85.39877599999998
13488.3 85.39077599999999
13494.1 85.38077599999998
13500.0 85.36977599999999
13505.9 85.35677599999998
13511.7 85.34177599999998
13517.6 85.32577599999999
13523.4 85.308776
13529.3 85.290776
13535.2 85.27177599999999
13541.0 85.25277599999998
13546.9 85.23377599999999
13552.7 85.21377599999998
13558.6 85.19477599999999
13564.5 85.17677599999999
13570.3 85.15877599999999
13576.2 85.141776
13582.0 85.12677599999999
13587.9 85.11277599999998
13593.8 85.09977599999999
13599.6 85.08877599999998
13605.5 85.07877599999999
13611.3 85.07077599999998
13617.2 85.064776
13623.0 85.05977599999999
13628.9 85.05677599999999
13634.8 85.05377599999998
13640.6 85.052776
13646.5 85.052776
13652.3 85.052776
13658.2 85.05377599999998
13664.1 85.05477599999999
13669.9 85.055776
13675.8 85.055776
13681.6 85.055776
13687.5 85.05477599999999
13693.4 85.05177599999999
13699.2 85.04877599999999
13705.1 85.043776
13710.9 85.03677599999999
13716.8 85.028776
13722.7 85.01877599999999
13728.5 85.00677599999999
13734.4 84.99277599999999
13740.2 84.97677599999999
13746.1 84.95877599999999
13752.0 84.939776
13757.8 84.918776
13763.7 84.89577599999998
13769.5 84.87277599999999
13775.4 84.84777599999998
13781.2 84.82177599999999
13787.1 84.796776
13793.0 84.769776
13798.8 84.74377599999998
13804.7 84.71777599999999
13810.5 84.69277599999998
13816.4 84.66777599999999
13822.3 84.64377599999999
13828.1 84.62077599999999
13834.0 84.59977599999999
13839.8 84.57877599999999
13845.7 84.56077599999999
13851.6 84.543776
13857.4 84.52777599999999
13863.3 84.513776
13869.1 84.50177599999999
13875.0 84.48977599999999
13880.9 84.47977599999999
13886.7 84.47077599999999
13892.6 84.46277599999999
13898.4 84.45477599999998
13904.3 84.44777599999999
13910.2 84.44077599999999
13916.0 84.43277599999999
13921.9 84.424776
13927.7 84.41677599999998
13933.6 84.406776
13939.5 84.39577599999998
13945.3 84.38277599999999
13951.2 84.36877599999998
13957.0 84.35277599999999
13962.9 84.33477599999999
13968.8 84.31377599999999
13974.6 84.290776
13980.5 84.26577599999999
13986.3 84.23877599999999
13992.2 84.20977599999999
13998.0 84.177776
14003.9 84.14377599999999
14009.8 84.10877599999999
14015.6 84.07177599999999
14021.5 84.03277599999998
14027.3 83.99277599999999
14033.2 83.95177599999998
14039.1 83.91077599999998
14044.9 83.86877599999998
14050.8 83.82677599999998
14056.6 83.784776
14062.5 83.74377599999998
14068.4 83.70277599999999
14074.2 83.66377599999998
14080.1 83.62577599999999
14085.9 83.58877599999998
14091.8 83.55377599999998
14097.7 83.52077599999998
14103.5 83.48877599999999
14109.4 83.45877599999999
14115.2 83.43177599999999
14121.1 83.40577599999999
14127.0 83.38077599999998
14132.8 83.35857599999999
14138.7 83.33737599999999
14144.5 83.31737599999998
14150.4 83.29837599999999
14156.2 83.28017599999998
14162.1 83.26247599999999
14168.0 83.24507599999998
14173.8 83.22767599999999
14179.7 83.21007599999999
14185.5 83.191876
14191.4 83.17297599999999
14197.3 83.15317599999999
14203.1 83.11907599999999
14209.0 83.09607599999998
14214.8 83.071576
14220.7 83.04577599999999
14226.6 83.01847599999999
14232.4 82.98977599999999
14238.3 82.95977599999999
14244.1 82.92857599999999
14250.0 82.89617599999998
14255.9 82.878076
14261.7 82.84477599999998
14267.6 82.810876
14273.4 82.77657599999999
14279.3 82.74217599999999
14285.2 82.70787599999998
14291.0 82.67407599999999
14296.9 82.64077599999999
14302.7 82.60847599999998
14308.6 82.577176
14314.5 82.54727599999998
14320.3 82.51897599999998
14326.2 82.49217599999999
14332.0 82.46727599999998
14337.9 82.44427599999999
14343.8 82.42317599999998
14349.6 82.40407599999999
14355.5 82.38687599999999
14361.3 82.37147599999999
14367.2 82.35787599999999
14373.0 82.34587599999999
14378.9 82.33537599999998
14384.8 82.32607599999999
14390.6 82.31787599999998
14396.5 82.310476
14402.3 82.30357599999999
14408.2 82.29697599999999
14414.1 82.290376
14419.9 82.28357599999998
14425.8 82.27637599999998
14431.6 82.26837599999999
14437.5 82.25947599999999
14443.4 82.24957599999999
14449.2 82.23837599999999
14455.1 82.22577599999998
14460.9 82.21167599999998
14466.8 82.19597599999999
14472.7 82.17877599999998
14478.5 82.15997599999999
14484.4 82.13957599999999
14490.2 82.11777599999999
14496.1 82.09467599999999
14502.0 82.07017599999999
14507.8 82.04467599999998
14513.7 82.01827599999999
14519.5 81.99117599999998
14525.4 81.96347599999999
14531.2 81.93557599999998
14537.1 81.90747599999999
14543.0 81.87947599999998
14548.8 81.85177599999999
14554.7 81.824576
14560.5 81.79797599999999
14566.4 81.77217599999999
14572.3 81.74737599999999
14578.1 81.72347599999999
14584.0 81.70067599999999
14589.8 81.67897599999999
14595.7 81.65837599999999
14601.6 81.63887599999998
14607.4 81.620376
14613.3 81.602876
14619.1 81.586176
14625.0 81.57017599999999
14630.9 81.55467599999999
14636.7 81.53967599999999
14642.6 81.52487599999999
14648.4 81.51017599999999
14654.3 81.49527599999999
14660.2 81.48007599999998
14666.0 81.46447599999999
14671.9 81.44827599999999
14677.7 81.43127599999998
14683.6 81.41347599999999
14689.5 81.39467599999999
14695.3 81.37487599999999
14701.2 81.35407599999999
14707.0 81.33217599999999
14712.9 81.30927599999998
14718.8 81.28547599999999
14724.6 81.26077599999999
14730.5 81.23537599999999
14736.3 81.20937599999999
14742.2 81.182876
14748.0 81.15627599999999
14753.9 81.12947599999998
14759.8 81.102876
14765.6 81.07677599999998
14771.5 81.05117599999998
14777.3 81.02647599999999
14783.2 81.002676
14789.1 80.98017599999999
14794.9 80.95907599999998
14800.8 80.93937599999998
14806.6 80.92137599999998
14812.5 80.90517599999998
14818.4 80.89057599999998
14824.2 80.87787599999999
14830.1 80.86687599999999
14835.9 80.85747599999999
14841.8 80.84967599999999
14847.7 80.84337599999999
14853.5 80.838276
14859.4 80.83427599999999
14865.2 80.83117599999999
14871.1 80.82867599999999
14877.0 80.82647599999999
14882.8 80.82447599999999
14888.7 80.82227599999999
14894.5 80.81967599999999
14900.4 80.816476
14906.2 80.81237599999999
14912.1 80.80707599999998
14918.0 80.80057599999999
14923.8 80.792476
14929.7 80.78287599999999
14935.5 80.77147599999999
14941.4 80.75837599999998
14947.3 80.74337599999998
14953.1 80.726576
14959.0 80.70797599999999
14964.8 80.68767599999998
14970.7 80.665776
14976.6 80.64237599999998
14982.4 80.61777599999999
14988.3 80.59197599999999
14994.1 80.56537599999999
15000.0 80.53807599999999
15005.9 80.510376
15011.7 80.48237599999999
15017.6 80.45457599999999
15023.4 80.42697599999998
15029.3 80.39977599999999
15035.2 80.373376
15041.0 80.34787599999999
15046.9 80.32327599999999
15052.7 80.299776
15058.6 80.27757599999998
15064.5 80.25647599999999
15070.3 80.23667599999999
15076.2 80.217976
15082.0 80.20037599999999
15087.9 80.183776
15093.8 80.16807599999999
15099.6 80.15287599999999
15105.5 80.13817599999999
15111.3 80.12357599999999
15117.2 80.10897599999998
15123.0 80.09397599999998
15128.9 80.07837599999999
15134.8 80.06187599999998
15140.6 80.04427599999998
15146.5 80.02527599999999
15152.3 80.00467599999999
15158.2 79.98227599999998
15164.1 79.95787599999998
15169.9 79.93137599999999
15175.8 79.90277599999999
15181.6 79.87187599999999
15187.5 79.83877599999998
15193.4 79.80357599999999
15199.2 79.76627599999999
15205.1 79.72717599999999
15210.9 79.68627599999999
15216.8 79.64387599999999
15222.7 79.600276
15228.5 79.555776
15234.4 79.51067599999999
15240.2 79.46537599999999
15246.1 79.42027599999999
15252.0 79.37557599999998
15257.8 79.331876
15263.7 79.28927599999999
15269.5 79.248376
15275.4 79.20927599999999
15281.2 79.17227599999998
15287.1 79.13777599999999
15293.0 79.10567599999999
15298.8 79.07637599999998
15304.7 79.049776
15310.5 79.02597599999999
15316.4 79.00487599999998
15322.3 78.98637599999999
15328.1 78.97027599999998
15334.0 78.95647599999998
15339.8 78.94467599999999
15345.7 78.93457599999999
15351.6 78.92577599999998
15357.4 78.91787599999999
15363.3 78.91067599999998
15369.1 78.90367599999999
15375.0 78.89637599999999
15380.9 78.88857599999999
15386.7 78.87987599999998
15392.6 78.86987599999999
15398.4 78.85837599999999
15404.3 78.84497599999999
15410.2 78.82967599999999
15416.0 78.81207599999999
15421.9 78.79227599999999
15427.7 78.77017599999999
15433.6 78.74577599999999
15439.5 78.719276
15445.3 78.69067599999998
15451.2 78.66027599999998
15457.0 78.62827599999999
15462.9 78.59507599999999
15468.8 78.560876
15474.6 78.52597599999999
15480.5 78.49097599999999
15486.3 78.45617599999999
15492.2 78.42197599999999
15498.0 78.38867599999999
15503.9 78.35677599999998
15509.8 78.32657599999999
15515.6 78.29837599999999
15521.5 78.27247599999998
15527.3 78.24907599999999
15533.2 78.22837599999998
15539.1 78.21037599999998
15544.9 78.19527599999999
15550.8 78.18297599999998
15556.6 78.17337599999999
15562.5 78.16647599999999
15568.4 78.16187599999999
15574.2 78.159376
15580.1 78.15877599999999
15585.9 78.15967599999999
15591.8 78.16167599999999
15597.7 78.16437599999999
15603.5 78.167476
15609.4 78.170476
15615.2 78.17297599999999
15621.1 78.17467599999999
15627.0 78.17507599999999
15632.8 78.17407599999999
15638.7 78.17117599999999
15644.5 78.16627599999998
15650.4 78.15927599999999
15656.2 78.15007599999998
15662.1 78.13847599999998
15668.0 78.12477599999998
15673.8 78.10887599999998
15679.7 78.09107599999999
15685.5 78.07167599999998
15691.4 78.05077599999998
15697.3 78.02897599999999
15703.1 78.00657599999998
15709.0 77.98397599999998
15714.8 77.96167599999998
15720.7 77.940176
15726.6 77.91997599999999
15732.4 77.90157599999999
15738.3 77.885376
15744.1 77.87197599999999
15750.0 77.86157599999999
15755.9 77.85467599999998
15761.7 77.85147599999999
15767.6 77.85227599999999
15773.4 77.85717599999998
15779.3 77.86627599999998
15785.2 77.87967599999999
15791.0 77.89717599999999
15796.9 77.918776
15802.7 77.94417599999998
15808.6 77.97317599999998
15814.5 78.00527599999998
15820.3 78.04027599999999
15826.2 78.07767599999998
15832.0 78.116976
15837.9 78.15767599999998
15843.8 78.19937599999999
15849.6 78.24147599999999
15855.5 78.28357599999998
15861.3 78.32517599999998
15867.2 78.36577599999998
15873.0 78.420476
15878.9 78.45667599999999
15884.8 78.49097599999999
15890.6 78.52307599999999
15896.5 78.55287599999998
15902.3 78.58027599999998
15908.2 78.60537599999999
15914.1 78.62817599999998
15919.9 78.64887599999999
15925.8 78.667476
15931.6 78.67287599999999
15937.5 78.68957599999999
15943.4 78.70497599999999
15949.2 78.71947599999999
15955.1 78.73337599999999
15960.9 78.74697599999999
15966.8 78.76067599999999
15972.7 78.77487599999999
15978.5 78.78987599999999
15984.4 78.80587599999998
15990.2 78.82337599999998
15996.1 78.84267599999998
16002.0 78.86377599999999
16007.8 78.88697599999999
16013.7 78.91247599999998
16019.5 78.94037599999999
16025.4 78.970576
16031.2 79.00317599999998
16037.1 79.03797599999999
16043.0 79.07497599999999
16048.8 79.11387599999999
16054.7 79.15467599999998
16060.5 79.19687599999999
16066.4 79.240276
16072.3 79.28457599999999
16078.1 79.32937599999998
16084.0 79.37437599999998
16089.8 79.419176
16095.7 79.46337599999998
16101.6 79.50667599999998
16107.4 79.54877599999999
16113.3 79.58927599999998
16119.1 79.62787599999999
16125.0 79.66437599999999
16130.9 79.69857599999999
16136.7 79.73027599999999
16142.6 79.75947599999999
16148.4 79.78587599999999
16154.3 79.80957599999999
16160.2 79.83067599999998
16166.0 79.84917599999999
16171.9 79.86517599999999
16177.7 79.87887599999999
16183.6 79.89047599999999
16189.5 79.90027599999999
16195.3 79.90837599999999
16201.2 79.91527599999999
16207.0 79.92117599999999
16212.9 79.92627599999999
16218.8 79.93107599999999
16224.6 79.935876
16230.5 79.94087599999999
16236.3 79.94647599999999
16242.2 79.95287599999999
16248.0 79.960276
16253.9 79.96897599999998
16259.8 79.97907599999999
16265.6 79.99077599999998
16271.5 80.00407599999998
16277.3 80.01907599999998
16283.2 80.03567599999998
16289.1 80.05397599999999
16294.9 80.07387599999998
16300.8 80.09517599999998
16306.6 80.11767599999999
16312.5 80.141376
16318.4 80.16587599999998
16324.2 80.19117599999998
16330.1 80.21677599999998
16335.9 80.24257599999999
16341.8 80.26827599999999
16347.7 80.29367599999999
16353.5 80.31847599999999
16359.4 80.342576
16365.2 80.365676
16371.1 80.38767599999998
16377.0 80.40837599999999
16382.8 80.42787599999998
16388.7 80.44587599999998
16394.5 80.46247599999998
16400.4 80.47777599999999
16406.2 80.49177599999999
16412.1 80.50457599999999
16418.0 80.51627599999999
16423.8 80.52717599999998
16429.7 80.537376
16435.5 80.547176
16441.4 80.55677599999999
16447.3 80.56637599999999
16453.1 80.57637599999998
16459.0 80.58687599999999
16464.8 80.59827599999998
16470.7 80.61077599999999
16476.6 80.62457599999999
16482.4 80.63997599999999
16488.3 80.65697599999999
16494.1 80.67577599999998
16500.0 80.696576
16505.9 80.719276
16511.7 80.74407599999999
16517.6 80.77097599999999
16523.4 80.799776
16529.3 80.83037599999999
16535.2 80.86287599999999
16541.0 80.89697599999998
16546.9 80.932476
16552.7 80.969276
16558.6 81.00707599999998
16564.5 81.04557599999998
16570.3 81.08477599999999
16576.2 81.12417599999999
16582.0 81.16367599999998
16587.9 81.20307599999998
16593.8 81.241976
16599.6 81.280476
16605.5 81.318176
16611.3 81.354976
16617.2 81.39077599999999
16623.0 81.42557599999999
16628.9 81.45917599999999
16634.8 81.49177599999999
16640.6 81.52317599999999
16646.5 81.55357599999999
16652.3 81.58287599999998
16658.2 81.61147599999998
16664.1 81.63917599999999
16669.9 81.66637599999999
16675.8 81.69307599999999
16681.6 81.71957599999999
16687.5 81.74597599999998
16693.4 81.77247599999998
16699.2 81.79927599999999
16705.1 81.82647599999999
16710.9 81.85427599999998
16716.8 81.88277599999999
16722.7 81.91217599999999
16728.5 81.94257599999999
16734.4 81.97387599999999
16740.2 82.00637599999999
16746.1 82.03987599999999
16752.0 82.07437599999999
16757.8 82.11007599999999
16763.7 82.14657599999998
16769.5 82.18407599999999
16775.4 82.22237599999998
16781.2 82.26127599999998
16787.1 82.30067599999998
16793.0 82.34047599999998
16798.8 82.38047599999999
16804.7 82.42037599999999
16810.5 82.460276
16816.4 82.49977599999998
16822.3 82.53887599999999
16828.1 82.57737599999999
16834.0 82.61507599999999
16839.8 82.65197599999999
16845.7 82.68797599999999
16851.6 82.72287599999999
16857.4 82.75677599999999
16863.3 82.78967599999999
16869.1 82.82137599999999
16875.0 82.85207599999998
16880.9 82.88177599999999
16886.7 82.91057599999999
16892.6 82.938476
16898.4 82.96567599999999
16904.3 82.99227599999999
16910.2 83.01827599999999
16916.0 83.04397599999999
16921.9 83.069476
16927.7 83.09487599999999
16933.6 83.12027599999999
16939.5 83.14587599999999
16945.3 83.17167599999999
16951.2 83.19797599999998
16957.0 83.22467599999999
16962.9 83.25207599999999
16968.8 83.27997599999999
16974.6 83.30857599999999
16980.5 83.33777599999999
16986.3 83.36767599999999
16992.2 83.39877599999998
16998.0 83.42977599999999
17003.9 83.46077599999998
17009.8 83.49377599999998
17015.6 83.525776
17021.5 83.558776
17027.3 83.59177599999998
17033.2 83.62577599999999
17039.1 83.65877599999999
17044.9 83.69177599999999
17050.8 83.72477599999999
17056.6 83.75677599999999
17062.5 83.78877599999998
17068.4 83.82077599999998
17074.2 83.85177599999999
17080.1 83.88277599999999
17085.9 83.91177599999999
17091.8 83.94177599999999
17097.7 83.96977599999998
17103.5 83.99777599999999
17109.4 84.02477599999999
17115.2 84.05177599999999
17121.1 84.07877599999999
17127.0 84.10477599999999
17132.8 84.13077599999998
17138.7 84.156776
17144.5 84.18177599999999
17150.4 84.20777599999998
17156.2 84.23377599999999
17162.1 84.26077599999999
17168.0 84.287776
17173.8 84.314776
17179.7 84.34377599999999
17185.5 84.37277599999999
17191.4 84.40177599999998
17197.3 84.43277599999999
17203.1 84.46377599999998
17209.0 84.49677599999998
17214.8 84.52977599999998
17220.7 84.56377599999999
17226.6 84.59877599999999
17232.4 84.63477599999999
17238.3 84.67077599999999
17244.1 84.70777599999998
17250.0 84.74477599999999
17255.9 84.78277599999998
17261.7 84.81977599999999
17267.6 84.85777599999999
17273.4 84.89577599999998
17279.3 84.933776
17285.2 84.97077599999999
17291.0 85.00777599999999
17296.9 85.043776
17302.7 85.07877599999999
17308.6 85.11377599999999
17314.5 85.14677599999999
17320.3 85.17977599999999
17326.2 85.21177599999999
17332.0 85.24277599999999
17337.9 85.27177599999999
17343.8 85.30077599999998
17349.6 85.32877599999999
17355.5 85.35577599999999
17361.3 85.38177599999999
17367.2 85.406776
17373.0 85.43177599999999
17378.9 85.45577599999999
17384.8 85.47977599999999
17390.6 85.50277599999998
17396.5 85.525776
17402.3 85.54877599999999
17408.2 85.57177599999999
17414.1 85.59477599999998
17419.9 85.61877599999998
17425.8 85.641776
17431.6 85.66677599999998
17437.5 85.69077599999999
17443.4 85.71677599999998
17449.2 85.74277599999999
17455.1 85.76877599999999
17460.9 85.796776
17466.8 85.82377599999998
17472.7 85.85277599999999
17478.5 85.88177599999999
17484.4 85.91177599999999
17490.2 85.94177599999999
17496.1 85.97177599999999
17502.0 86.00277599999998
17507.8 86.03277599999998
17513.7 86.06377599999999
17519.5 86.09477599999998
17525.4 86.12477599999998
17531.2 86.15577599999999
17537.1 86.18577599999999
17543.0 86.21477599999999
17548.8 86.25577599999998
17554.7 86.28377599999999
17560.5 86.31077599999999
17566.4 86.33777599999999
17572.3 86.36277599999998
17578.1 86.38777599999999
17584.0 86.41177599999999
17589.8 86.43477599999999
17595.7 86.45777599999998
17601.6 86.47977599999999
17607.4 86.48977599999999
17613.3 86.51077599999999
17619.1 86.531776
17625.0 86.552776
17630.9 86.57377599999998
17636.7 86.59377599999999
17642.6 86.61477599999999
17648.4 86.63577599999999
17654.3 86.656776
17660.2 86.677776
17666.0 86.69877599999998
17671.9 86.72077599999999
17677.7 86.74277599999999
17683.6 86.76577599999999
17689.5 86.78977599999999
17695.3 86.81377599999999
17701.2 86.83877599999998
17707.0 86.86377599999999
17712.9 86.88977599999998
17718.8 86.91677599999998
17724.6 86.94377599999999
17730.5 86.97077599999999
17736.3 86.99777599999999
17742.2 87.025776
17748.0 87.05377599999998
17753.9 87.08177599999999
17759.8 87.10877599999999
17765.6 87.13677599999998
17771.5 87.16377599999998
17777.3 87.189776
17783.2 87.21577599999999
17789.1 87.24177599999999
17794.9 87.26577599999999
17800.8 87.28977599999999
17806.6 87.31277599999999
17812.5 87.33377599999999
17818.4 87.35477599999999
17824.2 87.37477599999998
17830.1 87.39377599999999
17835.9 87.41077599999998
17841.8 87.427776
17847.7 87.44377599999999
17853.5 87.45877599999999
17859.4 87.47277599999998
17865.2 87.48677599999999
17871.1 87.49977599999998
17877.0 87.51177599999998
17882.8 87.52477599999999
17888.7 87.53577599999998
17894.5 87.54777599999998
17900.4 87.558776
17906.2 87.57077599999998
17912.1 87.58177599999999
17918.0 87.59377599999999
17923.8 87.60577599999999
17929.7 87.61877599999998
17935.5 87.63177599999999
17941.4 87.644776
17947.3 87.65877599999999
17953.1 87.67277599999998
17959.0 87.68777599999999
17964.8 87.70277599999999
17970.7 87.71777599999999
17976.6 87.73377599999999
17982.4 87.74977599999998
17988.3 87.76577599999999
17994.1 87.781776
18000.0 87.79777599999998
18005.9 87.81377599999999
18011.7 87.82977599999998
18017.6 87.84577599999999
18023.4 87.86077599999999
18029.3 87.87477599999998
18035.2 87.888776
18041.0 87.90277599999999
18046.9 87.91477599999999
18052.7 87.92677599999999
18058.6 87.93777599999999
18064.5 87.94777599999999
18070.3 87.95677599999999
18076.2 87.96477599999999
18082.0 87.97177599999999
18087.9 87.97777599999999
18093.8 87.98377599999999
18099.6 87.98877599999999
18105.5 87.99277599999999
18111.3 87.99577599999999
18117.2 87.99877599999999
18123.0 88.00177599999999
18128.9 88.00477599999999
18134.8 88.00677599999999
18140.6 88.00877599999998
18146.5 88.01077599999999
18152.3 88.013776
18158.2 88.01577599999999
18164.1 88.019776
18169.9 88.022776
18175.8 88.02677599999998
18181.6 88.031776
18187.5 88.037776
18193.4 88.043776
18199.2 88.05077599999998
18205.1 88.05777599999999
18210.9 88.06677599999999
18216.8 88.07577599999999
18222.7 88.08477599999999
18228.5 88.09577599999999
18234.4 88.10577599999999
18240.2 88.11777599999999
18246.1 88.12877599999999
18252.0 88.14077599999999
18257.8 88.15277599999999
18263.7 88.16477599999999
18269.5 88.17577599999998
18275.4 88.18777599999999
18281.2 88.19877599999998
18287.1 88.20977599999999
18293.0 88.22077599999999
18298.8 88.23077599999999
18304.7 88.23977599999999
18310.5 88.24877599999999
18316.4 88.25677599999999
18322.3 88.263776
18328.1 88.27077599999998
18334.0 88.275776
18339.8 88.28077599999999
18345.7 88.28577599999998
18351.6 88.28977599999999
18357.4 88.29277599999999
18363.3 88.29577599999999
18369.1 88.29777599999998
18375.0 88.299776
18380.9 88.30077599999998
18386.7 88.302776
18392.6 88.30477599999999
18398.4 88.305776
18404.3 88.30777599999999
18410.2 88.30977599999999
18416.0 88.311776
18421.9 88.314776
18427.7 88.31777599999998
18433.6 88.32177599999999
18439.5 88.32577599999999
18445.3 88.32977599999998
18451.2 88.33577599999998
18457.0 88.34077599999999
18462.9 88.34777599999998
18468.8 88.35477599999999
18474.6 88.36177599999999
18480.5 88.36877599999998
18486.3 88.37677599999999
18492.2 88.38477599999999
18498.0 88.39277599999998
18503.9 88.400776
18509.8 88.40877599999999
18515.6 88.41677599999998
18521.5 88.42377599999999
18527.3 88.430776
18533.2 88.43777599999999
18539.1 88.44377599999999
18544.9 88.44877599999998
18550.8 88.45277599999999
18556.6 88.45677599999999
18562.5 88.45977599999999
18568.4 88.46077599999998
18574.2 88.46177599999999
18580.1 88.46177599999999
18585.9 88.45977599999999
18591.8 88.45777599999998
18597.7 88.45477599999998
18603.5 88.45077599999999
18609.4 88.44577599999998
18615.2 88.44077599999999
18621.1 88.43477599999999
18627.0 88.427776
18632.8 88.42077599999999
18638.7 88.412776
18644.5 88.40477599999998
18650.4 88.39677599999999
18656.2 88.388776
18662.1 88.38077599999998
18668.0 88.37277599999999
18673.8 88.36477599999999
18679.7 88.35677599999998
18685.5 88.34977599999999
18691.4 88.34277599999999
18697.3 88.33577599999998
18703.1 88.32977599999998
18709.0 88.32277599999999
18714.8 88.31777599999998
18720.7 88.311776
18726.6 88.30677599999999
18732.4 88.30177599999999
18738.3 88.29777599999998
18744.1 88.29277599999999
18750.0 88.287776
18755.9 88.28277599999998
18761.7 88.278776
18767.6 88.272776
18773.4 88.26777599999998
18779.3 88.26177599999998
18785.2 88.25477599999999
18791.0 88.24777599999999
18796.9 88.23977599999999
18802.7 88.23077599999999
18808.6 88.22177599999999
18814.5 88.21077599999998
18820.3 88.19977599999999
18826.2 88.18777599999999
18832.0 88.174776
18837.9 88.16077599999998
18843.8 88.14577599999998
18849.6 88.12977599999999
18855.5 88.11277599999998
18861.3 88.09577599999999
18867.2 88.07877599999999
18873.0 88.05977599999999
18878.9 88.04177599999998
18884.8 88.022776
18890.6 88.00277599999998
18896.5 87.98377599999999
18902.3 87.96477599999999
18908.2 87.94577599999998
18914.1 87.92677599999999
18919.9 87.90877599999999
18925.8 87.89077599999999
18931.6 87.87277599999999
18937.5 87.85677599999998
18943.4 87.84077599999999
18949.2 87.82477599999999
18955.1 87.81077599999999
18960.9 87.796776
18966.8 87.78377599999999
18972.7 87.77177599999999
18978.5 87.76077599999999
18984.4 87.74977599999998
18990.2 87.73977599999999
18996.1 87.72977599999999
19002.0 87.72177599999999
19007.8 87.71277599999999
19013.7 87.70477599999998
19019.5 87.69777599999999
19025.4 87.689776
19031.2 87.68277599999999
19037.1 87.674776
19043.0 87.66777599999999
19048.8 87.659776
19054.7 87.65177599999998
19060.5 87.64377599999999
19066.4 87.63577599999999
19072.3 87.62677599999999
19078.1 87.61677599999999
19084.0 87.60777599999999
19089.8 87.59677599999999
19095.7 87.58677599999999
19101.6 87.57477599999999
19107.4 87.56377599999999
19113.3 87.55077599999998
19119.1 87.53877599999998
19125.0 87.525776
19130.9 87.51277599999999
19136.7 87.49977599999998
19142.6 87.48677599999999
19148.4 87.47277599999998
19154.3 87.45977599999999
19160.2 87.44677599999999
19166.0 87.433776
19171.9 87.42077599999999
19177.7 87.40877599999999
19183.6 87.39677599999999
19189.5 87.38477599999999
19195.3 87.37377599999999
19201.2 87.36277599999998
19207.0 87.35277599999999
19212.9 87.34377599999999
19218.8 87.33177599999999
19224.6 87.32277599999999
19230.5 87.314776
19236.3 87.30777599999999
19242.2 87.30077599999998
19248.0 87.293776
19253.9 87.28677599999999
19259.8 87.27977599999998
19265.6 87.27377599999998
19271.5 87.266776
19277.3 87.25977599999999
19283.2 87.25677599999999
19289.1 87.24877599999999
19294.9 87.24177599999999
19300.8 87.23377599999999
19306.6 87.22577599999998
19312.5 87.21677599999998
19318.4 87.20777599999998
19324.2 87.19777599999999
19330.1 87.18777599999999
19335.9 87.17677599999999
19341.8 87.16477599999999
19347.7 87.15277599999999
19353.5 87.13977599999998
19359.4 87.12677599999999
19365.2 87.11277599999998
19371.1 87.09777599999998
19377.0 87.08277599999998
19382.8 87.06677599999999
19388.7 87.05177599999999
19394.5 87.034776
19400.4 87.01877599999999
19406.2 87.00177599999999
19412.1 86.98477599999998
19418.0 86.96777599999999
19423.8 86.95077599999999
19429.7 86.93477599999999
19435.5 86.91777599999999
19441.4 86.900776
19447.3 86.88477599999999
19453.1 86.86877599999998
19459.0 86.85277599999999
19464.8 86.83677599999999
19470.7 86.82177599999999
19476.6 86.80677599999999
19482.4 86.79177599999998
19488.3 86.77777599999999
19494.1 86.76277599999999
19500.0 86.74877599999999
19505.9 86.73477599999998
19511.7 86.72077599999999
19517.6 86.70677599999999
19523.4 86.69377599999999
19529.3 86.67877599999998
19535.2 86.66477599999999
19541.0 86.650776
19546.9 86.63577599999999
19552.7 86.61977599999999
19558.6 86.60477599999999
19564.5 86.58777599999999
19570.3 86.57077599999998
19576.2 86.55377599999998
19582.0 86.53577599999998
19587.9 86.516776
19593.8 86.49677599999998
19599.6 86.47577599999998
19605.5 86.45477599999998
19611.3 86.43277599999999
19617.2 86.409776
19623.0 86.38577599999999
19628.9 86.36177599999999
19634.8 86.33677599999999
19640.6 86.311776
19646.5 86.28577599999998
19652.3 86.25877599999998
19658.2 86.23177599999998
19664.1 86.20477599999998
19669.9 86.177776
19675.8 86.150776
19681.6 86.12277599999999
19687.5 86.09577599999999
19693.4 86.06877599999999
19699.2 86.04177599999998
19705.1 86.01577599999999
19710.9 85.98977599999999
19716.8 85.96377599999998
19722.7 85.93877599999999
19728.5 85.91477599999999
19734.4 85.89077599999999
19740.2 85.86777599999999
19746.1 85.84477599999998
19752.0 85.82277599999999
19757.8 85.80177599999999
19763.7 85.78077599999999
19769.5 85.75977599999999
19775.4 85.73977599999999
19781.2 85.71977599999998
19787.1 85.69977599999999
19793.0 85.680776
19798.8 85.66077599999998
19804.7 85.64077599999999
19810.5 85.62077599999999
19816.4 85.59977599999999
19822.3 85.57877599999999
19828.1 85.555776
19834.0 85.53277599999998
19839.8 85.50877599999998
19845.7 85.48377599999999
19851.6 85.45677599999999
19857.4 85.42877599999998
19863.3 85.39877599999998
19869.1 85.36677599999999
19875.0 85.33377599999999
19880.9 85.29877599999999
19886.7 85.26177599999998
19892.6 85.22177599999999
19898.4 85.180776
19904.3 85.13777599999999
19910.2 85.09277599999999
19916.0 85.04577599999999
19921.9 84.99677599999998
19927.7 84.94677599999999
19933.6 84.89377599999999
19939.5 84.83977599999999
19945.3 84.784776
19951.2 84.72877599999998
19957.0 84.67077599999999
19962.9 84.61177599999999
19968.8 84.552776
19974.6 84.49377599999998
19980.5 84.433776
19986.3 84.37277599999999
19992.2 84.31377599999999
19998.0 84.25377599999999
