20.0 47.726776
20.290899 48.189777
20.586 48.683777
20.8855 49.216778
21.189301 49.804775
21.497499 50.446777
21.8102 51.133778
22.127399 51.859779
22.4492 52.610779
22.775801 53.373775
23.1071 54.133778
23.443199 54.875778
23.7841 55.586777
24.1301 56.257778
24.4811 56.882778
24.8372 57.461777
25.1984 57.995777
25.564899 58.489777
25.9368 58.951778
26.3141 59.392776
26.6968 59.82478
27.0851 60.259777
27.479099 60.709778
27.878799 61.177776
28.2843 61.662777
28.6957 62.15778
29.1131 62.65078
29.536501 63.132778
29.966101 63.593777
30.402 64.029778
30.8442 64.44278
31.2929 64.843773
31.748 65.246773
32.209801 65.668777
32.678299 66.126778
33.153599 66.626778
33.635899 67.16478
34.125099 67.732773
34.621498 68.312775
35.125 68.88678
35.635899 69.438774
36.154301 69.959778
36.680199 70.444778
37.213699 70.892776
37.755 71.321777
38.3041 71.740776
38.861301 72.059776
39.426498 72.415779
40.0 72.763779
40.581799 73.110779
41.1721 73.460777
41.771 73.818779
42.378502 74.187775
42.9949 74.56778
43.6203 74.956779
44.254799 75.353775
44.898499 75.756775
45.551498 76.16478
46.2141 76.580772
46.886299 77.005775
47.568298 77.443779
48.260201 77.893776
48.962101 78.352776
49.674301 78.815773
50.396801 79.278778
51.129902 79.735779
51.8736 80.183777
52.628101 80.619774
53.3936 81.043777
54.1702 81.454773
54.958099 81.850777
55.7575 82.231773
56.568501 82.597771
57.391399 82.946777
58.226101 83.280777
59.073 83.596771
59.932301 83.897774
60.804 84.183777
61.6884 84.452774
62.585701 84.708771
63.496 84.991776
64.419601 85.167778
65.356598 85.376778
66.307297 85.569771
67.271698 85.745773
68.250198 85.907776
69.242897 86.055771
70.250099 86.195778
71.271896 86.328773
72.308601 86.454773
73.360298 86.576775
74.427399 86.692772
75.509903 86.802773
76.608299 86.905777
77.722603 86.999771
78.853104 87.085777
80.0 87.163773
81.163597 87.232773
82.3442 87.293777
83.541901 87.347771
84.757 87.393776
85.989899 87.434776
87.240601 87.469772
88.509598 87.503777
89.797 87.526772
91.103104 87.551773
92.4282 87.572777
93.772598 87.592773
95.136597 87.610771
96.520401 87.627777
97.924301 87.641777
99.348602 87.652771
100.794 87.659775
102.26 87.661774
103.747 87.659775
105.256 87.657776
106.787 87.657776
108.34 87.659775
109.916 87.661774
111.515 87.660774
113.137 87.645775
114.783 87.599777
116.452 87.533775
118.146 87.441772
119.865 87.351776
121.608 87.279778
123.377 87.229774
125.171 87.197777
126.992 87.177773
128.839 87.165771
130.713 87.159775
132.615 87.151772
134.543 87.132774
136.5 87.096771
138.486 87.047775
140.5 86.979774
142.544 86.894775
144.617 86.809776
146.721 86.738777
148.855 86.689774
151.02 86.662773
153.217 86.647774
155.445 86.638771
157.706 86.634773
160.0 86.635773
162.327 86.637772
164.688 86.642776
167.084 86.647774
169.514 86.651772
171.98 86.647774
174.481 86.624771
177.019 86.567772
179.594 86.473778
182.206 86.364777
184.856 86.283775
187.545 86.248772
190.273 86.243774
193.041 86.253777
195.849 86.251778
198.697 86.218773
201.587 86.140778
204.52 86.026772
207.494 85.916771
210.512 85.842773
213.574 85.809776
216.681 85.810776
219.833 85.826775
223.03 85.840775
226.274 85.838776
229.565 85.810776
232.905 85.756775
236.292 85.681778
239.729 85.579773
243.216 85.499771
246.754 85.469772
250.343 85.472771
253.984 85.473778
257.678 85.433777
261.426 85.303772
265.229 85.104774
269.087 84.959778
273.001 84.893776
276.972 84.895775
281.0 84.945778
285.088 85.029778
289.234 85.103775
293.441 85.135773
297.709 85.121773
302.04 84.9803313762596
306.433 84.78408075374942
310.89 84.63399306799302
315.412 84.57106328675218
320.0 84.55927537778868
324.655 84.53360630886428
329.377 84.429069079979
334.168 84.23162962665637
339.028 83.99129894889641
343.959 83.82802998222269
348.962 83.85483269439698
354.038 83.93368505318102
359.188 83.90656202633663
364.412 83.8754846138638
369.713 83.84840071904785
375.09 83.73332837412703
380.546 83.62422148238663
386.081 83.61809004382668
391.697 83.70389799397074
397.394 83.7766563328188
403.175 83.7433169636562
409.039 83.57989791872114
414.989 83.30735610129898
421.025 83.02069351138971
427.149 82.80088508451689
433.362 82.58991078844228
439.665 82.37377359092768
446.06 82.25642842749664
452.548 82.25187626591092
459.131 82.3160870416941
465.809 82.35905475484618
472.584 82.37076034089068
479.458 82.42917873535121
486.432 82.4872939059895
493.507 82.48208882056736
500.686 82.3255273823701
507.968 82.05363162363595
515.357 81.76833341541203
522.853 81.42864775769833
530.458 81.0885325860184
538.174 80.79997983589583
546.002 80.49096247509235
553.943 80.42147047136976
562.001 80.66245669577518
570.175 81.00693518054682
578.469 81.24084179673179
586.883 81.3381885443301
595.419 81.31394335886529
604.08 81.25707114362271
612.866 81.20657289860236
621.78 81.05040252708957
630.824 80.77554196460788
640.0 80.61095914668087
649.309 80.5556370410703
658.753 80.49356458329972
668.335 80.30468667665448
678.056 80.11500428889637
687.919 79.86546532331069
697.925 79.70206774765924
708.077 79.68975946522735
718.376 79.4925444437768
728.825 79.0433675865929
739.426 78.78621682919922
750.181 78.87005410711934
761.093 78.69684032363855
772.163 78.21257744651868
783.394 77.842213379045
794.789 77.5687110245029
806.349 77.30105335065414
818.078 77.02020022854582
829.977 76.62613162593972
842.05 76.13479341388295
854.298 75.7201775601373
866.724 75.4982339679881
879.33 75.2919495729589
892.12 75.05626724609681
905.097 75.14814889068715
918.262 75.63958147449173
931.618 76.19551890079588
945.169 76.52091804064668
958.917 76.69775382956772
972.864 76.83499320308253
987.015 76.813576
1001.95 76.813576
1007.81 76.684976
1013.67 76.547976
1019.53 76.402676
1025.39 76.249176
1031.25 76.087576
1037.11 75.917976
1042.97 75.740476
1048.83 75.555076
1054.69 75.361976
1060.55 75.161176
1066.41 74.952576
1072.27 74.736276
1078.12 74.512276
1083.98 74.280576
1089.84 74.040976
1095.7 73.793676
1101.56 73.538376
1107.42 73.275276
1113.28 73.004076
1119.14 72.724976
1125.0 72.437876
1130.86 72.142976
1136.72 71.840176
1142.58 71.529776
1148.44 71.212076
1154.3 70.887476
1160.16 70.556276
1166.02 70.219176
1171.88 69.876976
1177.73 69.530676
1183.59 69.181076
1189.45 68.829776
1195.31 68.477976
1201.17 68.127476
1207.03 67.779976
1212.89 67.437576
1218.75 67.102276
1224.61 66.776276
1230.47 66.461776
1236.33 66.160776
1242.19 65.875476
1248.05 65.607576
1253.91 65.358676
1259.77 65.130076
1265.62 64.922476
1271.48 64.736476
1277.34 64.572276
1283.2 64.429476
1289.06 64.307776
1294.92 64.206276
1300.78 64.124176
1306.64 64.060376
1312.5 64.013976
1318.36 63.983976
1324.22 63.969376
1330.08 63.969376
1335.94 63.983276000000004
1341.8 64.010476
1347.66 64.050476
1353.52 64.102776
1359.38 64.167076
1365.23 64.242976
1371.09 64.330276
1376.95 64.428776
1382.81 64.537976
1388.67 64.657576
1394.53 64.787276
1400.39 64.926576
1406.25 65.074976
1412.11 65.231976
1417.97 65.396976
1423.83 65.569476
1429.69 65.748676
1435.55 65.934076
1441.41 66.124876
1447.27 66.320376
1453.12 66.520176
1458.98 66.723376
1464.84 66.929476
1470.7 67.137776
1476.56 67.347876
1482.42 67.559176
1488.28 67.771176
1494.14 67.983376
1500.0 68.195476
1505.86 68.406876
1511.72 68.617276
1517.58 68.826376
1523.44 69.033876
1529.3 69.23937600000001
1535.16 69.442776
1541.02 69.643576
1546.88 69.841676
1552.73 70.036876
1558.59 70.228976
1564.45 70.417676
1570.31 70.602876
1576.17 70.784376
1582.03 70.962076
1587.89 71.135676
1593.75 71.305176
1599.61 71.470376
1605.47 71.631076
1611.33 71.787276
1617.19 71.938776
1623.05 72.085476
1628.91 72.227276
1634.77 72.364076
1640.62 72.495776
1646.48 72.622176
1652.34 72.743376
1658.2 72.859176
1664.06 72.969476
1669.92 73.074376
1675.78 73.173576
1681.64 73.267176
1687.5 73.355076
1693.36 73.437276
1699.22 73.513676
1705.08 73.584376
1710.94 73.649176
1716.8 73.708276
1722.66 73.761476
1728.52 73.808976
1734.38 73.850776
1740.23 73.886776
1746.09 73.917176
1751.95 73.942076
1757.81 73.961376
1763.67 73.975376
1769.53 73.984076
1775.39 73.987576
1781.25 73.986076
1787.11 73.979776
1792.97 73.968676
1798.83 73.953176
1804.69 73.933276
1810.55 73.909376
1816.41 73.881576
1822.27 73.850076
1828.12 73.815276
1833.98 73.777376
1839.84 73.736676
1845.7 73.693376
1851.56 73.647876
1857.42 73.600476
1863.28 73.551476
1869.14 73.501176
1875.0 73.449876
1880.86 73.398076
1886.72 73.345876
1892.58 73.293776
1898.44 73.242076
1904.3 73.190976
1910.16 73.140876
1916.02 73.092176
1921.88 73.044976
1927.73 72.999576
1933.59 72.956376
1939.45 72.915376
1945.31 72.876976
1951.17 72.841176
1957.03 72.808176
1962.89 72.778176
1968.75 72.751076
1974.61 72.727076
1980.47 72.706176
1986.33 72.688276
1992.19 72.673276
1998.05 72.661276
2003.91 72.652176
2009.77 72.645676
2015.62 72.641776
2021.48 72.640276
2027.34 72.640976
2033.2 72.643676
2039.06 72.648276
2044.92 72.654576
2050.78 72.662176
2056.64 72.671176
2062.5 72.681076
2068.36 72.691876
2074.22 72.703276
2080.08 72.715176
2085.94 72.727376
2091.8 72.739676
2097.66 72.752076
2103.52 72.764176
2109.38 72.776076
2115.23 72.787576
2121.09 72.798676
2126.95 72.809076
2132.81 72.818876
2138.67 72.827976
2144.53 72.836276
2150.39 72.843776
2156.25 72.850376
2162.11 72.856176
2167.97 72.861076
2173.83 72.865076
2179.69 72.868176
2185.55 72.870376
2191.41 72.871776
2197.27 72.872276
2203.12 72.871976
2208.98 72.870876
2214.84 72.869076
2220.7 72.866476
2226.56 72.863276
2232.42 72.859376
2238.28 72.854976
2244.14 72.850076
2250.0 72.844576
2255.86 72.838676
2261.72 72.832476
2267.58 72.825876
2273.44 72.818976
2279.3 72.811776
2285.16 72.804476
2291.02 72.796976
2296.88 72.789376
2302.73 72.781676
2308.59 72.773976
2314.45 72.766176
2320.31 72.758476
2326.17 72.750776
2332.03 72.743076
2337.89 72.735576
2343.75 72.728076
2349.61 72.720576
2355.47 72.713276
2361.33 72.706076
2367.19 72.698876
2373.05 72.691676
2378.91 72.684576
2384.77 72.677476
2390.62 72.670376
2396.48 72.663176
2402.34 72.655876
2408.2 72.648476
2414.06 72.640876
2419.92 72.632976
2425.78 72.624876
2431.64 72.616276
2437.5 72.607276
2443.36 72.597776
2449.22 72.587776
2455.08 72.577076
2460.94 72.565576
2466.8 72.553376
2472.66 72.540176
2478.52 72.526076
2484.38 72.510876
2490.23 72.494476
2496.09 72.476976
2501.95 72.458076
2507.81 72.426776
2513.67 72.404376
2519.53 72.391976
2525.39 72.367176
2531.25 72.340676
2537.11 72.312476
2542.97 72.282576
2548.83 72.250876
2554.69 72.217376
2560.55 72.182076
2566.41 72.144876
2572.27 72.105976
2578.12 72.065176
2583.98 72.022576
2589.84 71.978276
2595.7 71.932376
2601.56 71.884776
2607.42 71.835676
2613.28 71.785276
2619.14 71.733476
2625.0 71.680476
2630.86 71.626576
2636.72 71.571776
2642.58 71.516376
2648.44 71.460476
2654.3 71.404376
2660.16 71.348176
2666.02 71.292276
2671.88 71.236676
2677.73 71.181776
2683.59 71.127876
2689.45 71.075076
2695.31 71.023676
2701.17 70.973876
2707.03 70.925976
2712.89 70.880176
2718.75 70.836576
2724.61 70.795376
2730.47 70.756776
2736.33 70.720876
2742.19 70.687776
2748.05 70.657476
2753.91 70.630076
2759.77 70.605476
2765.62 70.583676
2771.48 70.564576
2777.34 70.548176
2783.2 70.534176
2789.06 70.522476
2794.92 70.512876
2800.78 70.505076
2806.64 70.498976
2812.5 70.494176
2818.36 70.490476
2824.22 70.487576
2830.08 70.485176
2835.94 70.483076
2841.8 70.480976
2847.66 70.478476
2853.52 70.475476
2859.38 70.471676
2865.23 70.466876
2871.09 70.460876
2876.95 70.453576
2882.81 70.444676
2888.67 70.434176
2894.53 70.421876
2900.39 70.407876
2906.25 70.391976
2912.11 70.374376
2917.97 70.354976
2923.83 70.333876
2929.69 70.311276
2935.55 70.287176
2941.41 70.261876
2947.27 70.235476
2953.12 70.208276
2958.98 70.180376
2964.84 70.152276
2970.7 70.124076
2976.56 70.096176
2982.42 70.068876
2988.28 70.042476
2994.14 70.017376
3000.0 69.993776
3005.86 69.971976
3011.72 69.952276
3017.58 69.935076
3023.44 69.920376
3029.3 69.908576
3035.16 69.899776
3041.02 69.894076
3046.88 69.891576
3052.73 69.892376
3058.59 69.896376
3064.45 69.903476
3070.31 69.913776
3076.17 69.926976
3082.03 69.942976
3087.89 69.961476
3093.75 69.982276
3099.61 70.005076
3105.47 70.029676
3111.33 70.055576
3117.19 70.082676
3123.05 70.110376
3128.91 70.138576
3134.77 70.166676
3140.62 70.194576
3146.48 70.221776
3152.34 70.247976
3158.2 70.272976
3164.06 70.296376
3169.92 70.317876
3175.78 70.337276
3181.64 70.354276
3187.5 70.368676
3193.36 70.380376
3199.22 70.389176
3205.08 70.394776
3210.94 70.397276
3216.8 70.396376
3222.66 70.392176
3228.52 70.384476
3234.38 70.373276
3240.23 70.358676
3246.09 70.340476
3251.95 70.318876
3257.81 70.293776
3263.67 70.265376
3269.53 70.233576
3275.39 70.198576
3281.25 70.160476
3287.11 70.119276
3292.97 70.075176
3298.83 70.028176
3304.69 69.978376
3310.55 69.925976
3316.41 69.871076
3322.27 69.813676
3328.12 69.753976
3333.98 69.691976
3339.84 69.627776
3345.7 69.561476
3351.56 69.493176
3357.42 69.422876
3363.28 69.350676
3369.14 69.276576
3375.0 69.200576
3380.86 69.122676
3386.72 69.043076
3392.58 68.961576
3398.44 68.878276
3404.3 68.793176
3410.16 68.706376
3416.02 68.617876
3421.88 68.527576
3427.73 68.435676
3433.59 68.342176
3439.45 68.247176
3445.31 68.150776
3451.17 68.053176
3457.03 67.954476
3462.89 67.854876
3468.75 67.754676
3474.61 67.654176
3480.47 67.553676
3486.33 67.453476
3492.19 67.354176
3498.05 67.256076
3503.91 67.159776
3509.77 67.065676
3515.62 66.974476
3521.48 66.886576
3527.34 66.802676
3533.2 66.723276
3539.06 66.648776
3544.92 66.579876
3550.78 66.516776
3556.64 66.459876
3562.5 66.409476
3568.36 66.365676
3574.22 66.328476
3580.08 66.297776
3585.94 66.273476
3591.8 66.255076
3597.66 66.242176
3603.52 66.234276
3609.38 66.230776
3615.23 66.230876
3621.09 66.233876
3626.95 66.238876
3632.81 66.245276
3638.67 66.252076
3644.53 66.258576
3650.39 66.264076
3656.25 66.267776
3662.11 66.269076
3667.97 66.267476
3673.83 66.262376
3679.69 66.253576
3685.55 66.240676
3691.41 66.223576
3697.27 66.202276
3703.12 66.176776
3708.98 66.147476
3714.84 66.114676
3720.7 66.078976
3726.56 66.041176
3732.42 66.002076
3738.28 65.962776
3744.14 65.924576
3750.0 65.888876
3755.86 65.857176
3761.72 65.831376
3767.58 65.813176
3773.44 65.804376
3779.3 65.806976
3785.16 65.822676
3791.02 65.853076
3796.88 65.899676
3802.73 65.963676
3808.59 66.045776
3814.45 66.146476
3820.31 66.265776
3826.17 66.403176
3832.03 66.557976
3837.89 66.728876
3843.75 66.914476
3849.61 67.112976
3855.47 67.322576
3861.33 67.541276
3867.19 67.767076
3873.05 67.998076
3878.91 68.232276
3884.77 68.467976
3890.62 68.703476
3896.48 68.937276
3902.34 69.168076
3908.2 69.394776
3914.06 69.616076
3919.92 69.831376
3925.78 70.039676
3931.64 70.240476
3937.5 70.433176
3943.36 70.617276
3949.22 70.792476
3955.08 70.958476
3960.94 71.115076
3966.8 71.262176
3972.66 71.399476
3978.52 71.527176
3984.38 71.644976
3990.23 71.753076
3996.09 71.851576
4001.95 71.940376
4007.81 72.019576
4013.67 72.089476
4019.53 72.150076
4025.39 72.201576
4031.25 72.244276
4037.11 72.278176
4042.97 72.303676
4048.83 72.320976
4054.69 72.330276
4060.55 72.331976
4066.41 72.32627600000001
4072.27 72.313576
4078.12 72.294176
4083.98 72.268476
4089.84 72.236876
4095.7 72.199776
4101.56 72.157576
4107.42 72.110876
4113.28 72.060076
4119.14 72.005576
4125.0 71.948076
4130.86 71.888076
4136.72 71.826076
4142.58 71.762676
4148.44 71.698576
4154.3 71.634176
4160.16 71.570276
4166.02 71.507276
4171.88 71.445776
4177.73 71.359076
4183.59 71.303976
4189.45 71.252076
4195.31 71.229676
4201.17 71.183676
4207.03 71.141776
4212.89 71.104276
4218.75 71.071476
4224.61 71.043276
4230.47 71.019976
4236.33 71.001376
4242.19 70.987576
4248.05 70.978476
4253.91 70.973776
4259.77 70.973376
4265.62 70.976976
4271.48 70.984276
4277.34 70.995176
4283.2 71.009076
4289.06 71.025876
4294.92 71.045076
4300.78 71.066576
4306.64 71.08997600000001
4312.5 71.114976
4318.36 71.141476
4324.22 71.168976
4330.08 71.197576
4335.94 71.226876
4341.8 71.256876
4347.66 71.287376
4353.52 71.318376
4359.38 71.349876
4365.23 71.381676
4371.09 71.413876
4376.95 71.446576
4382.81 71.479676
4388.67 71.513276
4394.53 71.547476
4400.39 71.582376
4406.25 71.617976
4412.11 71.654376
4417.97 71.691776
4423.83 71.730076
4429.69 71.769476
4435.55 71.809976
4441.41 71.851676
4447.27 71.894476
4453.12 71.938576
4458.98 71.983876
4464.84 72.030376
4470.7 72.078076
4476.56 72.126776
4482.42 72.176576
4488.28 72.227276
4494.14 72.278776
4500.0 72.330976
4505.86 72.383776
4511.72 72.436976
4517.58 72.490376
4523.44 72.543776
4529.3 72.597176
4535.16 72.650176
4541.02 72.702776
4546.88 72.754676
4552.73 72.805776
4558.59 72.855776
4564.45 72.904576
4570.31 72.951976
4576.17 72.997776
4582.03 73.041876
4587.89 73.084076
4593.75 73.124276
4599.61 73.162176
4605.47 73.197876
4611.33 73.231176
4617.19 73.261876
4623.05 73.289876
4628.91 73.315076
4634.77 73.337476
4640.62 73.356976
4646.48 73.373376
4652.34 73.386676
4658.2 73.396776
4664.06 73.403676
4669.92 73.407276
4675.78 73.407576
4681.64 73.404376
4687.5 73.397676
4693.36 73.387576
4699.22 73.373876
4705.08 73.356576
4710.94 73.335676
4716.8 73.311076
4722.66 73.282776
4728.52 73.250776
4734.38 73.215076
4740.23 73.175476
4746.09 73.132176
4751.95 73.085076
4757.81 73.034176
4763.67 72.979376
4769.53 72.920876
4775.39 72.858576
4781.25 72.792576
4787.11 72.722776
4792.97 72.649476
4798.83 72.572476
4804.69 72.492076
4810.55 72.408276
4816.41 72.321176
4822.27 72.231076
4828.12 72.138076
4833.98 72.042376
4839.84 71.944176
4845.7 71.843776
4851.56 71.741576
4857.42 71.637676
4863.28 71.532676
4869.14 71.42687600000001
4875.0 71.320776
4880.86 71.214676
4886.72 71.109176
4892.58 71.004876
4898.44 70.902176
4904.3 70.801776
4910.16 70.704076
4916.02 70.609776
4921.88 70.519376
4927.73 70.433476
4933.59 70.352476
4939.45 70.276976
4945.31 70.207376
4951.17 70.143976
4957.03 70.087076
4962.89 70.036976
4968.75 69.993776
4974.61 69.957476
4980.47 69.928076
4986.33 69.905476
4992.19 69.889376
4998.05 69.879476
5003.91 69.875476
5009.77 69.876876
5015.62 69.883276
5021.48 69.893976
5027.34 69.908476
5033.2 69.926276
5039.06 69.946676
5044.92 69.969076
5050.78 69.992976
5056.64 70.017676
5062.5 70.042776
5068.36 70.067576
5074.22 70.091776
5080.08 70.114876
5085.94 70.136576
5091.8 70.156376
5097.66 70.174176
5103.52 70.189576
5109.38 70.202476
5115.23 70.212776
5121.09 70.220376
5126.95 70.225176
5132.81 70.227376
5138.67 70.226876
5144.53 70.223876
5150.39 70.218476
5156.25 70.210976
5162.11 70.201476
5167.97 70.190476
5173.83 70.178076
5179.69 70.164676
5185.55 70.150776
5191.41 70.136476
5197.27 70.122476
5203.12 70.108876
5208.98 70.096276
5214.84 70.084976
5220.7 70.075476
5226.56 70.067876
5232.42 70.062676
5238.28 70.060076
5244.14 70.060376
5250.0 70.063676
5255.86 70.070176
5261.72 70.080076
5267.58 70.093276
5273.44 70.109776
5279.3 70.129576
5285.16 70.15247600000001
5291.02 70.178476
5296.88 70.207376
5302.73 70.238776
5308.59 70.272676
5314.45 70.308576
5320.31 70.346376
5326.17 70.385776
5332.03 70.426476
5337.89 70.468176
5343.75 70.510676
5349.61 70.553776
5355.47 70.597276
5361.33 70.640976
5367.19 70.684776
5373.05 70.728576
5378.91 70.772276
5384.77 70.815876
5390.62 70.859376
5396.48 70.902876
5402.34 70.946476
5408.2 70.990376
5414.06 71.034576
5419.92 71.079376
5425.78 71.124976
5431.64 71.171676
5437.5 71.219676
5443.36 71.269276
5449.22 71.320676
5455.08 71.374276
5460.94 71.430276
5466.8 71.488876
5472.66 71.550476
5478.52 71.614976
5484.38 71.682776
5490.23 71.753976
5496.09 71.828576
5501.95 71.906576
5507.81 71.988076
5513.67 72.072876
5519.53 72.160976
5525.39 72.252176
5531.25 72.346276
5537.11 72.442876
5542.97 72.541876
5548.83 72.642876
5554.69 72.745476
5560.55 72.849376
5566.41 72.954176
5572.27 73.059476
5578.12 73.164876
5583.98 73.269976
5589.84 73.374376
5595.7 73.477676
5601.56 73.579476
5607.42 73.679476
5613.28 73.777376
5619.14 73.872676
5625.0 73.965276
5630.86 74.054876
5636.72 74.141076
5642.58 74.223776
5648.44 74.302876
5654.3 74.377976
5660.16 74.449076
5666.02 74.515976
5671.88 74.578576
5677.73 74.636876
5683.59 74.690676
5689.45 74.740076
5695.31 74.785076
5701.17 74.825576
5707.03 74.861676
5712.89 74.893476
5718.75 74.920876
5724.61 74.944076
5730.47 74.963076
5736.33 74.978176
5742.19 74.989476
5748.05 74.996976
5753.91 75.000976
5759.77 75.001676
5765.62 74.999276
5771.48 74.993876
5777.34 74.985776
5783.2 74.975276
5789.06 74.962476
5794.92 74.947676
5800.78 74.931276
5806.64 74.913376
5812.5 74.894176
5818.36 74.874176
5824.22 74.853376
5830.08 74.832076
5835.94 74.810676
5841.8 74.789176
5847.66 74.767976
5853.52 74.737276
5859.38 74.717276
5865.23 74.698076
5871.09 74.689476
5876.95 74.671576
5882.81 74.654576
5888.67 74.638576
5894.53 74.623476
5900.39 74.609276
5906.25 74.595976
5912.11 74.583476
5917.97 74.571576
5923.83 74.560276
5929.69 74.549476
5935.55 74.538876
5941.41 74.528276
5947.27 74.517576
5953.12 74.506576
5958.98 74.494976
5964.84 74.482676
5970.7 74.469276
5976.56 74.454776
5982.42 74.438876
5988.28 74.421276
5994.14 74.401876
6000.0 74.380376
6005.86 74.356776
6011.72 74.330676
6017.58 74.302176
6023.44 74.270976
6029.3 74.236976
6035.16 74.200176
6041.02 74.160476
6046.88 74.117776
6052.73 74.072076
6058.59 74.023476
6064.45 73.971776
6070.31 73.917276
6076.17 73.859976
6082.03 73.799876
6087.89 73.737276
6093.75 73.672276
6099.61 73.605076
6105.47 73.535976
6111.33 73.465076
6117.19 73.392676
6123.05 73.319176
6128.91 73.244776
6134.77 73.169976
6140.62 73.094876
6146.48 73.020076
6152.34 72.945876
6158.2 72.872576
6164.06 72.800676
6169.92 72.730376
6175.78 72.662076
6181.64 72.596276
6187.5 72.532976
6193.36 72.472676
6199.22 72.415576
6205.08 72.361876
6210.94 72.311576
6216.8 72.264976
6222.66 72.222176
6228.52 72.182976
6234.38 72.147376
6240.23 72.115376
6246.09 72.086876
6251.95 72.061576
6257.81 72.039276
6263.67 72.019676
6269.53 72.002576
6275.39 71.987676
6281.25 71.974476
6287.11 71.962676
6292.97 71.951876
6298.83 71.941776
6304.69 71.931976
6310.55 71.922076
6316.41 71.911676
6322.27 71.900476
6328.12 71.887976
6333.98 71.874076
6339.84 71.858276
6345.7 71.840376
6351.56 71.820076
6357.42 71.797076
6363.28 71.771276
6369.14 71.742476
6375.0 71.710376
6380.86 71.674876
6386.72 71.635876
6392.58 71.593176
6398.44 71.546876
6404.3 71.496776
6410.16 71.442876
6416.02 71.385176
6421.88 71.323676
6427.73 71.258376
6433.59 71.189376
6439.45 71.116676
6445.31 71.040476
6451.17 70.960676
6457.03 70.877576
6462.89 70.791176
6468.75 70.701676
6474.61 70.609276
6480.47 70.514176
6486.33 70.416376
6492.19 70.316176
6498.05 70.213876
6503.91 70.109576
6509.77 70.003576
6515.62 69.896076
6521.48 69.787276
6527.34 69.677576
6533.2 69.567076
6539.06 69.456076
6544.92 69.344876
6550.78 69.233776
6556.64 69.123076
6562.5 69.012976
6568.36 68.903776
6574.22 68.795676
6580.08 68.689176
6585.94 68.584276
6591.8 68.481476
6597.66 68.380876
6603.52 68.282676
6609.38 68.187276
6615.23 68.094776
6621.09 68.005476
6626.95 67.919376
6632.81 67.836776
6638.67 67.757676
6644.53 67.682376
6650.39 67.610776
6656.25 67.542976
6662.11 67.478976
6667.97 67.418676
6673.83 67.362176
6679.69 67.309376
6685.55 67.260076
6691.41 67.214076
6697.27 67.171276
6703.12 67.131476
6708.98 67.094476
6714.84 67.059876
6720.7 67.02747600000001
6726.56 66.996976
6732.42 66.967976
6738.28 66.940176
6744.14 66.913376
6750.0 66.886976
6755.86 66.860876
6761.72 66.834476
6767.58 66.807576
6773.44 66.779676
6779.3 66.750576
6785.16 66.719976
6791.02 66.687376
6796.88 66.652576
6802.73 66.615176
6808.59 66.575076
6814.45 66.531776
6820.31 66.485276
6826.17 66.435076
6832.03 66.381276
6837.89 66.323376
6843.75 66.261476
6849.61 66.195376
6855.47 66.124876
6861.33 66.049976
6867.19 65.970576
6873.05 65.886676
6878.91 65.798376
6884.77 65.705676
6890.62 65.608676
6896.48 65.507376
6902.34 65.402176
6908.2 65.293176
6914.06 65.180676
6919.92 65.064976
6925.78 64.946376
6931.64 64.825376
6937.5 64.702476
6943.36 64.578076
6949.22 64.452776
6955.08 64.327276
6960.94 64.202276
6966.8 64.078276
6972.66 63.956176
6978.52 63.836676
6984.38 63.720575999999994
6990.23 63.608576
6996.09 63.501576
7001.95 63.400076
7007.81 63.305076
7013.67 63.216876
7019.53 63.136275999999995
7025.39 63.063576
7031.25 62.999176000000006
7037.11 62.943376
7042.97 62.896276
7048.83 62.857876000000005
7054.69 62.82797600000001
7060.55 62.806476
7066.41 62.792975999999996
7072.27 62.786975999999996
7078.12 62.787976
7083.98 62.795475999999994
7089.84 62.808775999999995
7095.7 62.827076000000005
7101.56 62.849776000000006
7107.42 62.876076
7113.28 62.905276
7119.14 62.936775999999995
7125.0 62.96967600000001
7130.86 63.003575999999995
7136.72 63.037676000000005
7142.58 63.071476000000004
7148.44 63.104575999999994
7154.3 63.136476
7160.16 63.166876
7166.02 63.195176000000004
7171.88 63.22137600000001
7177.73 63.245176
7183.59 63.266375999999994
7189.45 63.284775999999994
7195.31 63.300476
7201.17 63.313276
7207.03 63.323375999999996
7212.89 63.33057599999999
7218.75 63.335176000000004
7224.61 63.337075999999996
7230.47 63.336575999999994
7236.33 63.333876000000004
7242.19 63.328976
7248.05 63.322276
7253.91 63.31387599999999
7259.77 63.303976000000006
7265.62 63.292975999999996
7271.48 63.281076
7277.34 63.26847600000001
7283.2 63.255376
7289.06 63.242176
7294.92 63.229076000000006
7300.78 63.21627599999999
7306.64 63.204076
7312.5 63.192576
7318.36 63.182075999999995
7324.22 63.172776
7330.08 63.164776
7335.94 63.158176
7341.8 63.153176
7347.66 63.149876000000006
7353.52 63.148376
7359.38 63.148576000000006
7365.23 63.150576
7371.09 63.154476
7376.95 63.16017600000001
7382.81 63.167576
7388.67 63.176676
7394.53 63.187376
7400.39 63.199476000000004
7406.25 63.213076
7412.11 63.227776000000006
7417.97 63.243576000000004
7423.83 63.260375999999994
7429.69 63.277776
7435.55 63.295776000000004
7441.41 63.314176
7447.27 63.332676000000006
7453.12 63.351076000000006
7458.98 63.369175999999996
7464.84 63.386876
7470.7 63.40377599999999
7476.56 63.419876
7482.42 63.434776
7488.28 63.44827600000001
7494.14 63.46027599999999
7500.0 63.470376
7505.86 63.478576000000004
7511.72 63.484476
7517.58 63.487976
7523.44 63.485876000000005
7529.3 63.482175999999995
7535.16 63.475376
7541.02 63.465276
7546.88 63.455776
7552.73 63.440175999999994
7558.59 63.420776000000004
7564.45 63.397476
7570.31 63.369975999999994
7576.17 63.33827599999999
7582.03 63.302176
7587.89 63.261476
7593.75 63.216176000000004
7599.61 63.166076000000004
7605.47 63.111176
7611.33 63.051376000000005
7617.19 62.986576
7623.05 62.916776
7628.91 62.842076000000006
7634.77 62.762376
7640.62 62.677775999999994
7646.48 62.588376
7652.34 62.494476000000006
7658.2 62.396075999999994
7664.06 62.293476
7669.92 62.186976
7675.78 62.077076000000005
7681.64 61.964076000000006
7687.5 61.848575999999994
7693.36 61.731076
7699.22 61.612275999999994
7705.08 61.492976
7710.94 61.373976
7716.8 61.256175999999996
7722.66 61.140575999999996
7728.52 61.028176
7734.38 60.920075999999995
7740.23 60.817375999999996
7746.09 60.721276
7751.95 60.632875999999996
7757.81 60.55317599999999
7763.67 60.483276000000004
7769.53 60.423975999999996
7775.39 60.376176
7781.25 60.340475999999995
7787.11 60.317176
7792.97 60.306776
7798.83 60.309175999999994
7804.69 60.324376
7810.55 60.35197599999999
7816.41 60.391375999999994
7822.27 60.442076
7828.12 60.50307599999999
7833.98 60.573476
7839.84 60.652276
7845.7 60.738276
7851.56 60.830276
7857.42 60.927276000000006
7863.28 61.027876000000006
7869.14 61.131175999999996
7875.0 61.235975999999994
7880.86 61.34127599999999
7886.72 61.446175999999994
7892.58 61.549775999999994
7898.44 61.651275999999996
7904.3 61.749876
7910.16 61.845175999999995
7916.02 61.936476
7921.88 62.023376
7927.73 62.10537600000001
7933.59 62.182276
7939.45 62.253575999999995
7945.31 62.319376000000005
7951.17 62.379176
7957.03 62.433076
7962.89 62.480976
7968.75 62.52277599999999
7974.61 62.558576
7980.47 62.58827599999999
7986.33 62.612076
7992.19 62.630076
7998.05 62.642275999999995
8003.91 62.648976000000005
8009.77 62.650276000000005
8015.62 62.64647600000001
8021.48 62.637676
8027.34 62.624275999999995
8033.2 62.606576000000004
8039.06 62.584676
8044.92 62.559076000000005
8050.78 62.530075999999994
8056.64 62.498076
8062.5 62.46327599999999
8068.36 62.426276
8074.22 62.387276
8080.08 62.346875999999995
8085.94 62.305375999999995
8091.8 62.263176
8097.66 62.220776
8103.52 62.178476
8109.38 62.136776
8115.23 62.09597599999999
8121.09 62.05657600000001
8126.95 62.018876000000006
8132.81 61.983276000000004
8138.67 61.949876
8144.53 61.91917599999999
8150.39 61.891276000000005
8156.25 61.866376
8162.11 61.84467600000001
8167.97 61.82627600000001
8173.83 61.811176
8179.69 61.799476
8185.55 61.790976
8191.41 61.785776
8197.27 61.783676
8203.12 61.784476
8208.98 61.787876
8214.84 61.793775999999994
8220.7 61.80187600000001
8226.56 61.811775999999995
8232.42 61.823176000000004
8238.28 61.83567600000001
8244.14 61.84897599999999
8250.0 61.86267599999999
8255.86 61.87637599999999
8261.72 61.889675999999994
8267.58 61.902176
8273.44 61.913476
8279.3 61.923376000000005
8285.16 61.931376
8291.02 61.937175999999994
8296.88 61.940376
8302.73 61.940876
8308.59 61.938276
8314.45 61.932276
8320.31 61.922776
8326.17 61.909576
8332.03 61.892376
8337.89 61.871176000000006
8343.75 61.845776
8349.61 61.816176
8355.47 61.782275999999996
8361.33 61.74407600000001
8367.19 61.701476
8373.05 61.654776
8378.91 61.603775999999996
8384.77 61.548776000000004
8390.62 61.489776000000006
8396.48 61.427076
8402.34 61.360776
8408.2 61.29117599999999
8414.06 61.218475999999995
8419.92 61.14307599999999
8425.78 61.065276
8431.64 60.985476000000006
8437.5 60.903976
8443.36 60.821276
8449.22 60.737776
8455.08 60.653976
8460.94 60.570375999999996
8466.8 60.487376
8472.66 60.405575999999996
8478.52 60.325376000000006
8484.38 60.247376
8490.23 60.171976
8496.09 60.099576
8501.95 60.030676
8507.81 59.965576
8513.67 59.904675999999995
8519.53 59.848175999999995
8525.39 59.796276000000006
8531.25 59.749176000000006
8537.11 59.706976
8542.97 59.669675999999995
8548.83 59.63707599999999
8554.69 59.609176000000005
8560.55 59.585775999999996
8566.41 59.566576
8572.27 59.551276
8578.12 59.539576
8583.98 59.530876000000006
8589.84 59.524975999999995
8595.7 59.521276
8601.56 59.519375999999994
8607.42 59.518676
8613.28 59.518876000000006
8619.14 59.519176
8625.0 59.519375999999994
8630.86 59.518975999999995
8636.72 59.517376
8642.58 59.514376
8648.44 59.509276
8654.3 59.502076
8660.16 59.492076
8666.02 59.479276
8671.88 59.463176000000004
8677.73 59.44357599999999
8683.59 59.420276
8689.45 59.39307599999999
8695.31 59.361676
8701.17 59.326076
8707.03 59.286075999999994
8712.89 59.241476000000006
8718.75 59.19227600000001
8724.61 59.138375999999994
8730.47 59.079576
8736.33 59.015975999999995
8742.19 58.947475999999995
8748.05 58.873976
8753.91 58.795475999999994
8759.77 58.711876000000004
8765.62 58.623276000000004
8771.48 58.529576000000006
8777.34 58.430876
8783.2 58.326976
8789.06 58.218075999999996
8794.92 58.104076000000006
8800.78 57.98507600000001
8806.64 57.860975999999994
8812.5 57.731976
8818.36 57.597976
8824.22 57.459176
8830.08 57.31557599999999
8835.94 57.167276
8841.8 57.014576000000005
8847.66 56.857476000000005
8853.52 56.696175999999994
8859.38 56.531076
8865.23 56.362376
8871.09 56.190276
8876.95 56.015376
8882.81 55.838076
8888.67 55.658776
8894.53 55.478076
8900.39 55.296775999999994
8906.25 55.115376
8912.11 54.934675999999996
8917.97 54.755675999999994
8923.83 54.578976
8929.69 54.405776
8935.55 54.236875999999995
8941.41 54.07327600000001
8947.27 53.915876
8953.12 53.765676
8958.98 53.623476
8964.84 53.490176000000005
8970.7 53.366276
8976.56 53.252476
8982.42 53.149176
8988.28 53.05657600000001
8994.14 52.974776000000006
9000.0 52.903676000000004
9005.86 52.843075999999996
9011.72 52.792376000000004
9017.58 52.751176
9023.44 52.718475999999995
9029.3 52.693675999999996
9035.16 52.675675999999996
9041.02 52.663376
9046.88 52.655975999999995
9052.73 52.652176
9058.59 52.650976
9064.45 52.651376
9070.31 52.652376000000004
9076.17 52.653076
9082.03 52.652676
9087.89 52.650375999999994
9093.75 52.645675999999995
9099.61 52.638076
9105.47 52.627076
9111.33 52.612476
9117.19 52.594275999999994
9123.05 52.572376000000006
9128.91 52.547076000000004
9134.77 52.51847600000001
9140.62 52.487176000000005
9146.48 52.453776000000005
9152.34 52.419076000000004
9158.2 52.383776
9164.06 52.349076
9169.92 52.315976000000006
9175.78 52.285876
9181.64 52.259876000000006
9187.5 52.239576
9193.36 52.231376
9199.22 52.232276
9205.08 52.243376
9210.94 52.265776
9216.8 52.300276
9222.66 52.336776
9228.52 52.391375999999994
9234.38 52.459475999999995
9240.23 52.540976
9246.09 52.635976
9251.95 52.744175999999996
9257.81 52.864976
9263.67 52.997676
9269.53 53.141276000000005
9275.39 53.294876
9281.25 53.45727599999999
9287.11 53.627076
9292.97 53.803276
9298.83 53.984376
9304.69 54.169076000000004
9310.55 54.356376
9316.41 54.544976000000005
9322.27 54.733776000000006
9328.12 54.921976
9333.98 55.108676
9339.84 55.292975999999996
9345.7 55.474475999999996
9351.56 55.652376000000004
9357.42 55.826476
9363.28 55.996176000000006
9369.14 56.16147599999999
9375.0 56.321876
9380.86 56.477475999999996
9386.72 56.62807599999999
9392.58 56.773675999999995
9398.44 56.914376000000004
9404.3 57.050076000000004
9410.16 57.180976
9416.02 57.307176
9421.88 57.428776
9427.73 57.545975999999996
9433.59 57.65887600000001
9439.45 57.767576000000005
9445.31 57.872376
9451.17 57.973376
9457.03 58.070676000000006
9462.89 58.16447599999999
9468.75 58.254875999999996
9474.61 58.342076000000006
9480.47 58.426176
9486.33 58.507176
9492.19 58.58527599999999
9498.05 58.660376
9503.91 58.732776
9509.77 58.802276000000006
9515.62 58.868976
9521.48 58.93287599999999
9527.34 58.993976
9533.2 59.052276000000006
9539.06 59.107676
9544.92 59.16017600000001
9550.78 59.209576
9556.64 59.255976000000004
9562.5 59.299276000000006
9568.36 59.339276
9574.22 59.376076
9580.08 59.409375999999995
9585.94 59.43927600000001
9591.8 59.465475999999995
9597.66 59.488175999999996
9603.52 59.507076
9609.38 59.522276000000005
9615.23 59.533576
9621.09 59.541076000000004
9626.95 59.544576000000006
9632.81 59.544076000000004
9638.67 59.539776
9644.53 59.531375999999995
9650.39 59.519076
9656.25 59.502876
9662.11 59.482776
9667.97 59.458876000000004
9673.83 59.431276
9679.69 59.399975999999995
9685.55 59.365176000000005
9691.41 59.326976
9697.27 59.285476
9703.12 59.240776
9708.98 59.193276
9714.84 59.142876
9720.7 59.08997600000001
9726.56 59.034775999999994
9732.42 58.977475999999996
9738.28 58.918176
9744.14 58.857376
9750.0 58.795176
9755.86 58.731876
9761.72 58.667676
9767.58 58.602976
9773.44 58.538076000000004
9779.3 58.473076000000006
9785.16 58.408376000000004
9791.02 58.344275999999994
9796.88 58.280876000000006
9802.73 58.218576
9808.59 58.157476
9814.45 58.097876
9820.31 58.039975999999996
9826.17 57.983776000000006
9832.03 57.929475999999994
9837.89 57.877376
9843.75 57.827276
9849.61 57.779376
9855.47 57.733576
9861.33 57.690076000000005
9867.19 57.648576000000006
9873.05 57.609176000000005
9878.91 57.571776
9884.77 57.536075999999994
9890.62 57.502176000000006
9896.48 57.46967600000001
9902.34 57.438576
9908.2 57.408576
9914.06 57.379476
9919.92 57.351076000000006
9925.78 57.323076
9931.64 57.295376000000005
9937.5 57.267576000000005
9943.36 57.239576
9949.22 57.210976
9955.08 57.181776
9960.94 57.151576000000006
9966.8 57.120176
9972.66 57.087376000000006
9978.52 57.052976
9984.38 57.01677599999999
9990.23 56.978576000000004
9996.09 56.938276
10002.0 56.895576000000005
10007.8 56.850376
10013.7 56.802576
10019.5 56.751976
10025.4 56.698476
10031.2 56.641875999999996
10037.1 56.58227599999999
10043.0 56.519375999999994
10048.8 56.453376000000006
10054.7 56.383976000000004
10060.5 56.31127600000001
10066.4 56.235276
10072.3 56.156076
10078.1 56.073576
10084.0 55.987976
10089.8 55.899376000000004
10095.7 55.807976
10101.6 55.713775999999996
10107.4 55.617176
10113.3 55.518376
10119.1 55.417676
10125.0 55.315276
10130.9 55.211676
10136.7 55.107175999999995
10142.6 55.002275999999995
10148.4 54.897176
10154.3 54.79247599999999
10160.2 54.688475999999994
10166.0 54.58567600000001
10171.9 54.484576000000004
10177.7 54.385375999999994
10183.6 54.288576000000006
10189.5 54.194475999999995
10195.3 54.103376
10201.2 54.015376
10207.0 53.930775999999994
10212.9 53.849676
10218.8 53.771975999999995
10224.6 53.697776000000005
10230.5 53.626875999999996
10236.3 53.559076000000005
10242.2 53.494276
10248.0 53.431976000000006
10253.9 53.371876
10259.8 53.313475999999994
10265.6 53.256276
10271.5 53.199876
10277.3 53.143575999999996
10283.2 53.086776
10289.1 53.02877599999999
10294.9 52.969076
10300.8 52.906876
10306.6 52.841476
10312.5 52.772276000000005
10318.4 52.698476
10324.2 52.619376
10330.1 52.534276000000006
10335.9 52.44227600000001
10341.8 52.342876000000004
10347.7 52.23507600000001
10353.5 52.118275999999994
10359.4 51.991575999999995
10365.2 51.854175999999995
10371.1 51.705276
10377.0 51.543876
10382.8 51.369175999999996
10388.7 51.180176
10394.5 50.975775999999996
10400.4 50.754976
10406.2 50.516676000000004
10412.1 50.259376
10418.0 49.981976
10423.8 49.68287599999999
10429.7 49.360376
10435.5 49.012676
10441.4 48.637776
10447.3 48.233076
10453.1 47.795976
10459.0 47.323176
10464.8 46.810776
10470.7 46.254276
10476.6 45.647676
10482.4 44.983776
10488.3 44.253076
10494.1 43.442776
10500.0 42.535276
10505.9 41.504076
10511.7 40.307576
10517.6 38.872876
10523.4 37.075376
10529.3 35.136276
10535.2 33.667876
10541.0 32.574776
10546.9 31.765175999999997
10552.7 31.191076000000002
10558.6 30.827475999999997
10564.5 30.662776
10570.3 30.695576000000003
10576.2 30.933676
10582.0 31.396676
10587.9 32.121676
10593.8 33.179276
10599.6 34.693176
10605.5 36.440676
10611.3 37.806076
10617.2 38.887776
10623.0 39.782176
10628.9 40.542876
10634.8 41.202576
10640.6 41.782976
10646.5 42.299576
10652.3 42.763776
10658.2 43.184476
10664.1 43.568576
10669.9 43.921776
10675.8 44.249076
10681.6 44.554276
10687.5 44.840876
10693.4 45.111876
10699.2 45.369676
10705.1 45.616576
10710.9 45.854276
10716.8 46.084576
10722.7 46.308676
10728.5 46.527776
10734.4 46.742676
10740.2 46.954176
10746.1 47.162876
10752.0 47.369076
10757.8 47.572976
10763.7 47.774776
10769.5 47.974476
10775.4 48.172076
10781.2 48.367276
10787.1 48.560076
10793.0 48.750076
10798.8 48.937076000000005
10804.7 49.120875999999996
10810.5 49.301075999999995
10816.4 49.47737600000001
10822.3 49.649676
10828.1 49.817676000000006
10834.0 49.981076
10839.8 50.139776
10845.7 50.293676000000005
10851.6 50.442576
10857.4 50.586376
10863.3 50.786376000000004
10869.1 50.91747599999999
10875.0 51.043375999999995
10880.9 51.164276
10886.7 51.280176
10892.6 51.391375999999994
10898.4 51.497776
10904.3 51.543676000000005
10910.2 51.643575999999996
10916.0 51.739276000000004
10921.9 51.83097600000001
10927.7 51.918876
10933.6 52.003276
10939.5 52.084376000000006
10945.3 52.162375999999995
10951.2 52.237776
10957.0 52.310676
10962.9 52.381476000000006
10968.8 52.450475999999995
10974.6 52.517876
10980.5 52.58397600000001
10986.3 52.649176
10992.2 52.713576
10998.0 52.77747600000001
11003.9 52.841076
11009.8 52.904675999999995
11015.6 52.968276
11021.5 53.03217600000001
11027.3 53.096276
11033.2 53.160876
11039.1 53.225775999999996
11044.9 53.29117599999999
11050.8 53.356876
11056.6 53.422976000000006
11062.5 53.489176
11068.4 53.555476
11074.2 53.621675999999994
11080.1 53.68757600000001
11085.9 53.752976000000004
11091.8 53.817676000000006
11097.7 53.881476000000006
11103.5 53.944075999999995
11109.4 54.005275999999995
11115.2 54.064876
11121.1 54.122476000000006
11127.0 54.178076000000004
11132.8 54.231275999999994
11138.7 54.281876
11144.5 54.329775999999995
11150.4 54.374675999999994
11156.2 54.416576000000006
11162.1 54.455076000000005
11168.0 54.490275999999994
11173.8 54.521975999999995
11179.7 54.550076000000004
11185.5 54.574376
11191.4 54.595076000000006
11197.3 54.611976
11203.1 54.624976000000004
11209.0 54.634276
11214.8 54.639776
11220.7 54.641576
11226.6 54.639576000000005
11232.4 54.63407599999999
11238.3 54.624976000000004
11244.1 54.612476
11250.0 54.596676
11255.9 54.577776
11261.7 54.555775999999994
11267.6 54.530975999999995
11273.4 54.503575999999995
11279.3 54.473575999999994
11285.2 54.441376000000005
11291.0 54.407076
11296.9 54.370875999999996
11302.7 54.332976
11308.6 54.293676000000005
11314.5 54.253175999999996
11320.3 54.211676
11326.2 54.169376
11332.0 54.126476
11337.9 54.083076000000005
11343.8 54.039576
11349.6 53.996076
11355.5 53.95257599999999
11361.3 53.909476
11367.2 53.866776
11373.0 53.824676
11378.9 53.783276
11384.8 53.742576
11390.6 53.702876
11396.5 53.664075999999994
11402.3 53.62637599999999
11408.2 53.589776
11414.1 53.554475999999994
11419.9 53.520376
11425.8 53.487576000000004
11431.6 53.456176
11437.5 53.426176
11443.4 53.397676000000004
11449.2 53.370875999999996
11455.1 53.345575999999994
11460.9 53.322075999999996
11466.8 53.300376
11472.7 53.280575999999996
11478.5 53.262776
11484.4 53.24707600000001
11490.2 53.233576
11496.1 53.222275999999994
11502.0 53.21327599999999
11507.8 53.206776000000005
11513.7 53.202676
11519.5 53.201176000000004
11525.4 53.202276
11531.2 53.20597600000001
11537.1 53.212276
11543.0 53.221076
11548.8 53.232476000000005
11554.7 53.246275999999995
11560.5 53.26247600000001
11566.4 53.280876000000006
11572.3 53.301376000000005
11578.1 53.323775999999995
11584.0 53.347775999999996
11589.8 53.37337599999999
11595.7 53.400176
11601.6 53.427876
11607.4 53.456376000000006
11613.3 53.485175999999996
11619.1 53.514176000000006
11625.0 53.54287600000001
11630.9 53.571175999999994
11636.7 53.598575999999994
11642.6 53.624776
11648.4 53.64947600000001
11654.3 53.672476
11660.2 53.693276
11666.0 53.711676
11671.9 53.727475999999996
11677.7 53.740176000000005
11683.6 53.749776
11689.5 53.755776
11695.3 53.758076
11701.2 53.756575999999995
11707.0 53.750876000000005
11712.9 53.740976
11718.8 53.726676
11724.6 53.707976
11730.5 53.684776
11736.3 53.657076
11742.2 53.624976000000004
11748.0 53.588476
11753.9 53.547776
11759.8 53.50307599999999
11765.6 53.454676000000006
11771.5 53.402676
11777.3 53.347576000000004
11783.2 53.289676
11789.1 53.229575999999994
11794.9 53.167576
11800.8 53.104376
11806.6 53.040375999999995
11812.5 52.976175999999995
11818.4 52.912375999999995
11824.2 52.849676
11830.1 52.788576000000006
11835.9 52.729676
11841.8 52.673376000000005
11847.7 52.62037599999999
11853.5 52.570976
11859.4 52.525676000000004
11865.2 52.484776
11871.1 52.448375999999996
11877.0 52.416776
11882.8 52.39007599999999
11888.7 52.368076
11894.5 52.350976
11900.4 52.338376
11906.2 52.329976
11912.1 52.325676
11918.0 52.32497600000001
11923.8 52.327276
11929.7 52.33227599999999
11935.5 52.339376
11941.4 52.347976
11947.3 52.357476000000005
11953.1 52.367276000000004
11959.0 52.376676
11964.8 52.385176
11970.7 52.392176000000006
11976.6 52.397076
11982.4 52.399276
11988.3 52.39817600000001
11994.1 52.39347600000001
12000.0 52.38447600000001
12005.9 52.370976
12011.7 52.35237600000001
12017.6 52.328475999999995
12023.4 52.298975999999996
12029.3 52.263576
12035.2 52.222176000000005
12041.0 52.174476
12046.9 52.120576
12052.7 52.060475999999994
12058.6 51.993976
12064.5 51.921476
12070.3 51.842876000000004
12076.2 51.758476
12082.0 51.668576
12087.9 51.573476
12093.8 51.473676
12099.6 51.369376
12105.5 51.261275999999995
12111.3 51.149776
12117.2 51.035576000000006
12123.0 50.91917599999999
12128.9 50.801276
12134.8 50.682376000000005
12140.6 50.563276
12146.5 50.444576
12152.3 50.326876
12158.2 50.210876
12164.1 50.096976
12169.9 49.985776
12175.8 49.877675999999994
12181.6 49.77317600000001
12187.5 49.672476
12193.4 49.575875999999994
12199.2 49.48337600000001
12205.1 49.395076
12210.9 49.31087599999999
12216.8 49.230676
12222.7 49.154275999999996
12228.5 49.081276
12234.4 49.011275999999995
12240.2 48.943876
12246.1 48.878575999999995
12252.0 48.814776
12257.8 48.751876
12263.7 48.689376
12269.5 48.626676
12275.4 48.563076
12281.2 48.498176
12287.1 48.431376
12293.0 48.362176
12298.8 48.290176
12304.7 48.215076
12310.5 48.136576
12316.4 48.054476
12322.3 47.968476
12328.1 47.878676
12334.0 47.784976
12339.8 47.687476
12345.7 47.586476
12351.6 47.481976
12357.4 47.374476
12363.3 47.264176
12369.1 47.151576
12375.0 47.037276
12380.9 46.921576
12386.7 46.805276
12392.6 46.688876
12398.4 46.572976
12404.3 46.458376
12410.2 46.345576
12416.0 46.235476
12421.9 46.128576
12427.7 46.025676
12433.6 45.927276
12439.5 45.833976
12445.3 45.746376
12451.2 45.664976
12457.0 45.590076
12462.9 45.522076
12468.8 45.461176
12474.6 45.407476
12480.5 45.360976
12486.3 45.321576
12492.2 45.289076
12498.0 45.263176
12503.9 45.243476
12509.8 45.229576
12515.6 45.220776
12521.5 45.216576
12527.3 45.216176
12533.2 45.224076
12539.1 45.229376
12544.9 45.236076
12550.8 45.243676
12556.6 45.251576
12562.5 45.259076
12568.4 45.265676
12574.2 45.271076
12580.1 45.270176
12585.9 45.272576
12591.8 45.272876
12597.7 45.270876
12603.5 45.266376
12609.4 45.259176
12615.2 45.249176
12621.1 45.236176
12627.0 45.220076
12632.8 45.200776
12638.7 45.177976
12644.5 45.151776
12650.4 45.121676
12656.2 45.087676
12662.1 45.049276
12668.0 45.006376
12673.8 44.958476
12679.7 44.905276
12685.5 44.846376
12691.4 44.781276
12697.3 44.709476
12703.1 44.630676
12709.0 44.544476
12714.8 44.450276
12720.7 44.347876
12726.6 44.236876
12732.4 44.117176
12738.3 43.988476
12744.1 43.850776
12750.0 43.704176
12755.9 43.548776
12761.7 43.384976
12767.6 43.213176
12773.4 43.033976
12779.3 42.848276
12785.2 42.656876
12791.0 42.460876
12796.9 42.261676
12802.7 42.060576
12808.6 41.859176
12814.5 41.659176
12820.3 41.462476
12826.2 41.270876
12832.0 41.086276
12837.9 40.910876
12843.8 40.746476
12849.6 40.594976
12855.5 40.458276
12861.3 40.337876
12867.2 40.235376
12873.0 40.151976
12878.9 40.088576
12884.8 40.045976
12890.6 40.024676
12896.5 40.024676
12902.3 40.045776000000004
12908.2 40.087576
12914.1 40.149176
12919.9 40.229776
12925.8 40.327876
12931.6 40.442076
12937.5 40.570676
12943.4 40.711976
12949.2 40.864076
12955.1 41.025076
12960.9 41.193176
12966.8 41.366276
12972.7 41.542776
12978.5 41.720976
12984.4 41.899376
12990.2 42.076476
12996.1 42.251076
13002.0 42.422176
13007.8 42.588876
13013.7 42.750476
13019.5 42.906376
13025.4 43.056276
13031.2 43.199976
13037.1 43.337176
13043.0 43.468076
13048.8 43.592776
13054.7 43.711376
13060.5 43.824276
13066.4 43.931776
13072.3 44.034176
13078.1 44.131976
13084.0 44.225376
13089.8 44.314976
13095.7 44.400976
13101.6 44.483576
13107.4 44.563276
13113.3 44.639976
13119.1 44.713876
13125.0 44.785076
13130.9 44.853476
13136.7 44.918876
13142.6 44.981176
13148.4 45.039976
13154.3 45.095176
13160.2 45.146176
13166.0 45.192576
13171.9 45.234076
13177.7 45.270176
13183.6 45.300376
13189.5 45.324376
13195.3 45.341676
13201.2 45.351876
13207.0 45.354976
13212.9 45.350576
13218.8 45.338576
13224.6 45.319076
13230.5 45.292076
13236.3 45.257976
13242.2 45.216976
13248.0 45.169576
13253.9 45.116376
13259.8 45.058176
13265.6 44.995876
13271.5 44.930376
13277.3 44.862776
13283.2 44.794476
13289.1 44.726476
13294.9 44.660476
13300.8 44.597776
13306.6 44.539776
13312.5 44.488076
13318.4 44.444076
13324.2 44.409176
13330.1 44.384676
13335.9 44.371976
13341.8 44.371976
13347.7 44.385576
13353.5 44.413776
13359.4 44.456976
13365.2 44.515476
13371.1 44.589576
13377.0 44.679176
13382.8 44.783976
13388.7 44.903576
13394.5 45.037276
13400.4 45.184276
13406.2 45.343576
13412.1 45.514276
13418.0 45.694976
13423.8 45.884576
13429.7 46.081876
13435.5 46.285376
13441.4 46.493876
13447.3 46.706276
13453.1 46.921176
13459.0 47.137576
13464.8 47.354476
13470.7 47.570776
13476.6 47.785776
13482.4 47.998676
13488.3 48.208876000000004
13494.1 48.415676
13500.0 48.618676
13505.9 48.817576
13511.7 49.011976000000004
13517.6 49.201576
13523.4 49.386376
13529.3 49.566176
13535.2 49.740976
13541.0 49.910576000000006
13546.9 50.075075999999996
13552.7 50.234476
13558.6 50.388875999999996
13564.5 50.53817600000001
13570.3 50.682676
13576.2 50.822176
13582.0 50.956776000000005
13587.9 51.086676
13593.8 51.211776
13599.6 51.332176000000004
13605.5 51.447875999999994
13611.3 51.558775999999995
13617.2 51.665076
13623.0 51.766576
13628.9 51.863376
13634.8 51.955476000000004
13640.6 52.042676
13646.5 52.124976000000004
13652.3 52.202476000000004
13658.2 52.275076
13664.1 52.342776
13669.9 52.40547599999999
13675.8 52.46327599999999
13681.6 52.515975999999995
13687.5 52.56387599999999
13693.4 52.606876
13699.2 52.645076
13705.1 52.678476
13710.9 52.70727599999999
13716.8 52.73167599999999
13722.7 52.751676
13728.5 52.767576000000005
13734.4 52.779576000000006
13740.2 52.787876
13746.1 52.79287600000001
13752.0 52.794776
13757.8 52.793976
13763.7 52.790775999999994
13769.5 52.785476
13775.4 52.778676000000004
13781.2 52.770675999999995
13787.1 52.761876
13793.0 52.752776
13798.8 52.743776
13804.7 52.735476000000006
13810.5 52.728176000000005
13816.4 52.722476
13822.3 52.718676
13828.1 52.717376
13834.0 52.718776000000005
13839.8 52.723476000000005
13845.7 52.73167599999999
13851.6 52.743876
13857.4 52.760176
13863.3 52.780975999999995
13869.1 52.806376
13875.0 52.836575999999994
13880.9 52.871675999999994
13886.7 52.911576
13892.6 52.956376000000006
13898.4 53.00607599999999
13904.3 53.060376000000005
13910.2 53.119276
13916.0 53.182475999999994
13921.9 53.249675999999994
13927.7 53.320576
13933.6 53.394876
13939.5 53.472176000000005
13945.3 53.552176
13951.2 53.634376
13957.0 53.718376000000006
13962.9 53.803675999999996
13968.8 53.889976000000004
13974.6 53.976876000000004
13980.5 54.06387599999999
13986.3 54.150576
13992.2 54.236576
13998.0 54.321676
14003.9 54.405376000000004
14009.8 54.487476
14015.6 54.567576
14021.5 54.645576000000005
14027.3 54.721076
14033.2 54.793876
14039.1 54.863975999999994
14044.9 54.930976
14050.8 54.994876000000005
14056.6 55.055576
14062.5 55.112876
14068.4 55.166675999999995
14074.2 55.216976
14080.1 55.26377600000001
14085.9 55.306976000000006
14091.8 55.346475999999996
14097.7 55.382476
14103.5 55.414776
14109.4 55.443476000000004
14115.2 55.468676
14121.1 55.490376
14127.0 55.508675999999994
14132.8 55.523476
14138.7 55.53517600000001
14144.5 55.543676000000005
14150.4 55.549076
14156.2 55.551676
14162.1 55.551475999999994
14168.0 55.548776000000004
14173.8 55.543676000000005
14179.7 55.53647599999999
14185.5 55.527276
14191.4 55.516375999999994
14197.3 55.504076
14203.1 55.482276
14209.0 55.46797599999999
14214.8 55.453075999999996
14220.7 55.438075999999995
14226.6 55.423176
14232.4 55.408676
14238.3 55.39477599999999
14244.1 55.381975999999995
14250.0 55.370276000000004
14255.9 55.367676
14261.7 55.358776000000006
14267.6 55.351776
14273.4 55.346776000000006
14279.3 55.344076
14285.2 55.343776000000005
14291.0 55.34597599999999
14296.9 55.350976
14302.7 55.358776000000006
14308.6 55.369476000000006
14314.5 55.382976
14320.3 55.399376000000004
14326.2 55.418676000000005
14332.0 55.440776
14337.9 55.465475999999995
14343.8 55.492776000000006
14349.6 55.522576
14355.5 55.554475999999994
14361.3 55.588476
14367.2 55.624176000000006
14373.0 55.66147599999999
14378.9 55.700075999999996
14384.8 55.739576
14390.6 55.779776
14396.5 55.820375999999996
14402.3 55.860975999999994
14408.2 55.901376
14414.1 55.941176
14419.9 55.980076
14425.8 56.017675999999994
14431.6 56.053776
14437.5 56.087875999999994
14443.4 56.119876000000005
14449.2 56.149376000000004
14455.1 56.176075999999995
14460.9 56.199776
14466.8 56.220076000000006
14472.7 56.236776000000006
14478.5 56.249675999999994
14484.4 56.258576000000005
14490.2 56.263076
14496.1 56.263176
14502.0 56.258576000000005
14507.8 56.249176000000006
14513.7 56.23467599999999
14519.5 56.215075999999996
14525.4 56.190076000000005
14531.2 56.159676000000005
14537.1 56.12377600000001
14543.0 56.08227599999999
14548.8 56.034976
14554.7 55.981876
14560.5 55.922976000000006
14566.4 55.858176
14572.3 55.787576
14578.1 55.710976
14584.0 55.628575999999995
14589.8 55.540375999999995
14595.7 55.44657599999999
14601.6 55.347076
14607.4 55.242176
14613.3 55.132076
14619.1 55.016976
14625.0 54.897276000000005
14630.9 54.773275999999996
14636.7 54.645476
14642.6 54.514275999999995
14648.4 54.380275999999995
14654.3 54.24407600000001
14660.2 54.106476
14666.0 53.968276
14671.9 53.830276
14677.7 53.693276
14683.6 53.558476
14689.5 53.426676
14695.3 53.299076
14701.2 53.176576
14707.0 53.060176
14712.9 52.950875999999994
14718.8 52.849676
14724.6 52.757276000000005
14730.5 52.674476
14736.3 52.60197599999999
14742.2 52.540176
14748.0 52.489475999999996
14753.9 52.450075999999996
14759.8 52.42217599999999
14765.6 52.40547599999999
14771.5 52.399975999999995
14777.3 52.405075999999994
14783.2 52.420376000000005
14789.1 52.445176000000004
14794.9 52.47867599999999
14800.8 52.520076
14806.6 52.568376
14812.5 52.622575999999995
14818.4 52.68157600000001
14824.2 52.744276
14830.1 52.809675999999996
14835.9 52.876576
14841.8 52.944075999999995
14847.7 53.011076
14853.5 53.076775999999995
14859.4 53.140176
14865.2 53.200475999999995
14871.1 53.257076
14877.0 53.309276
14882.8 53.356476
14888.7 53.398275999999996
14894.5 53.434276
14900.4 53.463976
14906.2 53.487275999999994
14912.1 53.503776
14918.0 53.513375999999994
14923.8 53.516076
14929.7 53.511576000000005
14935.5 53.50007600000001
14941.4 53.481576000000004
14947.3 53.45597600000001
14953.1 53.423576
14959.0 53.384276
14964.8 53.338576
14970.7 53.286376000000004
14976.6 53.228176000000005
14982.4 53.164075999999994
14988.3 53.094376
14994.1 53.019576
15000.0 52.939976
15005.9 52.855875999999995
15011.7 52.767776
15017.6 52.676176
15023.4 52.581376000000006
15029.3 52.483976
15035.2 52.38447600000001
15041.0 52.28347599999999
15046.9 52.181276
15052.7 52.078676
15058.6 51.975976
15064.5 51.873976
15070.3 51.773076
15076.2 51.673776000000004
15082.0 51.576775999999995
15087.9 51.482376
15093.8 51.391276000000005
15099.6 51.303876
15105.5 51.220575999999994
15111.3 51.141875999999996
15117.2 51.068175999999994
15123.0 50.999876
15128.9 50.937175999999994
15134.8 50.880476
15140.6 50.829876
15146.5 50.785576000000006
15152.3 50.747876000000005
15158.2 50.71667600000001
15164.1 50.692176
15169.9 50.674176
15175.8 50.662775999999994
15181.6 50.657675999999995
15187.5 50.658776
15193.4 50.665976
15199.2 50.678776
15205.1 50.697075999999996
15210.9 50.720376
15216.8 50.748276000000004
15222.7 50.780376000000004
15228.5 50.816176
15234.4 50.855276
15240.2 50.896975999999995
15246.1 50.940876
15252.0 50.986276000000004
15257.8 51.032776
15263.7 51.079676000000006
15269.5 51.126476
15275.4 51.172476
15281.2 51.217175999999995
15287.1 51.259975999999995
15293.0 51.300276
15298.8 51.337676
15304.7 51.371576000000005
15310.5 51.401476
15316.4 51.426975999999996
15322.3 51.447576
15328.1 51.462875999999994
15334.0 51.472576000000004
15339.8 51.476276
15345.7 51.473776
15351.6 51.46497600000001
15357.4 51.44957599999999
15363.3 51.427576
15369.1 51.398876
15375.0 51.363676
15380.9 51.322075999999996
15386.7 51.274376000000004
15392.6 51.220876000000004
15398.4 51.162176
15404.3 51.098776
15410.2 51.031375999999995
15416.0 50.960876
15421.9 50.888176
15427.7 50.814576
15433.6 50.740976
15439.5 50.668876
15445.3 50.599576
15451.2 50.534375999999995
15457.0 50.474776000000006
15462.9 50.422276
15468.8 50.377976000000004
15474.6 50.343376000000006
15480.5 50.319576
15486.3 50.307475999999994
15492.2 50.307976
15498.0 50.321876
15503.9 50.349576
15509.8 50.391276000000005
15515.6 50.447075999999996
15521.5 50.516875999999996
15527.3 50.600176000000005
15533.2 50.696676
15539.1 50.805276000000006
15544.9 50.925376
15550.8 51.055676000000005
15556.6 51.194976
15562.5 51.341976
15568.4 51.49537599999999
15574.2 51.653676000000004
15580.1 51.815376
15585.9 51.979175999999995
15591.8 52.143575999999996
15597.7 52.307475999999994
15603.5 52.469476
15609.4 52.628575999999995
15615.2 52.783676
15621.1 52.934076000000005
15627.0 53.078776000000005
15632.8 53.217276
15638.7 53.348876000000004
15644.5 53.473175999999995
15650.4 53.589776
15656.2 53.69827600000001
15662.1 53.798475999999994
15668.0 53.890276
15673.8 53.973476000000005
15679.7 54.047976000000006
15685.5 54.113876000000005
15691.4 54.171076
15697.3 54.219775999999996
15703.1 54.260076
15709.0 54.291976000000005
15714.8 54.315876
15720.7 54.331875999999994
15726.6 54.340276
15732.4 54.341376
15738.3 54.335476
15744.1 54.323076
15750.0 54.304376000000005
15755.9 54.280075999999994
15761.7 54.250476000000006
15767.6 54.216176000000004
15773.4 54.177775999999994
15779.3 54.135676000000004
15785.2 54.090676
15791.0 54.043375999999995
15796.9 53.994376
15802.7 53.944376000000005
15808.6 53.893975999999995
15814.5 53.844076
15820.3 53.795176
15826.2 53.748076
15832.0 53.703376000000006
15837.9 53.661676
15843.8 53.623676
15849.6 53.589876000000004
15855.5 53.560776000000004
15861.3 53.536776
15867.2 53.518376
15873.0 53.512776
15878.9 53.509575999999996
15884.8 53.512575999999996
15890.6 53.521776
15896.5 53.537176
15902.3 53.558676000000006
15908.2 53.586076000000006
15914.1 53.61907600000001
15919.9 53.657376
15925.8 53.700676
15931.6 53.731876
15937.5 53.780876000000006
15943.4 53.833575999999994
15949.2 53.889675999999994
15955.1 53.948476
15960.9 54.00947600000001
15966.8 54.072075999999996
15972.7 54.13577600000001
15978.5 54.19997600000001
15984.4 54.264076
15990.2 54.32757599999999
15996.1 54.389976000000004
16002.0 54.450776000000005
16007.8 54.509376
16013.7 54.565376
16019.5 54.618376
16025.4 54.667975999999996
16031.2 54.713775999999996
16037.1 54.755476
16043.0 54.792676
16048.8 54.825176
16054.7 54.852676
16060.5 54.874876
16066.4 54.891576
16072.3 54.902676
16078.1 54.907976000000005
16084.0 54.90717600000001
16089.8 54.900375999999994
16095.7 54.887176
16101.6 54.867776000000006
16107.4 54.841876
16113.3 54.809476000000004
16119.1 54.770476
16125.0 54.724875999999995
16130.9 54.672675999999996
16136.7 54.613776
16142.6 54.548376000000005
16148.4 54.476276
16154.3 54.39777599999999
16160.2 54.312976000000006
16166.0 54.221776000000006
16171.9 54.124675999999994
16177.7 54.021676
16183.6 53.91317600000001
16189.5 53.799375999999995
16195.3 53.680976
16201.2 53.558176
16207.0 53.431675999999996
16212.9 53.301975999999996
16218.8 53.169976000000005
16224.6 53.036276
16230.5 52.901876
16236.3 52.767675999999994
16242.2 52.634575999999996
16248.0 52.503776
16253.9 52.376176
16259.8 52.252976000000004
16265.6 52.135176
16271.5 52.023776
16277.3 51.919876
16283.2 51.824376
16289.1 51.73807600000001
16294.9 51.661676
16300.8 51.595876000000004
16306.6 51.541076000000004
16312.5 51.497776
16318.4 51.465976
16324.2 51.445876
16330.1 51.437276
16335.9 51.440076000000005
16341.8 51.453875999999994
16347.7 51.478076
16353.5 51.51207599999999
16359.4 51.555076
16365.2 51.606275999999994
16371.1 51.664776
16377.0 51.729376
16382.8 51.799076
16388.7 51.872776
16394.5 51.949376
16400.4 52.027776
16406.2 52.106876
16412.1 52.185676
16418.0 52.263176
16423.8 52.338376
16429.7 52.410576000000006
16435.5 52.478976
16441.4 52.54287600000001
16447.3 52.601776
16453.1 52.655075999999994
16459.0 52.702276
16464.8 52.743176000000005
16470.7 52.777276
16476.6 52.804475999999994
16482.4 52.82457599999999
16488.3 52.837475999999995
16494.1 52.843075999999996
16500.0 52.841376
16505.9 52.832476
16511.7 52.816376000000005
16517.6 52.793276000000006
16523.4 52.763375999999994
16529.3 52.72697599999999
16535.2 52.684276
16541.0 52.63577600000001
16546.9 52.581875999999994
16552.7 52.523076
16558.6 52.459875999999994
16564.5 52.392876
16570.3 52.322875999999994
16576.2 52.250476000000006
16582.0 52.176576
16587.9 52.101876000000004
16593.8 52.027276
16599.6 51.953676
16605.5 51.882076
16611.3 51.813276
16617.2 51.748176
16623.0 51.687776
16628.9 51.632875999999996
16634.8 51.584276
16640.6 51.542676
16646.5 51.508675999999994
16652.3 51.482975999999994
16658.2 51.465976
16664.1 51.458076000000005
16669.9 51.459475999999995
16675.8 51.470276
16681.6 51.490576000000004
16687.5 51.520275999999996
16693.4 51.559175999999994
16699.2 51.606775999999996
16705.1 51.662876
16710.9 51.726876000000004
16716.8 51.797976000000006
16722.7 51.875676
16728.5 51.959176
16734.4 52.04757600000001
16740.2 52.139976000000004
16746.1 52.235676
16752.0 52.333575999999994
16757.8 52.43287599999999
16763.7 52.532576000000006
16769.5 52.632076
16775.4 52.730276
16781.2 52.826476
16787.1 52.919976000000005
16793.0 53.010176
16798.8 53.096276
16804.7 53.177676000000005
16810.5 53.254076
16816.4 53.324776
16822.3 53.389476
16828.1 53.447776000000005
16834.0 53.499376
16839.8 53.543976
16845.7 53.581376000000006
16851.6 53.611276000000004
16857.4 53.633675999999994
16863.3 53.648275999999996
16869.1 53.655176
16875.0 53.65417600000001
16880.9 53.645275999999996
16886.7 53.628575999999995
16892.6 53.603976
16898.4 53.571676
16904.3 53.531775999999994
16910.2 53.484376
16916.0 53.429676
16921.9 53.367976
16927.7 53.299375999999995
16933.6 53.224475999999996
16939.5 53.14347600000001
16945.3 53.056776
16951.2 52.965075999999996
16957.0 52.868675999999994
16962.9 52.76847600000001
16968.8 52.664975999999996
16974.6 52.558976
16980.5 52.451375999999996
16986.3 52.34297599999999
16992.2 52.234776
16998.0 52.127776
17003.9 52.023076
17009.8 51.921576
17015.6 51.824376
17021.5 51.732575999999995
17027.3 51.647176
17033.2 51.569075999999995
17039.1 51.499275999999995
17044.9 51.438676
17050.8 51.387776
17056.6 51.347376
17062.5 51.317976
17068.4 51.299976
17074.2 51.293476
17080.1 51.298776000000004
17085.9 51.315675999999996
17091.8 51.344176000000004
17097.7 51.383776
17103.5 51.434276
17109.4 51.494876000000005
17115.2 51.565076000000005
17121.1 51.644076
17127.0 51.730976
17132.8 51.824876
17138.7 51.924676000000005
17144.5 52.029476
17150.4 52.138076
17156.2 52.249576000000005
17162.1 52.362876
17168.0 52.476876000000004
17173.8 52.590676
17179.7 52.703376000000006
17185.5 52.813976
17191.4 52.921775999999994
17197.3 53.025976
17203.1 53.125975999999994
17209.0 53.221076
17214.8 53.310776000000004
17220.7 53.394476
17226.6 53.471875999999995
17232.4 53.542576
17238.3 53.606275999999994
17244.1 53.662576
17250.0 53.711376
17255.9 53.752476
17261.7 53.785576000000006
17267.6 53.81087599999999
17273.4 53.82797600000001
17279.3 53.837075999999996
17285.2 53.838176000000004
17291.0 53.831176
17296.9 53.816276
17302.7 53.793676000000005
17308.6 53.763375999999994
17314.5 53.725876
17320.3 53.681175999999994
17326.2 53.62977600000001
17332.0 53.57197600000001
17337.9 53.508275999999995
17343.8 53.439176
17349.6 53.365275999999994
17355.5 53.287176
17361.3 53.205676
17367.2 53.121376
17373.0 53.03517600000001
17378.9 52.947976
17384.8 52.860676
17390.6 52.774276
17396.5 52.689676000000006
17402.3 52.607876000000005
17408.2 52.529876
17414.1 52.456676
17419.9 52.389076
17425.8 52.328075999999996
17431.6 52.274276
17437.5 52.228476
17443.4 52.191276
17449.2 52.16317600000001
17455.1 52.144476
17460.9 52.135476
17466.8 52.136275999999995
17472.7 52.146776
17478.5 52.166776
17484.4 52.196175999999994
17490.2 52.234476
17496.1 52.281076
17502.0 52.335376
17507.8 52.396676
17513.7 52.464076000000006
17519.5 52.536676
17525.4 52.613476000000006
17531.2 52.693476000000004
17537.1 52.77577599999999
17543.0 52.859176000000005
17548.8 52.980776000000006
17554.7 53.06087599999999
17560.5 53.138875999999996
17566.4 53.213775999999996
17572.3 53.284876
17578.1 53.351376
17584.0 53.412476
17589.8 53.467676
17595.7 53.516476
17601.6 53.558276000000006
17607.4 53.56127600000001
17613.3 53.591376
17619.1 53.613776
17625.0 53.628175999999996
17630.9 53.634376
17636.7 53.632276000000005
17642.6 53.621776
17648.4 53.602875999999995
17654.3 53.575576
17660.2 53.53987600000001
17666.0 53.495976
17671.9 53.444075999999995
17677.7 53.384376
17683.6 53.317076
17689.5 53.242576
17695.3 53.161176
17701.2 53.07327600000001
17707.0 52.979276
17712.9 52.87977600000001
17718.8 52.775375999999994
17724.6 52.666476
17730.5 52.553876
17736.3 52.438276
17742.2 52.320375999999996
17748.0 52.200875999999994
17753.9 52.08057599999999
17759.8 51.960376
17765.6 51.840976
17771.5 51.723376
17777.3 51.608176
17783.2 51.496376
17789.1 51.388676000000004
17794.9 51.285776
17800.8 51.188276
17806.6 51.096976
17812.5 51.012176
17818.4 50.934675999999996
17824.2 50.864576
17830.1 50.802276000000006
17835.9 50.748076
17841.8 50.701976
17847.7 50.664176
17853.5 50.63447600000001
17859.4 50.612876
17865.2 50.599076
17871.1 50.592676
17877.0 50.593576
17882.8 50.601076000000006
17888.7 50.614875999999995
17894.5 50.634276
17900.4 50.658776
17906.2 50.687776
17912.1 50.720575999999994
17918.0 50.756476000000006
17923.8 50.794976000000005
17929.7 50.835376
17935.5 50.877076
17941.4 50.919476
17947.3 50.96197600000001
17953.1 51.004176
17959.0 51.045576
17964.8 51.08567600000001
17970.7 51.124176000000006
17976.6 51.160675999999995
17982.4 51.194875999999994
17988.3 51.226676
17994.1 51.255675999999994
18000.0 51.281876
18005.9 51.304975999999996
18011.7 51.32497600000001
18017.6 51.34167600000001
18023.4 51.355176
18029.3 51.365376
18035.2 51.372175999999996
18041.0 51.375776
18046.9 51.376076
18052.7 51.373176
18058.6 51.367276000000004
18064.5 51.358276000000004
18070.3 51.346576
18076.2 51.332076
18082.0 51.314976
18087.9 51.295676
18093.8 51.274276
18099.6 51.251076
18105.5 51.226276
18111.3 51.200276
18117.2 51.173376000000005
18123.0 51.145876
18128.9 51.118275999999994
18134.8 51.090976
18140.6 51.06427600000001
18146.5 51.038675999999995
18152.3 51.014576000000005
18158.2 50.992576
18164.1 50.972876
18169.9 50.956075999999996
18175.8 50.942576
18181.6 50.932676
18187.5 50.926776000000004
18193.4 50.925276
18199.2 50.928476
18205.1 50.936576
18210.9 50.949876
18216.8 50.968376000000006
18222.7 50.992276000000004
18228.5 51.021676
18234.4 51.056476
18240.2 51.096576
18246.1 51.141976
18252.0 51.192375999999996
18257.8 51.247676
18263.7 51.307475999999994
18269.5 51.371376
18275.4 51.439176
18281.2 51.510276000000005
18287.1 51.584276
18293.0 51.660675999999995
18298.8 51.739076
18304.7 51.818776
18310.5 51.899276
18316.4 51.980076
18322.3 52.060676
18328.1 52.140376
18334.0 52.218875999999995
18339.8 52.295475999999994
18345.7 52.369776
18351.6 52.441276
18357.4 52.509575999999996
18363.3 52.574276
18369.1 52.634975999999995
18375.0 52.691276
18380.9 52.743076
18386.7 52.78987600000001
18392.6 52.831475999999995
18398.4 52.867776000000006
18404.3 52.898476
18410.2 52.923475999999994
18416.0 52.942775999999995
18421.9 52.956075999999996
18427.7 52.963376
18433.6 52.964776
18439.5 52.96027599999999
18445.3 52.949776
18451.2 52.933375999999996
18457.0 52.911376000000004
18462.9 52.883675999999994
18468.8 52.850476
18474.6 52.812076000000005
18480.5 52.768575999999996
18486.3 52.720376
18492.2 52.667676
18498.0 52.610776
18503.9 52.550076000000004
18509.8 52.485876000000005
18515.6 52.418676000000005
18521.5 52.348776
18527.3 52.276876
18533.2 52.203276
18539.1 52.128476000000006
18544.9 52.052976
18550.8 51.977475999999996
18556.6 51.902276
18562.5 51.828176
18568.4 51.755476
18574.2 51.684776
18580.1 51.616575999999995
18585.9 51.551376000000005
18591.8 51.489576
18597.7 51.431675999999996
18603.5 51.377876
18609.4 51.328676
18615.2 51.284276000000006
18621.1 51.244975999999994
18627.0 51.210775999999996
18632.8 51.181876
18638.7 51.158376000000004
18644.5 51.14007599999999
18650.4 51.127076
18656.2 51.119175999999996
18662.1 51.116175999999996
18668.0 51.117776000000006
18673.8 51.12377600000001
18679.7 51.133675999999994
18685.5 51.147176
18691.4 51.163776
18697.3 51.183076
18703.1 51.204476
18709.0 51.227576
18714.8 51.25177600000001
18720.7 51.276576000000006
18726.6 51.301276
18732.4 51.325576
18738.3 51.348776
18744.1 51.370476
18750.0 51.39007599999999
18755.9 51.40717600000001
18761.7 51.421375999999995
18767.6 51.432176
18773.4 51.439176
18779.3 51.442176
18785.2 51.440675999999996
18791.0 51.43457600000001
18796.9 51.423676
18802.7 51.407675999999995
18808.6 51.386476
18814.5 51.359976
18820.3 51.328276
18826.2 51.291275999999996
18832.0 51.248976
18837.9 51.201775999999995
18843.8 51.149575999999996
18849.6 51.092776
18855.5 51.031676000000004
18861.3 50.96667600000001
18867.2 50.89817600000001
18873.0 50.826676000000006
18878.9 50.752776
18884.8 50.677176
18890.6 50.600476
18896.5 50.523476
18902.3 50.44697600000001
18908.2 50.371776
18914.1 50.298576
18919.9 50.228476
18925.8 50.162176
18931.6 50.100476
18937.5 50.044275999999996
18943.4 49.994276
18949.2 49.951176000000004
18955.1 49.915576
18960.9 49.888076
18966.8 49.868976
18972.7 49.858875999999995
18978.5 49.857776
18984.4 49.865976
18990.2 49.883576000000005
18996.1 49.910376
19002.0 49.946276
19007.8 49.990976
19013.7 50.04417599999999
19019.5 50.10537600000001
19025.4 50.173975999999996
19031.2 50.249476
19037.1 50.331075999999996
19043.0 50.418076
19048.8 50.509575999999996
19054.7 50.604876000000004
19060.5 50.703075999999996
19066.4 50.803276
19072.3 50.904776
19078.1 51.006575999999995
19084.0 51.108076
19089.8 51.208476000000005
19095.7 51.307075999999995
19101.6 51.403276000000005
19107.4 51.496576000000005
19113.3 51.586376
19119.1 51.672376
19125.0 51.754076
19130.9 51.831176
19136.7 51.903676000000004
19142.6 51.971076
19148.4 52.03347599999999
19154.3 52.090776000000005
19160.2 52.142776
19166.0 52.189676000000006
19171.9 52.231376
19177.7 52.26807599999999
19183.6 52.299676000000005
19189.5 52.326576
19195.3 52.348676
19201.2 52.366175999999996
19207.0 52.37937599999999
19212.9 52.388375999999994
19218.8 52.38707599999999
19224.6 52.386876
19230.5 52.383076
19236.3 52.376076
19242.2 52.365876
19248.0 52.352875999999995
19253.9 52.337176
19259.8 52.318976000000006
19265.6 52.298576
19271.5 52.275976
19277.3 52.251576
19283.2 52.235575999999995
19289.1 52.20897600000001
19294.9 52.180976
19300.8 52.151675999999995
19306.6 52.121376
19312.5 52.090176
19318.4 52.058176
19324.2 52.025676000000004
19330.1 51.992776000000006
19335.9 51.959576
19341.8 51.926475999999994
19347.7 51.893376
19353.5 51.860575999999995
19359.4 51.828276
19365.2 51.796576
19371.1 51.765676
19377.0 51.735676
19382.8 51.706875999999994
19388.7 51.679276
19394.5 51.653076
19400.4 51.628476000000006
19406.2 51.605576
19412.1 51.584475999999995
19418.0 51.565376
19423.8 51.548276
19429.7 51.533276
19435.5 51.520576000000005
19441.4 51.510076
19447.3 51.501875999999996
19453.1 51.496076
19459.0 51.492475999999996
19464.8 51.491175999999996
19470.7 51.492076
19476.6 51.495076
19482.4 51.499976000000004
19488.3 51.506776
19494.1 51.515176
19500.0 51.525076
19505.9 51.536075999999994
19511.7 51.548176
19517.6 51.56087599999999
19523.4 51.574076000000005
19529.3 51.587276
19535.2 51.600275999999994
19541.0 51.612576000000004
19546.9 51.624076
19552.7 51.634176
19558.6 51.642675999999994
19564.5 51.649176
19570.3 51.653375999999994
19576.2 51.654876
19582.0 51.653375999999994
19587.9 51.648576000000006
19593.8 51.640276
19599.6 51.628175999999996
19605.5 51.612076
19611.3 51.591775999999996
19617.2 51.567176
19623.0 51.53817600000001
19628.9 51.504676
19634.8 51.46667600000001
19640.6 51.424176
19646.5 51.377275999999995
19652.3 51.326076
19658.2 51.270576000000005
19664.1 51.211076000000006
19669.9 51.14777599999999
19675.8 51.080776
19681.6 51.010375999999994
19687.5 50.936876
19693.4 50.860476000000006
19699.2 50.781576
19705.1 50.700276
19710.9 50.616975999999994
19716.8 50.531876
19722.7 50.44527600000001
19728.5 50.357376
19734.4 50.268376
19740.2 50.178476
19746.1 50.087776000000005
19752.0 49.996275999999995
19757.8 49.904076
19763.7 49.81127600000001
19769.5 49.717676
19775.4 49.623176
19781.2 49.527676
19787.1 49.430775999999994
19793.0 49.33227599999999
19798.8 49.231876
19804.7 49.128876000000005
19810.5 49.023076
19816.4 48.913675999999995
19822.3 48.800176
19828.1 48.681776
19834.0 48.557776
19839.8 48.427276
19845.7 48.289576
19851.6 48.143476
19857.4 47.988176
19863.3 47.822576
19869.1 47.645576
19875.0 47.455976
19880.9 47.252576
19886.7 47.034076
19892.6 46.799176
19898.4 46.546376
19904.3 46.274276
19910.2 45.981276
19916.0 45.665776
19921.9 45.325976
19927.7 44.960076
19933.6 44.565976
19939.5 44.141776
19945.3 43.685076
19951.2 43.193476
19957.0 42.664676
19962.9 42.096076000000004
19968.8 41.485176
19974.6 40.830276
19980.5 40.130276
19986.3 39.386476
19992.2 38.603576
19998.0 37.790876
