20.0 47.726776
20.290899 48.189777
20.586 48.683777
20.8855 49.216778
21.189301 49.804775
21.497499 50.446777
21.8102 51.133778
22.127399 51.859779
22.4492 52.610779
22.775801 53.373775
23.1071 54.133778
23.443199 54.875778
23.7841 55.586777
24.1301 56.257778
24.4811 56.882778
24.8372 57.461777
25.1984 57.995777
25.564899 58.489777
25.9368 58.951778
26.3141 59.392776
26.6968 59.82478
27.0851 60.259777
27.479099 60.709778
27.878799 61.177776
28.2843 61.662777
28.6957 62.15778
29.1131 62.65078
29.536501 63.132778
29.966101 63.593777
30.402 64.029778
30.8442 64.44278
31.2929 64.843773
31.748 65.246773
32.209801 65.668777
32.678299 66.126778
33.153599 66.626778
33.635899 67.16478
34.125099 67.732773
34.621498 68.312775
35.125 68.88678
35.635899 69.438774
36.154301 69.959778
36.680199 70.444778
37.213699 70.892776
37.755 71.321777
38.3041 71.740776
38.861301 72.059776
39.426498 72.415779
40.0 72.763779
40.581799 73.110779
41.1721 73.460777
41.771 73.818779
42.378502 74.187775
42.9949 74.56778
43.6203 74.956779
44.254799 75.353775
44.898499 75.756775
45.551498 76.16478
46.2141 76.580772
46.886299 77.005775
47.568298 77.443779
48.260201 77.893776
48.962101 78.352776
49.674301 78.815773
50.396801 79.278778
51.129902 79.735779
51.8736 80.183777
52.628101 80.619774
53.3936 81.043777
54.1702 81.454773
54.958099 81.850777
55.7575 82.231773
56.568501 82.597771
57.391399 82.946777
58.226101 83.280777
59.073 83.596771
59.932301 83.897774
60.804 84.183777
61.6884 84.452774
62.585701 84.708771
63.496 84.991776
64.419601 85.167778
65.356598 85.376778
66.307297 85.569771
67.271698 85.745773
68.250198 85.907776
69.242897 86.055771
70.250099 86.195778
71.271896 86.328773
72.308601 86.454773
73.360298 86.576775
74.427399 86.692772
75.509903 86.802773
76.608299 86.905777
77.722603 86.999771
78.853104 87.085777
80.0 87.163773
81.163597 87.232773
82.3442 87.293777
83.541901 87.347771
84.757 87.393776
85.989899 87.434776
87.240601 87.469772
88.509598 87.503777
89.797 87.526772
91.103104 87.551773
92.4282 87.572777
93.772598 87.592773
95.136597 87.610771
96.520401 87.627777
97.924301 87.641777
99.348602 87.652771
100.794 87.659775
102.26 87.661774
103.747 87.659775
105.256 87.657776
106.787 87.657776
108.34 87.659775
109.916 87.661774
111.515 87.660774
113.137 87.645775
114.783 87.599777
116.452 87.533775
118.146 87.441772
119.865 87.351776
121.608 87.279778
123.377 87.229774
125.171 87.197777
126.992 87.177773
128.839 87.165771
130.713 87.159775
132.615 87.151772
134.543 87.132774
136.5 87.096771
138.486 87.047775
140.5 86.979774
142.544 86.894775
144.617 86.809776
146.721 86.738777
148.855 86.689774
151.02 86.662773
153.217 86.647774
155.445 86.638771
157.706 86.634773
160.0 86.635773
162.327 86.637772
164.688 86.642776
167.084 86.647774
169.514 86.651772
171.98 86.647774
174.481 86.624771
177.019 86.567772
179.594 86.473778
182.206 86.364777
184.856 86.283775
187.545 86.248772
190.273 86.243774
193.041 86.253777
195.849 86.251778
198.697 86.218773
201.587 86.140778
204.52 86.026772
207.494 85.916771
210.512 85.842773
213.574 85.809776
216.681 85.810776
219.833 85.826775
223.03 85.840775
226.274 85.838776
229.565 85.810776
232.905 85.756775
236.292 85.681778
239.729 85.579773
243.216 85.499771
246.754 85.469772
250.343 85.472771
253.984 85.473778
257.678 85.433777
261.426 85.303772
265.229 85.104774
269.087 84.959778
273.001 84.893776
276.972 84.895775
281.0 84.945778
285.088 85.029778
289.234 85.103775
293.441 85.135773
297.709 85.121773
302.04 85.02525073747218
306.433 84.87456251482506
310.89 84.77070101076444
315.412 84.75467156464327
320.0 84.79046851581445
324.655 84.81307920363089
329.377 84.7575166280926
334.168 84.6097674679054
339.028 84.41984272306928
343.959 84.30771607229009
348.962 84.38640785492075
354.038 84.51790641031414
359.188 84.5441970778232
364.412 84.56730085744793
369.713 84.59519676724705
375.09 84.53589246786768
380.546 84.48337297736855
386.081 84.53464829574963
391.697 84.67870310171679
397.394 84.81054839527002
403.175 84.83716719446805
409.039 84.73456715995799
414.989 84.52373630979855
421.025 84.29967664398974
427.149 84.14338384123742
433.362 83.99684824089447
439.665 83.8460831823138
446.06 83.79506434420126
452.548 83.85780306590976
459.131 83.99029002614513
465.809 84.10251922490737
472.584 84.1844923409023
479.458 84.31420505283575
486.432 84.44465170006063
493.507 84.51282562192989
500.686 84.43072183650222
507.968 84.23435200442475
515.357 84.0256894831091
522.853 83.7637492725553
530.458 83.50251005146916
538.174 83.29398449855653
546.002 83.0661559531703
553.943 83.07902475466338
562.001 83.40358526044747
570.175 83.83284113116962
578.469 84.15276972424148
586.883 84.33738303966308
595.419 84.40166975614024
604.08 84.43462589173168
612.866 84.47525244643742
621.78 84.41153443831622
630.824 84.23047454607388
640.0 84.16106144841623
649.309 84.2022884846962
658.753 84.2381653336196
668.335 84.1486680132452
678.056 84.0598078629259
687.919 83.91256390072043
697.925 83.85294446598172
708.077 83.94592857676852
718.376 83.85553057243372
728.825 83.51472647103608
739.426 83.36752495128142
750.181 83.5629086918756
761.093 83.50286971087732
772.163 83.13342034763951
783.394 82.87953962022091
794.789 82.72422154668027
806.349 82.57645946637052
818.078 82.41725473670328
829.977 82.14659769703151
842.05 81.78047570476681
854.298 81.49289109926215
866.724 81.39982489857626
879.33 81.32428478141493
892.12 81.22125510518985
905.097 81.44772888795977
918.262 82.0757034690776
931.618 82.77016386660206
945.169 83.23610843794482
958.917 83.55553286181173
972.864 83.8374248169086
987.015 83.96277599999999
1001.95 83.96277599999999
1007.81 84.028776
1013.67 84.09377599999999
1019.53 84.15577599999999
1025.39 84.21577599999999
1031.25 84.27477599999999
1037.11 84.33177599999999
1042.97 84.38577599999999
1048.83 84.43877599999999
1054.69 84.48977599999999
1060.55 84.53977599999999
1066.41 84.58677599999999
1072.27 84.63277599999999
1078.12 84.67677599999999
1083.98 84.71877599999999
1089.84 84.75877599999998
1095.7 84.796776
1101.56 84.83277599999998
1107.42 84.86677599999999
1113.28 84.897776
1119.14 84.92577599999998
1125.0 84.95177599999998
1130.86 84.97377599999999
1136.72 84.99277599999999
1142.58 85.00777599999999
1148.44 85.019776
1154.3 85.02677599999998
1160.16 85.02977599999998
1166.02 85.02777599999999
1171.88 85.02177599999999
1177.73 85.00977599999999
1183.59 84.99177599999999
1189.45 84.96877599999999
1195.31 84.939776
1201.17 84.90477599999998
1207.03 84.86377599999999
1212.89 84.81577599999999
1218.75 84.76177599999998
1224.61 84.70077599999999
1230.47 84.63277599999999
1236.33 84.558776
1242.19 84.47777599999999
1248.05 84.38977599999998
1253.91 84.29477599999998
1259.77 84.19377599999999
1265.62 84.08577599999998
1271.48 83.97177599999999
1277.34 83.85177599999999
1283.2 83.72477599999999
1289.06 83.59277599999999
1294.92 83.45477599999998
1300.78 83.31117599999999
1306.64 83.162776
1312.5 83.00937599999999
1318.36 82.851576
1324.22 82.68947599999998
1330.08 82.52357599999999
1335.94 82.35397599999999
1341.8 82.18107599999999
1347.66 82.00507599999999
1353.52 81.82647599999999
1359.38 81.64537599999998
1365.23 81.46197599999999
1371.09 81.276676
1376.95 81.08947599999999
1382.81 80.90057599999999
1388.67 80.70997599999998
1394.53 80.51787599999999
1400.39 80.324176
1406.25 80.12877599999999
1412.11 79.93157599999999
1417.97 79.73247599999999
1423.83 79.53107599999998
1429.69 79.327176
1435.55 79.12027599999999
1441.41 78.91007599999999
1447.27 78.69607599999999
1453.12 78.47777599999999
1458.98 78.25447599999998
1464.84 78.02567599999999
1470.7 77.79067599999999
1476.56 77.54897599999998
1482.42 77.29967599999999
1488.28 77.04217599999998
1494.14 76.77597599999999
1500.0 76.50017599999998
1505.86 76.21427599999998
1511.72 75.91777599999999
1517.58 75.61017599999998
1523.44 75.29107599999999
1529.3 74.96037599999998
1535.16 74.61787599999998
1541.02 74.26397599999999
1546.88 73.899076
1552.73 73.52437599999999
1558.59 73.14107599999998
1564.45 72.75157599999999
1570.31 72.35877599999999
1576.17 71.96657599999999
1582.03 71.57997599999999
1587.89 71.205176
1593.75 70.84967599999999
1599.61 70.52207599999998
1605.47 70.23137599999998
1611.33 69.98697599999998
1617.19 69.79737599999999
1623.05 69.66927599999998
1628.91 69.60707599999999
1634.77 69.61157599999999
1640.62 69.68047599999998
1646.48 69.80847599999998
1652.34 69.98807599999999
1658.2 70.21037599999998
1664.06 70.466276
1669.92 70.74697599999999
1675.78 71.04457599999999
1681.64 71.35237599999999
1687.5 71.66477599999999
1693.36 71.97757599999998
1699.22 72.28727599999999
1705.08 72.59167599999999
1710.94 72.88887599999998
1716.8 73.17797599999999
1722.66 73.458176
1728.52 73.72927599999998
1734.38 73.99127599999998
1740.23 74.24437599999999
1746.09 74.488976
1751.95 74.72547599999999
1757.81 74.95437599999998
1763.67 75.17617599999998
1769.53 75.39167599999999
1775.39 75.60117599999998
1781.25 75.80527599999999
1787.11 76.00447599999998
1792.97 76.199176
1798.83 76.38977599999998
1804.69 76.57647599999999
1810.55 76.75967599999998
1816.41 76.93927599999999
1822.27 77.11547599999999
1828.12 77.28827599999998
1833.98 77.45767599999999
1839.84 77.623376
1845.7 77.78537599999999
1851.56 77.94347599999999
1857.42 78.097276
1863.28 78.24657599999999
1869.14 78.390976
1875.0 78.53037599999999
1880.86 78.66437599999999
1886.72 78.792476
1892.58 78.91467599999999
1898.44 79.03037599999999
1904.3 79.13947599999999
1910.16 79.24157599999998
1916.02 79.33647599999999
1921.88 79.42407599999999
1927.73 79.503976
1933.59 79.57617599999999
1939.45 79.64037599999999
1945.31 79.69667599999998
1951.17 79.74477599999999
1957.03 79.78487599999998
1962.89 79.816876
1968.75 79.84077599999999
1974.61 79.85687599999999
1980.47 79.86517599999999
1986.33 79.86597599999999
1992.19 79.85957599999999
1998.05 79.84617599999999
2003.91 79.82617599999999
2009.77 79.80007599999999
2015.62 79.76847599999999
2021.48 79.73177599999998
2027.34 79.690576
2033.2 79.64557599999999
2039.06 79.59757599999999
2044.92 79.54727599999998
2050.78 79.495376
2056.64 79.44267599999999
2062.5 79.390076
2068.36 79.33817599999999
2074.22 79.287776
2080.08 79.23967599999999
2085.94 79.19427599999999
2091.8 79.15217599999998
2097.66 79.113976
2103.52 79.07977599999998
2109.38 79.04987599999998
2115.23 79.02427599999999
2121.09 79.00297599999999
2126.95 78.98587599999999
2132.81 78.97257599999999
2138.67 78.96267599999999
2144.53 78.95567599999998
2150.39 78.95107599999999
2156.25 78.94817599999999
2162.11 78.94627599999998
2167.97 78.94477599999999
2173.83 78.94297599999999
2179.69 78.93997599999999
2185.55 78.93527599999999
2191.41 78.928176
2197.27 78.91797599999998
2203.12 78.90427599999998
2208.98 78.88637599999998
2214.84 78.86387599999999
2220.7 78.836576
2226.56 78.80397599999999
2232.42 78.765976
2238.28 78.72247599999999
2244.14 78.67327599999999
2250.0 78.61847599999999
2255.86 78.55837599999998
2261.72 78.49297599999998
2267.58 78.42267599999998
2273.44 78.34797599999999
2279.3 78.26917599999999
2285.16 78.18697599999999
2291.02 78.101976
2296.88 78.01487599999999
2302.73 77.926476
2308.59 77.83767599999999
2314.45 77.74907599999999
2320.31 77.66167599999999
2326.17 77.576276
2332.03 77.49357599999999
2337.89 77.414476
2343.75 77.33927599999998
2349.61 77.26877599999999
2355.47 77.20327599999999
2361.33 77.14297599999999
2367.19 77.08797599999998
2373.05 77.03817599999999
2378.91 76.99337599999998
2384.77 76.95317599999998
2390.62 76.91717599999998
2396.48 76.88457599999998
2402.34 76.85467599999998
2408.2 76.82677599999998
2414.06 76.79987599999998
2419.92 76.77317599999999
2425.78 76.74567599999999
2431.64 76.71637599999998
2437.5 76.68447599999999
2443.36 76.64917599999998
2449.22 76.60947599999999
2455.08 76.56457599999999
2460.94 76.51387599999998
2466.8 76.45677599999999
2472.66 76.39257599999999
2478.52 76.32077599999998
2484.38 76.24097599999999
2490.23 76.15277599999999
2496.09 76.05607599999999
2501.95 75.95067599999999
2507.81 75.77377599999998
2513.67 75.64657599999998
2519.53 75.57697599999999
2525.39 75.43747599999999
2531.25 75.29007599999998
2537.11 75.13547599999998
2542.97 74.97417599999999
2548.83 74.80697599999999
2554.69 74.63467599999998
2560.55 74.45847599999999
2566.41 74.27937599999998
2572.27 74.09847599999999
2578.12 73.91727599999999
2583.98 73.73687599999998
2589.84 73.55867599999999
2595.7 73.384076
2601.56 73.21397599999999
2607.42 73.049776
2613.28 72.89217599999999
2619.14 72.741976
2625.0 72.59957599999998
2630.86 72.46517599999999
2636.72 72.33857599999999
2642.58 72.21957599999999
2648.44 72.10737599999999
2654.3 72.00117599999999
2660.16 71.89967599999999
2666.02 71.80177599999999
2671.88 71.70577599999999
2677.73 71.61037599999999
2683.59 71.51397599999999
2689.45 71.41477599999999
2695.31 71.31127599999999
2701.17 71.20187599999998
2707.03 71.08517599999999
2712.89 70.95957599999998
2718.75 70.82397599999999
2724.61 70.676876
2730.47 70.51717599999999
2736.33 70.34397599999998
2742.19 70.156376
2748.05 69.95337599999999
2753.91 69.73457599999999
2759.77 69.49937599999998
2765.62 69.24767599999998
2771.48 68.97917599999998
2777.34 68.69437599999999
2783.2 68.39367599999999
2789.06 68.07797599999999
2794.92 67.74887599999998
2800.78 67.40797599999999
2806.64 67.057876
2812.5 66.70167599999999
2818.36 66.34307599999998
2824.22 65.98637599999999
2830.08 65.63627599999998
2835.94 65.298076
2841.8 64.97687599999999
2847.66 64.67747599999998
2853.52 64.40387599999998
2859.38 64.15907599999998
2865.23 63.94437599999999
2871.09 63.759275999999986
2876.95 63.60167599999998
2882.81 63.467575999999994
2888.67 63.351575999999994
2894.53 63.24747599999999
2900.39 63.14817599999999
2906.25 63.04617599999999
2912.11 62.934375999999986
2917.97 62.805475999999985
2923.83 62.65237599999999
2929.69 62.46837599999999
2935.55 62.246675999999994
2941.41 61.98037599999999
2947.27 61.662075999999985
2953.12 61.28377599999999
2958.98 60.835875999999985
2964.84 60.30707599999998
2970.7 59.68297599999998
2976.56 58.944575999999984
2982.42 58.06607599999998
2988.28 57.01077599999999
2994.14 55.72437599999999
3000.0 54.12457599999999
3005.86 52.101275999999984
3011.72 49.68867599999999
3017.58 47.702775999999986
3023.44 46.806975999999985
3029.3 47.03587599999999
3035.16 48.39787599999998
3041.02 50.801675999999986
3046.88 53.41007599999999
3052.73 55.58057599999999
3058.59 57.35057599999999
3064.45 58.82767599999998
3070.31 60.08777599999999
3076.17 61.180775999999994
3082.03 62.14087599999999
3087.89 62.991975999999994
3093.75 63.75167599999999
3099.61 64.43307599999999
3105.47 65.04657599999999
3111.33 65.600276
3117.19 66.10087599999999
3123.05 66.55367599999998
3128.91 66.96357599999999
3134.77 67.33467599999999
3140.62 67.67067599999999
3146.48 67.97497599999998
3152.34 68.25077599999999
3158.2 68.50117599999999
3164.06 68.72907599999999
3169.92 68.93767599999998
3175.78 69.12987599999998
3181.64 69.30867599999999
3187.5 69.47727599999999
3193.36 69.63847599999998
3199.22 69.795476
3205.08 69.95107599999999
3210.94 70.10807599999998
3216.8 70.26877599999999
3222.66 70.43557599999998
3228.52 70.61007599999999
3234.38 70.79357599999999
3240.23 70.98707599999999
3246.09 71.190576
3251.95 71.40417599999999
3257.81 71.62717599999999
3263.67 71.85837599999999
3269.53 72.09667599999999
3275.39 72.34027599999999
3281.25 72.58767599999999
3287.11 72.83697599999999
3292.97 73.08647599999999
3298.83 73.33457599999998
3304.69 73.57947599999999
3310.55 73.81997599999998
3316.41 74.05467599999999
3322.27 74.28257599999999
3328.12 74.50257599999999
3333.98 74.714176
3339.84 74.91657599999999
3345.7 75.10947599999999
3351.56 75.292476
3357.42 75.46557599999998
3363.28 75.62857599999998
3369.14 75.78157599999999
3375.0 75.92487599999998
3380.86 76.05867599999999
3386.72 76.18337599999998
3392.58 76.29937599999998
3398.44 76.40737599999999
3404.3 76.50797599999999
3410.16 76.60177599999999
3416.02 76.68957599999999
3421.88 76.77227599999999
3427.73 76.85067599999999
3433.59 76.92557599999999
3439.45 76.997976
3445.31 77.06887599999999
3451.17 77.13897599999999
3457.03 77.20917599999999
3462.89 77.28017599999998
3468.75 77.352876
3474.61 77.42767599999999
3480.47 77.50507599999999
3486.33 77.58557599999999
3492.19 77.669176
3498.05 77.756076
3503.91 77.84607599999998
3509.77 77.93907599999999
3515.62 78.03467599999999
3521.48 78.13247599999998
3527.34 78.23177599999998
3533.2 78.33207599999999
3539.06 78.43267599999999
3544.92 78.53277599999998
3550.78 78.63177599999999
3556.64 78.72887599999999
3562.5 78.82347599999999
3568.36 78.91487599999999
3574.22 79.00247599999999
3580.08 79.08577599999998
3585.94 79.16437599999999
3591.8 79.23777599999998
3597.66 79.30587599999998
3603.52 79.36847599999999
3609.38 79.42537599999999
3615.23 79.47667599999998
3621.09 79.52257599999999
3626.95 79.56317599999998
3632.81 79.59887599999999
3638.67 79.63007599999999
3644.53 79.65717599999999
3650.39 79.68097599999999
3656.25 79.70197599999999
3662.11 79.72107599999998
3667.97 79.73907599999998
3673.83 79.75667599999998
3679.69 79.77497599999998
3685.55 79.79477599999998
3691.41 79.81697599999998
3697.27 79.84247599999999
3703.12 79.87197599999999
3708.98 79.906376
3714.84 79.946176
3720.7 79.99187599999999
3726.56 80.043776
3732.42 80.10217599999999
3738.28 80.167076
3744.14 80.23837599999999
3750.0 80.31577599999999
3755.86 80.39887599999999
3761.72 80.48707599999999
3767.58 80.57977599999998
3773.44 80.67627599999999
3779.3 80.775776
3785.16 80.87737599999998
3791.02 80.98027599999999
3796.88 81.083576
3802.73 81.18657599999999
3808.59 81.28857599999999
3814.45 81.38857599999999
3820.31 81.48627599999999
3826.17 81.58087599999999
3832.03 81.67197599999999
3837.89 81.75927599999999
3843.75 81.84227599999998
3849.61 81.92097599999998
3855.47 81.99507599999998
3861.33 82.064776
3867.19 82.12997599999998
3873.05 82.19087599999999
3878.91 82.24767599999998
3884.77 82.30087599999999
3890.62 82.35067599999999
3896.48 82.39767599999999
3902.34 82.44247599999998
3908.2 82.485576
3914.06 82.52757599999998
3919.92 82.56927599999999
3925.78 82.61127599999999
3931.64 82.65427599999998
3937.5 82.69897599999999
3943.36 82.74607599999999
3949.22 82.79607599999999
3955.08 82.84957599999998
3960.94 82.90697599999999
3966.8 82.96867599999999
3972.66 83.03487599999998
3978.52 83.10567599999999
3984.38 83.181176
3990.23 83.26127599999998
3996.09 83.34567599999998
4001.95 83.433776
4007.81 83.525776
4013.67 83.62077599999999
4019.53 83.71877599999999
4025.39 83.81877599999999
4031.25 83.918776
4037.11 84.02077599999998
4042.97 84.12177599999998
4048.83 84.22277599999998
4054.69 84.32277599999999
4060.55 84.41977599999998
4066.41 84.51477599999998
4072.27 84.60777599999999
4078.12 84.69677599999999
4083.98 84.781776
4089.84 84.86377599999999
4095.7 84.94077599999999
4101.56 85.01477599999998
4107.42 85.08377599999999
4113.28 85.147776
4119.14 85.20877599999999
4125.0 85.26577599999999
4130.86 85.31877599999999
4136.72 85.36777599999999
4142.58 85.41477599999999
4148.44 85.45877599999999
4154.3 85.50077599999999
4160.16 85.540776
4166.02 85.58077599999999
4171.88 85.61977599999999
4177.73 85.67977599999999
4183.59 85.72077599999999
4189.45 85.76277599999999
4195.31 85.78677599999999
4201.17 85.83277599999998
4207.03 85.88277599999999
4212.89 85.93577599999999
4218.75 85.99177599999999
4224.61 86.05177599999999
4230.47 86.11577599999998
4236.33 86.183776
4242.19 86.25577599999998
4248.05 86.33177599999999
4253.91 86.41077599999998
4259.77 86.49277599999999
4265.62 86.57777599999999
4271.48 86.66377599999998
4277.34 86.75277599999998
4283.2 86.84177599999998
4289.06 86.93177599999999
4294.92 87.02177599999999
4300.78 87.11177599999999
4306.64 87.19977599999999
4312.5 87.28677599999999
4318.36 87.37077599999999
4324.22 87.45277599999999
4330.08 87.531776
4335.94 87.60777599999999
4341.8 87.67977599999999
4347.66 87.74877599999999
4353.52 87.81377599999999
4359.38 87.87577599999999
4365.23 87.93277599999999
4371.09 87.98777599999998
4376.95 88.03877599999998
4382.81 88.08577599999998
4388.67 88.13077599999998
4394.53 88.17277599999998
4400.39 88.21277599999999
4406.25 88.25177599999999
4412.11 88.28877599999998
4417.97 88.32577599999999
4423.83 88.36177599999999
4429.69 88.39877599999998
4435.55 88.436776
4441.41 88.47577599999998
4447.27 88.516776
4453.12 88.55977599999999
4458.98 88.60577599999999
4464.84 88.65477599999998
4470.7 88.70677599999999
4476.56 88.76177599999998
4482.42 88.82077599999998
4488.28 88.88377599999998
4494.14 88.94977599999999
4500.0 89.01877599999999
4505.86 89.09077599999999
4511.72 89.16677599999998
4517.58 89.24377599999998
4523.44 89.32377599999998
4529.3 89.40477599999998
4535.16 89.48677599999999
4541.02 89.56977599999999
4546.88 89.65277599999999
4552.73 89.73577599999999
4558.59 89.81777599999998
4564.45 89.89877599999998
4570.31 89.97777599999999
4576.17 90.055776
4582.03 90.13077599999998
4587.89 90.20377599999999
4593.75 90.27477599999999
4599.61 90.34277599999999
4605.47 90.40777599999998
4611.33 90.46977599999998
4617.19 90.52977599999998
4623.05 90.58777599999999
4628.91 90.64277599999998
4634.77 90.69477599999999
4640.62 90.74577599999999
4646.48 90.79477599999998
4652.34 90.84377599999999
4658.2 90.89077599999999
4664.06 90.93777599999999
4669.92 90.98377599999999
4675.78 91.031776
4681.64 91.07977599999998
4687.5 91.12877599999999
4693.36 91.17977599999999
4699.22 91.23277599999999
4705.08 91.28877599999998
4710.94 91.34677599999999
4716.8 91.40877599999999
4722.66 91.47277599999998
4728.52 91.540776
4734.38 91.61277599999998
4740.23 91.68777599999999
4746.09 91.76577599999999
4751.95 91.84777599999998
4757.81 91.93177599999999
4763.67 92.019776
4769.53 92.10977599999998
4775.39 92.20277599999999
4781.25 92.296776
4787.11 92.39277599999998
4792.97 92.48977599999999
4798.83 92.58777599999999
4804.69 92.686776
4810.55 92.784776
4816.41 92.88177599999999
4822.27 92.97877599999998
4828.12 93.07477599999999
4833.98 93.168776
4839.84 93.26077599999999
4845.7 93.35077599999998
4851.56 93.43777599999999
4857.42 93.522776
4863.28 93.60477599999999
4869.14 93.68277599999999
4875.0 93.75877599999998
4880.86 93.83077599999999
4886.72 93.89877599999998
4892.58 93.96477599999999
4898.44 94.025776
4904.3 94.08377599999999
4910.16 94.13777599999999
4916.02 94.18777599999999
4921.88 94.23477599999998
4927.73 94.27777599999999
4933.59 94.31677599999999
4939.45 94.35277599999999
4945.31 94.38477599999999
4951.17 94.41377599999998
4957.03 94.43877599999999
4962.89 94.46077599999998
4968.75 94.47977599999999
4974.61 94.49477599999999
4980.47 94.50677599999999
4986.33 94.51577599999999
4992.19 94.52177599999999
4998.05 94.52377599999998
5003.91 94.52377599999998
5009.77 94.52077599999998
5015.62 94.51477599999998
5021.48 94.50577599999998
5027.34 94.49377599999998
5033.2 94.47977599999999
5039.06 94.46277599999999
5044.92 94.44277599999998
5050.78 94.42077599999999
5056.64 94.39577599999998
5062.5 94.36877599999998
5068.36 94.33877599999998
5074.22 94.30777599999999
5080.08 94.27377599999998
5085.94 94.23677599999999
5091.8 94.19977599999999
5097.66 94.159776
5103.52 94.11777599999999
5109.38 94.07477599999999
5115.23 94.03077599999999
5121.09 93.98577599999999
5126.95 93.93877599999999
5132.81 93.89277599999998
5138.67 93.84477599999998
5144.53 93.79777599999998
5150.39 93.74977599999998
5156.25 93.70377599999999
5162.11 93.656776
5167.97 93.61177599999999
5173.83 93.56777599999998
5179.69 93.525776
5185.55 93.48577599999999
5191.41 93.44677599999999
5197.27 93.41177599999999
5203.12 93.37777599999998
5208.98 93.34777599999998
5214.84 93.31977599999999
5220.7 93.29577599999999
5226.56 93.27477599999999
5232.42 93.25577599999998
5238.28 93.24077599999998
5244.14 93.22877599999998
5250.0 93.21977599999998
5255.86 93.21377599999998
5261.72 93.21077599999998
5267.58 93.20877599999999
5273.44 93.20977599999999
5279.3 93.21277599999999
5285.16 93.21677599999998
5291.02 93.22177599999999
5296.88 93.22777599999999
5302.73 93.23377599999999
5308.59 93.23977599999999
5314.45 93.24577599999999
5320.31 93.25077599999999
5326.17 93.25477599999999
5332.03 93.25777599999999
5337.89 93.25977599999999
5343.75 93.25877599999998
5349.61 93.25577599999998
5355.47 93.25177599999999
5361.33 93.24377599999998
5367.19 93.23477599999998
5373.05 93.22177599999999
5378.91 93.20677599999999
5384.77 93.18877599999999
5390.62 93.168776
5396.48 93.14577599999998
5402.34 93.11977599999999
5408.2 93.09177599999998
5414.06 93.06077599999999
5419.92 93.028776
5425.78 92.99377599999998
5431.64 92.95777599999998
5437.5 92.91977599999998
5443.36 92.88077599999998
5449.22 92.83977599999999
5455.08 92.79877599999999
5460.94 92.75577599999998
5466.8 92.71377599999998
5472.66 92.67077599999999
5478.52 92.62677599999999
5484.38 92.58377599999999
5490.23 92.540776
5496.09 92.49777599999999
5501.95 92.45477599999998
5507.81 92.41177599999999
5513.67 92.36977599999999
5519.53 92.32777599999999
5525.39 92.284776
5531.25 92.24277599999999
5537.11 92.20077599999999
5542.97 92.15777599999998
5548.83 92.11477599999999
5554.69 92.07077599999998
5560.55 92.025776
5566.41 91.97977599999999
5572.27 91.93277599999999
5578.12 91.88477599999999
5583.98 91.83477599999999
5589.84 91.78277599999998
5595.7 91.72877599999998
5601.56 91.67277599999998
5607.42 91.61477599999999
5613.28 91.555776
5619.14 91.49377599999998
5625.0 91.430776
5630.86 91.36577599999998
5636.72 91.29877599999999
5642.58 91.23177599999998
5648.44 91.162776
5654.3 91.09377599999999
5660.16 91.02477599999999
5666.02 90.95577599999999
5671.88 90.88777599999999
5677.73 90.82077599999998
5683.59 90.75677599999999
5689.45 90.69377599999999
5695.31 90.63477599999999
5701.17 90.57877599999999
5707.03 90.52777599999999
5712.89 90.47977599999999
5718.75 90.43777599999999
5724.61 90.400776
5730.47 90.36877599999998
5736.33 90.34177599999998
5742.19 90.32177599999999
5748.05 90.305776
5753.91 90.29577599999999
5759.77 90.290776
5765.62 90.28977599999999
5771.48 90.293776
5777.34 90.30077599999998
5783.2 90.311776
5789.06 90.32477599999999
5794.92 90.33977599999999
5800.78 90.35677599999998
5806.64 90.37377599999999
5812.5 90.391776
5818.36 90.40877599999999
5824.22 90.42577599999998
5830.08 90.44077599999999
5835.94 90.45377599999999
5841.8 90.46477599999999
5847.66 90.47377599999999
5853.52 90.47977599999999
5859.38 90.48177599999998
5865.23 90.48077599999999
5871.09 90.47777599999999
5876.95 90.47277599999998
5882.81 90.46477599999999
5888.67 90.45477599999998
5894.53 90.44277599999998
5900.39 90.42877599999998
5906.25 90.41377599999998
5912.11 90.39677599999999
5917.97 90.37877599999999
5923.83 90.36077599999999
5929.69 90.34377599999999
5935.55 90.32577599999999
5941.41 90.30977599999999
5947.27 90.29477599999998
5953.12 90.28077599999999
5958.98 90.269776
5964.84 90.26077599999999
5970.7 90.25377599999999
5976.56 90.24977599999998
5982.42 90.24877599999999
5988.28 90.24977599999998
5994.14 90.25377599999999
6000.0 90.26077599999999
6005.86 90.269776
6011.72 90.281776
6017.58 90.29477599999998
6023.44 90.30977599999999
6029.3 90.32477599999999
6035.16 90.34177599999998
6041.02 90.35877599999999
6046.88 90.37577599999999
6052.73 90.391776
6058.59 90.406776
6064.45 90.42077599999999
6070.31 90.43277599999999
6076.17 90.44277599999998
6082.03 90.44977599999999
6087.89 90.45477599999998
6093.75 90.45777599999998
6099.61 90.45677599999999
6105.47 90.45277599999999
6111.33 90.44677599999999
6117.19 90.436776
6123.05 90.42377599999999
6128.91 90.40877599999999
6134.77 90.38977599999998
6140.62 90.36977599999999
6146.48 90.34677599999999
6152.34 90.32277599999999
6158.2 90.296776
6164.06 90.269776
6169.92 90.24177599999999
6175.78 90.21277599999999
6181.64 90.18477599999999
6187.5 90.156776
6193.36 90.12977599999999
6199.22 90.10377599999998
6205.08 90.07877599999999
6210.94 90.055776
6216.8 90.034776
6222.66 90.01577599999999
6228.52 89.99877599999999
6234.38 89.98377599999999
6240.23 89.97077599999999
6246.09 89.95977599999999
6251.95 89.95077599999999
6257.81 89.94377599999999
6263.67 89.93777599999999
6269.53 89.933776
6275.39 89.930776
6281.25 89.927776
6287.11 89.924776
6292.97 89.921776
6298.83 89.918776
6304.69 89.91477599999999
6310.55 89.90877599999999
6316.41 89.90177599999998
6322.27 89.89277599999998
6328.12 89.88277599999999
6333.98 89.86977599999999
6339.84 89.85377599999998
6345.7 89.83577599999998
6351.56 89.814776
6357.42 89.79177599999998
6363.28 89.76577599999999
6369.14 89.73677599999999
6375.0 89.70577599999999
6380.86 89.67277599999998
6386.72 89.63677599999998
6392.58 89.59977599999999
6398.44 89.56077599999999
6404.3 89.52077599999998
6410.16 89.47977599999999
6416.02 89.43877599999999
6421.88 89.39677599999999
6427.73 89.35577599999999
6433.59 89.314776
6439.45 89.27477599999999
6445.31 89.23677599999999
6451.17 89.19877599999998
6457.03 89.16377599999998
6462.89 89.12977599999999
6468.75 89.09877599999999
6474.61 89.06977599999999
6480.47 89.04277599999999
6486.33 89.01877599999999
6492.19 88.99677599999998
6498.05 88.97677599999999
6503.91 88.95877599999999
6509.77 88.94277599999998
6515.62 88.927776
6521.48 88.91377599999998
6527.34 88.90177599999998
6533.2 88.88977599999998
6539.06 88.87877599999999
6544.92 88.86677599999999
6550.78 88.85477599999999
6556.64 88.84277599999999
6562.5 88.82977599999998
6568.36 88.814776
6574.22 88.79877599999999
6580.08 88.781776
6585.94 88.76177599999998
6591.8 88.74077599999998
6597.66 88.71777599999999
6603.52 88.69277599999998
6609.38 88.665776
6615.23 88.63677599999998
6621.09 88.60577599999999
6626.95 88.57377599999998
6632.81 88.53977599999999
6638.67 88.50477599999999
6644.53 88.46877599999999
6650.39 88.43177599999999
6656.25 88.39377599999999
6662.11 88.35577599999999
6667.97 88.31877599999999
6673.83 88.281776
6679.69 88.24477599999999
6685.55 88.20977599999999
6691.41 88.174776
6697.27 88.141776
6703.12 88.11077599999999
6708.98 88.08077599999999
6714.84 88.052776
6720.7 88.02677599999998
6726.56 88.00277599999998
6732.42 87.98077599999999
6738.28 87.96077599999998
6744.14 87.94177599999999
6750.0 87.92577599999998
6755.86 87.909776
6761.72 87.89577599999998
6767.58 87.88277599999999
6773.44 87.86977599999999
6779.3 87.85877599999999
6785.16 87.84677599999999
6791.02 87.83577599999998
6796.88 87.82377599999998
6802.73 87.811776
6808.59 87.799776
6814.45 87.78677599999999
6820.31 87.772776
6826.17 87.75777599999999
6832.03 87.74177599999999
6837.89 87.72577599999998
6843.75 87.70877599999999
6849.61 87.69077599999999
6855.47 87.671776
6861.33 87.65277599999999
6867.19 87.63377599999998
6873.05 87.61477599999999
6878.91 87.59577599999999
6884.77 87.57777599999999
6890.62 87.55977599999999
6896.48 87.543776
6902.34 87.52977599999998
6908.2 87.516776
6914.06 87.50677599999999
6919.92 87.49877599999999
6925.78 87.49277599999999
6931.64 87.49077599999998
6937.5 87.49077599999998
6943.36 87.49477599999999
6949.22 87.50177599999999
6955.08 87.51177599999998
6960.94 87.52477599999999
6966.8 87.54177599999998
6972.66 87.56077599999999
6978.52 87.58277599999998
6984.38 87.60677599999998
6990.23 87.63277599999999
6996.09 87.66077599999998
7001.95 87.69077599999999
7007.81 87.72077599999999
7013.67 87.75177599999999
7019.53 87.78277599999998
7025.39 87.81377599999999
7031.25 87.84477599999998
7037.11 87.87377599999999
7042.97 87.90277599999999
7048.83 87.92877599999998
7054.69 87.95377599999999
7060.55 87.97677599999999
7066.41 87.99677599999998
7072.27 88.01477599999998
7078.12 88.02977599999998
7083.98 88.04177599999998
7089.84 88.05177599999999
7095.7 88.058776
7101.56 88.06277599999999
7107.42 88.06377599999999
7113.28 88.06277599999999
7119.14 88.05977599999999
7125.0 88.05377599999998
7130.86 88.046776
7136.72 88.03677599999999
7142.58 88.025776
7148.44 88.013776
7154.3 88.00077599999999
7160.16 87.98677599999999
7166.02 87.97277599999998
7171.88 87.95777599999998
7177.73 87.94377599999999
7183.59 87.92977599999999
7189.45 87.915776
7195.31 87.90277599999999
7201.17 87.89077599999999
7207.03 87.87977599999999
7212.89 87.86977599999999
7218.75 87.86077599999999
7224.61 87.85377599999998
7230.47 87.84677599999999
7236.33 87.84077599999999
7242.19 87.83577599999998
7248.05 87.83177599999999
7253.91 87.82777599999999
7259.77 87.82377599999998
7265.62 87.82077599999998
7271.48 87.81777599999998
7277.34 87.81377599999999
7283.2 87.80977599999999
7289.06 87.80477599999999
7294.92 87.79877599999999
7300.78 87.790776
7306.64 87.78277599999998
7312.5 87.77177599999999
7318.36 87.75977599999999
7324.22 87.74577599999999
7330.08 87.73077599999999
7335.94 87.71277599999999
7341.8 87.69277599999998
7347.66 87.67077599999999
7353.52 87.64677599999999
7359.38 87.62177599999998
7365.23 87.59377599999999
7371.09 87.564776
7376.95 87.534776
7382.81 87.50277599999998
7388.67 87.47077599999999
7394.53 87.436776
7400.39 87.40277599999999
7406.25 87.36877599999998
7412.11 87.33477599999999
7417.97 87.30177599999999
7423.83 87.26777599999998
7429.69 87.23577599999999
7435.55 87.20477599999998
7441.41 87.174776
7447.27 87.14577599999998
7453.12 87.11877599999998
7458.98 87.09377599999999
7464.84 87.06977599999999
7470.7 87.04777599999998
7476.56 87.02777599999999
7482.42 87.00877599999998
7488.28 86.99177599999999
7494.14 86.97677599999999
7500.0 86.96177599999999
7505.86 86.94877599999998
7511.72 86.93577599999999
7517.58 86.92377599999999
7523.44 86.906776
7529.3 86.894776
7535.16 86.88277599999999
7541.02 86.86977599999999
7546.88 86.86177599999999
7552.73 86.84777599999998
7558.59 86.83177599999999
7564.45 86.814776
7570.31 86.796776
7576.17 86.77677599999998
7582.03 86.75477599999999
7587.89 86.73077599999999
7593.75 86.70577599999999
7599.61 86.67877599999998
7605.47 86.64977599999999
7611.33 86.61977599999999
7617.19 86.58877599999998
7623.05 86.555776
7628.91 86.52177599999999
7634.77 86.48777599999998
7640.62 86.45277599999999
7646.48 86.41777599999999
7652.34 86.38377599999998
7658.2 86.34977599999999
7664.06 86.31677599999999
7669.92 86.284776
7675.78 86.25477599999999
7681.64 86.22777599999999
7687.5 86.20177599999998
7693.36 86.17877599999998
7699.22 86.15877599999999
7705.08 86.141776
7710.94 86.12877599999999
7716.8 86.11877599999998
7722.66 86.11177599999999
7728.52 86.10777599999999
7734.38 86.10777599999999
7740.23 86.11077599999999
7746.09 86.11677599999999
7751.95 86.12577599999999
7757.81 86.13677599999998
7763.67 86.150776
7769.53 86.16677599999998
7775.39 86.18477599999999
7781.25 86.20377599999999
7787.11 86.22377599999999
7792.97 86.24477599999999
7798.83 86.26577599999999
7804.69 86.28677599999999
7810.55 86.30777599999999
7816.41 86.32877599999999
7822.27 86.34877599999999
7828.12 86.36677599999999
7833.98 86.38477599999999
7839.84 86.40177599999998
7845.7 86.41677599999998
7851.56 86.430776
7857.42 86.44277599999998
7863.28 86.45377599999999
7869.14 86.46377599999998
7875.0 86.47177599999999
7880.86 86.47777599999999
7886.72 86.48377599999999
7892.58 86.48877599999999
7898.44 86.49177599999999
7904.3 86.49477599999999
7910.16 86.49677599999998
7916.02 86.49777599999999
7921.88 86.49877599999999
7927.73 86.49977599999998
7933.59 86.49977599999998
7939.45 86.50077599999999
7945.31 86.50077599999999
7951.17 86.50077599999999
7957.03 86.50077599999999
7962.89 86.50077599999999
7968.75 86.50077599999999
7974.61 86.50077599999999
7980.47 86.50077599999999
7986.33 86.49977599999998
7992.19 86.49877599999999
7998.05 86.49677599999998
8003.91 86.49477599999999
8009.77 86.49077599999998
8015.62 86.48677599999999
8021.48 86.48077599999999
8027.34 86.47377599999999
8033.2 86.46577599999999
8039.06 86.45577599999999
8044.92 86.44377599999999
8050.78 86.430776
8056.64 86.415776
8062.5 86.39877599999998
8068.36 86.37977599999999
8074.22 86.35977599999998
8080.08 86.33777599999999
8085.94 86.31377599999999
8091.8 86.28977599999999
8097.66 86.263776
8103.52 86.23677599999999
8109.38 86.20977599999999
8115.23 86.18177599999999
8121.09 86.153776
8126.95 86.12677599999999
8132.81 86.10077599999998
8138.67 86.07577599999999
8144.53 86.05177599999999
8150.39 86.02977599999998
8156.25 86.01077599999999
8162.11 85.99377599999998
8167.97 85.97977599999999
8173.83 85.96877599999999
8179.69 85.96077599999998
8185.55 85.95677599999999
8191.41 85.95577599999999
8197.27 85.95877599999999
8203.12 85.96477599999999
8208.98 85.97377599999999
8214.84 85.98677599999999
8220.7 86.00277599999998
8226.56 86.02177599999999
8232.42 86.04277599999999
8238.28 86.06577599999999
8244.14 86.09077599999999
8250.0 86.11777599999999
8255.86 86.144776
8261.72 86.17377599999999
8267.58 86.20177599999998
8273.44 86.23077599999999
8279.3 86.25877599999998
8285.16 86.28677599999999
8291.02 86.31277599999999
8296.88 86.33877599999998
8302.73 86.36277599999998
8308.59 86.38577599999999
8314.45 86.406776
8320.31 86.42577599999998
8326.17 86.44277599999998
8332.03 86.45877599999999
8337.89 86.47177599999999
8343.75 86.48477599999998
8349.61 86.49477599999999
8355.47 86.50477599999999
8361.33 86.51277599999999
8367.19 86.519776
8373.05 86.525776
8378.91 86.53077599999999
8384.77 86.53577599999998
8390.62 86.540776
8396.48 86.54577599999999
8402.34 86.55077599999998
8408.2 86.55677599999999
8414.06 86.56277599999999
8419.92 86.56977599999999
8425.78 86.57777599999999
8431.64 86.58577599999998
8437.5 86.59577599999999
8443.36 86.60677599999998
8449.22 86.61777599999999
8455.08 86.63077599999998
8460.94 86.64377599999999
8466.8 86.65777599999998
8472.66 86.671776
8478.52 86.686776
8484.38 86.70177599999998
8490.23 86.71577599999999
8496.09 86.73077599999999
8501.95 86.74477599999999
8507.81 86.75777599999999
8513.67 86.77077599999998
8519.53 86.781776
8525.39 86.79177599999998
8531.25 86.80077599999998
8537.11 86.80777599999999
8542.97 86.81277599999999
8548.83 86.81677599999999
8554.69 86.81877599999999
8560.55 86.81877599999999
8566.41 86.81677599999999
8572.27 86.81377599999999
8578.12 86.808776
8583.98 86.802776
8589.84 86.79477599999998
8595.7 86.78677599999999
8601.56 86.77677599999998
8607.42 86.76577599999999
8613.28 86.75577599999998
8619.14 86.74477599999999
8625.0 86.73377599999999
8630.86 86.72277599999998
8636.72 86.71277599999999
8642.58 86.70377599999999
8648.44 86.69577599999998
8654.3 86.68877599999999
8660.16 86.683776
8666.02 86.67977599999999
8671.88 86.677776
8677.73 86.677776
8683.59 86.67977599999999
8689.45 86.68277599999999
8695.31 86.68877599999999
8701.17 86.69577599999998
8707.03 86.70377599999999
8712.89 86.71377599999998
8718.75 86.72477599999999
8724.61 86.73677599999999
8730.47 86.74977599999998
8736.33 86.76277599999999
8742.19 86.775776
8748.05 86.78877599999998
8753.91 86.80177599999999
8759.77 86.81377599999999
8765.62 86.82477599999999
8771.48 86.83477599999999
8777.34 86.84277599999999
8783.2 86.84977599999999
8789.06 86.85477599999999
8794.92 86.85877599999999
8800.78 86.85977599999998
8806.64 86.85977599999998
8812.5 86.85777599999999
8818.36 86.85377599999998
8824.22 86.84777599999998
8830.08 86.83977599999999
8835.94 86.83077599999999
8841.8 86.82077599999998
8847.66 86.808776
8853.52 86.796776
8859.38 86.78377599999999
8865.23 86.77077599999998
8871.09 86.75777599999999
8876.95 86.74477599999999
8882.81 86.73177599999998
8888.67 86.72077599999999
8894.53 86.70977599999999
8900.39 86.70077599999999
8906.25 86.69277599999998
8912.11 86.686776
8917.97 86.68277599999999
8923.83 86.67977599999999
8929.69 86.67977599999999
8935.55 86.680776
8941.41 86.68477599999999
8947.27 86.689776
8953.12 86.69677599999999
8958.98 86.70577599999999
8964.84 86.71577599999999
8970.7 86.72677599999999
8976.56 86.73877599999999
8982.42 86.75077599999999
8988.28 86.763776
8994.14 86.77677599999998
9000.0 86.78877599999998
9005.86 86.80077599999998
9011.72 86.811776
9017.58 86.82177599999999
9023.44 86.82977599999998
9029.3 86.83677599999999
9035.16 86.84177599999998
9041.02 86.84577599999999
9046.88 86.84777599999998
9052.73 86.84677599999999
9058.59 86.84477599999998
9064.45 86.84077599999999
9070.31 86.83477599999999
9076.17 86.82777599999999
9082.03 86.81877599999999
9087.89 86.808776
9093.75 86.79777599999998
9099.61 86.78577599999998
9105.47 86.772776
9111.33 86.76077599999999
9117.19 86.74777599999999
9123.05 86.73577599999999
9128.91 86.72477599999999
9134.77 86.71477599999999
9140.62 86.70577599999999
9146.48 86.69777599999999
9152.34 86.69277599999998
9158.2 86.689776
9164.06 86.68777599999999
9169.92 86.68877599999999
9175.78 86.69277599999998
9181.64 86.69877599999998
9187.5 86.70677599999999
9193.36 86.72577599999998
9199.22 86.73877599999999
9205.08 86.75377599999999
9210.94 86.77077599999998
9216.8 86.78877599999998
9222.66 86.79877599999999
9228.52 86.81777599999998
9234.38 86.83777599999999
9240.23 86.85677599999998
9246.09 86.87677599999999
9251.95 86.89577599999998
9257.81 86.91377599999998
9263.67 86.93177599999999
9269.53 86.94777599999999
9275.39 86.96177599999999
9281.25 86.97477599999999
9287.11 86.98577599999999
9292.97 86.99477599999999
9298.83 87.00177599999999
9304.69 87.00577599999998
9310.55 87.00877599999998
9316.41 87.00877599999998
9322.27 87.00677599999999
9328.12 87.00377599999999
9333.98 86.99777599999999
9339.84 86.99077599999998
9345.7 86.98277599999999
9351.56 86.97277599999998
9357.42 86.96177599999999
9363.28 86.95077599999999
9369.14 86.93877599999999
9375.0 86.92677599999999
9380.86 86.915776
9386.72 86.90477599999998
9392.58 86.89377599999999
9398.44 86.88377599999998
9404.3 86.87577599999999
9410.16 86.86877599999998
9416.02 86.86277599999998
9421.88 86.85777599999999
9427.73 86.85577599999999
9433.59 86.85377599999998
9439.45 86.85377599999998
9445.31 86.85577599999999
9451.17 86.85877599999999
9457.03 86.86277599999998
9462.89 86.86777599999999
9468.75 86.87377599999999
9474.61 86.87977599999999
9480.47 86.88677599999998
9486.33 86.89277599999998
9492.19 86.89877599999998
9498.05 86.903776
9503.91 86.90877599999999
9509.77 86.91177599999999
9515.62 86.91377599999998
9521.48 86.91377599999998
9527.34 86.91177599999999
9533.2 86.90877599999999
9539.06 86.90277599999999
9544.92 86.894776
9550.78 86.88377599999998
9556.64 86.87177599999998
9562.5 86.85677599999998
9568.36 86.83977599999999
9574.22 86.82077599999998
9580.08 86.80077599999998
9585.94 86.77777599999999
9591.8 86.75477599999999
9597.66 86.72977599999999
9603.52 86.70377599999999
9609.38 86.677776
9615.23 86.650776
9621.09 86.62477599999998
9626.95 86.59877599999999
9632.81 86.57377599999998
9638.67 86.549776
9644.53 86.52677599999998
9650.39 86.50577599999998
9656.25 86.48677599999999
9662.11 86.46877599999999
9667.97 86.45377599999999
9673.83 86.44077599999999
9679.69 86.430776
9685.55 86.42277599999998
9691.41 86.41677599999998
9697.27 86.412776
9703.12 86.41077599999998
9708.98 86.41077599999998
9714.84 86.412776
9720.7 86.415776
9726.56 86.41977599999998
9732.42 86.424776
9738.28 86.42977599999999
9744.14 86.43577599999999
9750.0 86.44177599999999
9755.86 86.44677599999999
9761.72 86.45177599999998
9767.58 86.45577599999999
9773.44 86.45877599999999
9779.3 86.46077599999998
9785.16 86.46177599999999
9791.02 86.46177599999999
9796.88 86.45977599999999
9802.73 86.45677599999999
9808.59 86.45277599999999
9814.45 86.44777599999999
9820.31 86.44077599999999
9826.17 86.433776
9832.03 86.42577599999998
9837.89 86.41777599999999
9843.75 86.40877599999999
9849.61 86.400776
9855.47 86.391776
9861.33 86.38477599999999
9867.19 86.37777599999998
9873.05 86.37177599999998
9878.91 86.36777599999999
9884.77 86.36477599999999
9890.62 86.36377599999999
9896.48 86.36377599999999
9902.34 86.36677599999999
9908.2 86.37077599999999
9914.06 86.37777599999998
9919.92 86.38677599999998
9925.78 86.39677599999999
9931.64 86.40877599999999
9937.5 86.42277599999998
9943.36 86.43777599999999
9949.22 86.45477599999998
9955.08 86.47177599999999
9960.94 86.48977599999999
9966.8 86.50877599999998
9972.66 86.52677599999998
9978.52 86.54577599999999
9984.38 86.56277599999999
9990.23 86.58077599999999
9996.09 86.59677599999999
10002.0 86.61177599999999
10007.8 86.62477599999998
10013.7 86.63677599999998
10019.5 86.64677599999999
10025.4 86.65477599999998
10031.2 86.66077599999998
10037.1 86.66477599999999
10043.0 86.66777599999999
10048.8 86.66777599999999
10054.7 86.665776
10060.5 86.662776
10066.4 86.65777599999998
10072.3 86.65177599999998
10078.1 86.644776
10084.0 86.63677599999998
10089.8 86.62777599999998
10095.7 86.61777599999999
10101.6 86.60877599999999
10107.4 86.59877599999999
10113.3 86.58977599999999
10119.1 86.58177599999999
10125.0 86.57377599999998
10130.9 86.56777599999998
10136.7 86.561776
10142.6 86.558776
10148.4 86.555776
10154.3 86.55477599999999
10160.2 86.555776
10166.0 86.55777599999999
10171.9 86.561776
10177.7 86.56677599999999
10183.6 86.57377599999998
10189.5 86.58177599999999
10195.3 86.59077599999999
10201.2 86.59977599999999
10207.0 86.61077599999999
10212.9 86.62077599999999
10218.8 86.63177599999999
10224.6 86.641776
10230.5 86.65277599999999
10236.3 86.66177599999999
10242.2 86.67077599999999
10248.0 86.67877599999998
10253.9 86.68477599999999
10259.8 86.689776
10265.6 86.69377599999999
10271.5 86.69577599999998
10277.3 86.69677599999999
10283.2 86.69577599999998
10289.1 86.69277599999998
10294.9 86.68877599999999
10300.8 86.683776
10306.6 86.67677599999999
10312.5 86.668776
10318.4 86.659776
10324.2 86.64977599999999
10330.1 86.63977599999998
10335.9 86.62977599999999
10341.8 86.61977599999999
10347.7 86.60877599999999
10353.5 86.59977599999999
10359.4 86.59077599999999
10365.2 86.58377599999999
10371.1 86.57677599999998
10377.0 86.57277599999999
10382.8 86.56877599999999
10388.7 86.56777599999998
10394.5 86.56877599999999
10400.4 86.57077599999998
10406.2 86.57577599999999
10412.1 86.58177599999999
10418.0 86.59077599999999
10423.8 86.60077599999998
10429.7 86.61177599999999
10435.5 86.62577599999999
10441.4 86.63977599999998
10447.3 86.65577599999999
10453.1 86.671776
10459.0 86.68877599999999
10464.8 86.70577599999999
10470.7 86.72177599999999
10476.6 86.73877599999999
10482.4 86.75377599999999
10488.3 86.76877599999999
10494.1 86.781776
10500.0 86.793776
10505.9 86.80377599999998
10511.7 86.81277599999999
10517.6 86.81877599999999
10523.4 86.82377599999998
10529.3 86.82577599999999
10535.2 86.82577599999999
10541.0 86.82277599999999
10546.9 86.81877599999999
10552.7 86.811776
10558.6 86.80377599999998
10564.5 86.79277599999999
10570.3 86.78077599999999
10576.2 86.76777599999998
10582.0 86.75277599999998
10587.9 86.73677599999999
10593.8 86.72077599999999
10599.6 86.70377599999999
10605.5 86.686776
10611.3 86.668776
10617.2 86.65177599999998
10623.0 86.63577599999999
10628.9 86.61977599999999
10634.8 86.60477599999999
10640.6 86.59077599999999
10646.5 86.57877599999999
10652.3 86.56677599999999
10658.2 86.55677599999999
10664.1 86.54777599999998
10669.9 86.53977599999999
10675.8 86.53277599999998
10681.6 86.52677599999998
10687.5 86.522776
10693.4 86.51777599999998
10699.2 86.51477599999998
10705.1 86.51077599999999
10710.9 86.50777599999999
10716.8 86.50377599999999
10722.7 86.49977599999998
10728.5 86.49477599999999
10734.4 86.48877599999999
10740.2 86.48177599999998
10746.1 86.47377599999999
10752.0 86.46277599999999
10757.8 86.45077599999999
10763.7 86.436776
10769.5 86.42077599999999
10775.4 86.40277599999999
10781.2 86.38277599999999
10787.1 86.36077599999999
10793.0 86.33577599999998
10798.8 86.30977599999999
10804.7 86.281776
10810.5 86.25177599999999
10816.4 86.22077599999999
10822.3 86.18777599999999
10828.1 86.15477599999998
10834.0 86.12077599999999
10839.8 86.08677599999999
10845.7 86.052776
10851.6 86.01877599999999
10857.4 85.98577599999999
10863.3 85.939776
10869.1 85.909776
10875.0 85.88277599999999
10880.9 85.85677599999998
10886.7 85.83277599999998
10892.6 85.811776
10898.4 85.79277599999999
10904.3 85.787776
10910.2 85.772776
10916.0 85.75977599999999
10921.9 85.74977599999998
10927.7 85.74277599999999
10933.6 85.73677599999999
10939.5 85.73377599999999
10945.3 85.73177599999998
10951.2 85.73177599999998
10957.0 85.73377599999999
10962.9 85.73577599999999
10968.8 85.73977599999999
10974.6 85.74377599999998
10980.5 85.74777599999999
10986.3 85.75277599999998
10992.2 85.75677599999999
10998.0 85.76077599999999
11003.9 85.763776
11009.8 85.76577599999999
11015.6 85.76777599999998
11021.5 85.76777599999998
11027.3 85.766776
11033.2 85.76577599999999
11039.1 85.76277599999999
11044.9 85.75877599999998
11050.8 85.75377599999999
11056.6 85.74777599999999
11062.5 85.74077599999998
11068.4 85.73377599999999
11074.2 85.72577599999998
11080.1 85.71777599999999
11085.9 85.70977599999999
11091.8 85.70177599999998
11097.7 85.69477599999999
11103.5 85.68777599999999
11109.4 85.680776
11115.2 85.67577599999998
11121.1 85.671776
11127.0 85.668776
11132.8 85.66677599999998
11138.7 85.665776
11144.5 85.66677599999998
11150.4 85.66977599999998
11156.2 85.67277599999998
11162.1 85.677776
11168.0 85.683776
11173.8 85.69077599999999
11179.7 85.69777599999999
11185.5 85.70677599999999
11191.4 85.71577599999999
11197.3 85.72477599999999
11203.1 85.73377599999999
11209.0 85.74277599999999
11214.8 85.75177599999999
11220.7 85.75977599999999
11226.6 85.766776
11232.4 85.772776
11238.3 85.77777599999999
11244.1 85.78077599999999
11250.0 85.78277599999998
11255.9 85.78277599999998
11261.7 85.781776
11267.6 85.778776
11273.4 85.77377599999998
11279.3 85.76777599999998
11285.2 85.75977599999999
11291.0 85.74977599999998
11296.9 85.73877599999999
11302.7 85.72577599999998
11308.6 85.71277599999999
11314.5 85.69777599999999
11320.3 85.68177599999999
11326.2 85.665776
11332.0 85.64977599999999
11337.9 85.63277599999999
11343.8 85.61677599999999
11349.6 85.59977599999999
11355.5 85.58377599999999
11361.3 85.56877599999999
11367.2 85.55477599999999
11373.0 85.540776
11378.9 85.528776
11384.8 85.516776
11390.6 85.50677599999999
11396.5 85.49877599999999
11402.3 85.49077599999998
11408.2 85.48477599999998
11414.1 85.47977599999999
11419.9 85.47577599999998
11425.8 85.47277599999998
11431.6 85.46977599999998
11437.5 85.46877599999999
11443.4 85.46777599999999
11449.2 85.46677599999998
11455.1 85.46677599999998
11460.9 85.46677599999998
11466.8 85.46677599999998
11472.7 85.46577599999999
11478.5 85.46477599999999
11484.4 85.46377599999998
11490.2 85.46177599999999
11496.1 85.45877599999999
11502.0 85.45577599999999
11507.8 85.45177599999998
11513.7 85.44777599999999
11519.5 85.44277599999998
11525.4 85.436776
11531.2 85.430776
11537.1 85.424776
11543.0 85.418776
11548.8 85.412776
11554.7 85.406776
11560.5 85.400776
11566.4 85.39577599999998
11572.3 85.391776
11578.1 85.388776
11584.0 85.38677599999998
11589.8 85.38677599999998
11595.7 85.38777599999999
11601.6 85.38977599999998
11607.4 85.394776
11613.3 85.400776
11619.1 85.40877599999999
11625.0 85.418776
11630.9 85.42977599999999
11636.7 85.44377599999999
11642.6 85.45877599999999
11648.4 85.47477599999999
11654.3 85.49277599999999
11660.2 85.51077599999999
11666.0 85.53077599999999
11671.9 85.55077599999998
11677.7 85.57177599999999
11683.6 85.59177599999998
11689.5 85.61277599999998
11695.3 85.63177599999999
11701.2 85.650776
11707.0 85.668776
11712.9 85.68577599999999
11718.8 85.70077599999999
11724.6 85.71477599999999
11730.5 85.72677599999999
11736.3 85.73577599999999
11742.2 85.74377599999998
11748.0 85.74877599999999
11753.9 85.75177599999999
11759.8 85.75177599999999
11765.6 85.74977599999998
11771.5 85.74577599999999
11777.3 85.73977599999999
11783.2 85.73077599999999
11789.1 85.72077599999999
11794.9 85.70777599999998
11800.8 85.69377599999999
11806.6 85.677776
11812.5 85.66077599999998
11818.4 85.64277599999998
11824.2 85.62377599999999
11830.1 85.60377599999998
11835.9 85.58377599999999
11841.8 85.56277599999999
11847.7 85.54277599999999
11853.5 85.52177599999999
11859.4 85.50177599999999
11865.2 85.48177599999998
11871.1 85.46177599999999
11877.0 85.44377599999999
11882.8 85.42577599999998
11888.7 85.40777599999998
11894.5 85.391776
11900.4 85.37577599999999
11906.2 85.35977599999998
11912.1 85.34577599999999
11918.0 85.33077599999999
11923.8 85.31677599999999
11929.7 85.302776
11935.5 85.28877599999998
11941.4 85.27477599999999
11947.3 85.26077599999999
11953.1 85.24577599999999
11959.0 85.22977599999999
11964.8 85.21377599999998
11970.7 85.19577599999998
11976.6 85.17677599999999
11982.4 85.156776
11988.3 85.13477599999999
11994.1 85.11177599999999
12000.0 85.08777599999999
12005.9 85.061776
12011.7 85.03377599999999
12017.6 85.00477599999999
12023.4 84.97477599999999
12029.3 84.94277599999998
12035.2 84.909776
12041.0 84.87677599999999
12046.9 84.84177599999998
12052.7 84.80677599999999
12058.6 84.77177599999999
12064.5 84.73677599999999
12070.3 84.70177599999998
12076.2 84.66777599999999
12082.0 84.63377599999998
12087.9 84.60077599999998
12093.8 84.56877599999999
12099.6 84.53877599999998
12105.5 84.51077599999999
12111.3 84.48377599999999
12117.2 84.45877599999999
12123.0 84.43577599999999
12128.9 84.41477599999999
12134.8 84.39677599999999
12140.6 84.37977599999999
12146.5 84.36477599999999
12152.3 84.35077599999998
12158.2 84.33877599999998
12164.1 84.32877599999999
12169.9 84.31977599999999
12175.8 84.31077599999999
12181.6 84.30377599999998
12187.5 84.29577599999999
12193.4 84.28877599999998
12199.2 84.28077599999999
12205.1 84.272776
12210.9 84.263776
12216.8 84.25377599999999
12222.7 84.24177599999999
12228.5 84.22877599999998
12234.4 84.21477599999999
12240.2 84.19877599999998
12246.1 84.180776
12252.0 84.16077599999998
12257.8 84.138776
12263.7 84.11477599999999
12269.5 84.08877599999998
12275.4 84.061776
12281.2 84.03277599999998
12287.1 84.00277599999998
12293.0 83.97177599999999
12298.8 83.939776
12304.7 83.90777599999998
12310.5 83.87577599999999
12316.4 83.84277599999999
12322.3 83.81077599999999
12328.1 83.77977599999998
12334.0 83.74977599999998
12339.8 83.72177599999999
12345.7 83.69477599999999
12351.6 83.668776
12357.4 83.64577599999998
12363.3 83.62577599999999
12369.1 83.60677599999998
12375.0 83.59077599999999
12380.9 83.57677599999998
12386.7 83.56577599999999
12392.6 83.55677599999999
12398.4 83.549776
12404.3 83.54477599999998
12410.2 83.540776
12416.0 83.53877599999998
12421.9 83.537776
12427.7 83.537776
12433.6 83.53877599999998
12439.5 83.53977599999999
12445.3 83.53977599999999
12451.2 83.540776
12457.0 83.53977599999999
12462.9 83.53877599999998
12468.8 83.53577599999998
12474.6 83.531776
12480.5 83.525776
12486.3 83.51877599999999
12492.2 83.50977599999999
12498.0 83.49877599999999
12503.9 83.48677599999999
12509.8 83.47177599999999
12515.6 83.45677599999999
12521.5 83.439776
12527.3 83.42077599999999
12533.2 83.391776
12539.1 83.37177599999998
12544.9 83.351976
12550.8 83.332276
12556.6 83.31297599999999
12562.5 83.29437599999999
12568.4 83.27677599999998
12574.2 83.26047599999998
12580.1 83.25537599999998
12585.9 83.24177599999999
12591.8 83.23007599999998
12597.7 83.22017599999998
12603.5 83.21247599999998
12609.4 83.206876
12615.2 83.203476
12621.1 83.202176
12627.0 83.20297599999999
12632.8 83.20577599999999
12638.7 83.21037599999998
12644.5 83.21657599999999
12650.4 83.22427599999999
12656.2 83.232976
12662.1 83.24267599999999
12668.0 83.25287599999999
12673.8 83.26327599999999
12679.7 83.273676
12685.5 83.28387599999999
12691.4 83.29337599999998
12697.3 83.30197599999998
12703.1 83.30947599999999
12709.0 83.31577599999999
12714.8 83.32047599999999
12720.7 83.32367599999999
12726.6 83.32517599999998
12732.4 83.32497599999999
12738.3 83.32297599999998
12744.1 83.31937599999999
12750.0 83.31427599999999
12755.9 83.30767599999999
12761.7 83.29987599999998
12767.6 83.29097599999999
12773.4 83.28127599999999
12779.3 83.271076
12785.2 83.26057599999999
12791.0 83.25007599999999
12796.9 83.23997599999998
12802.7 83.23037599999999
12808.6 83.22177599999999
12814.5 83.21427599999998
12820.3 83.20827599999998
12826.2 83.20377599999999
12832.0 83.20117599999999
12837.9 83.200476
12843.8 83.20177599999998
12849.6 83.20507599999999
12855.5 83.21057599999999
12861.3 83.217976
12867.2 83.22737599999999
12873.0 83.238576
12878.9 83.251376
12884.8 83.26547599999999
12890.6 83.28077599999999
12896.5 83.29697599999999
12902.3 83.31367599999999
12908.2 83.33067599999998
12914.1 83.34757599999999
12919.9 83.36407599999998
12925.8 83.37977599999999
12931.6 83.394776
12937.5 83.40777599999998
12943.4 83.41977599999998
12949.2 83.430776
12955.1 83.43877599999999
12960.9 83.44477599999999
12966.8 83.44877599999998
12972.7 83.45077599999999
12978.5 83.45077599999999
12984.4 83.44777599999999
12990.2 83.44377599999999
12996.1 83.436776
13002.0 83.42877599999998
13007.8 83.41777599999999
13013.7 83.406776
13019.5 83.39377599999999
13025.4 83.38077599999998
13031.2 83.36627599999998
13037.1 83.351976
13043.0 83.33777599999999
13048.8 83.32387599999998
13054.7 83.31067599999999
13060.5 83.29837599999999
13066.4 83.287376
13072.3 83.27767599999999
13078.1 83.26967599999999
13084.0 83.26347599999998
13089.8 83.259076
13095.7 83.25667599999998
13101.6 83.25617599999998
13107.4 83.25757599999999
13113.3 83.26077599999999
13119.1 83.26577599999999
13125.0 83.27217599999999
13130.9 83.27987599999999
13136.7 83.28867599999998
13142.6 83.29827599999999
13148.4 83.30837599999998
13154.3 83.31877599999999
13160.2 83.32897599999998
13166.0 83.33877599999998
13171.9 83.34787599999999
13177.7 83.35597599999998
13183.6 83.36277599999998
13189.5 83.36807599999999
13195.3 83.371676
13201.2 83.373376
13207.0 83.372976
13212.9 83.37047599999998
13218.8 83.36577599999998
13224.6 83.35887599999998
13230.5 83.34977599999999
13236.3 83.33867599999999
13242.2 83.32557599999998
13248.0 83.31067599999999
13253.9 83.29427599999998
13259.8 83.27647599999999
13265.6 83.25757599999999
13271.5 83.23787599999999
13277.3 83.21777599999999
13283.2 83.197476
13289.1 83.17727599999999
13294.9 83.15757599999999
13300.8 83.13867599999999
13306.6 83.12077599999999
13312.5 83.10417599999998
13318.4 83.08907599999999
13324.2 83.07577599999999
13330.1 83.06427599999999
13335.9 83.054876
13341.8 83.04737599999999
13347.7 83.04197599999999
13353.5 83.03867599999998
13359.4 83.03717599999999
13365.2 83.03757599999999
13371.1 83.03957599999998
13377.0 83.04297599999998
13382.8 83.04757599999999
13388.7 83.053176
13394.5 83.05927599999998
13400.4 83.06577599999999
13406.2 83.07237599999999
13412.1 83.07857599999998
13418.0 83.08427599999999
13423.8 83.089176
13429.7 83.09287599999999
13435.5 83.09527599999998
13441.4 83.09607599999998
13447.3 83.09517599999998
13453.1 83.09247599999999
13459.0 83.08777599999999
13464.8 83.08117599999999
13470.7 83.07257599999998
13476.6 83.06197599999999
13482.4 83.04957599999999
13488.3 83.03557599999999
13494.1 83.01997599999999
13500.0 83.00297599999999
13505.9 82.98497599999999
13511.7 82.96617599999999
13517.6 82.94687599999999
13523.4 82.92737599999998
13529.3 82.90797599999999
13535.2 82.88897599999999
13541.0 82.87077599999999
13546.9 82.85357599999999
13552.7 82.83757599999998
13558.6 82.82327599999999
13564.5 82.81067599999999
13570.3 82.79997599999999
13576.2 82.79147599999999
13582.0 82.78507599999999
13587.9 82.78087599999999
13593.8 82.77897599999999
13599.6 82.77917599999999
13605.5 82.78157599999999
13611.3 82.78587599999999
13617.2 82.79187599999999
13623.0 82.79947599999998
13628.9 82.80837599999998
13634.8 82.81837599999999
13640.6 82.82907599999999
13646.5 82.84017599999999
13652.3 82.85147599999999
13658.2 82.86257599999999
13664.1 82.87327599999999
13669.9 82.88317599999999
13675.8 82.89207599999999
13681.6 82.89967599999999
13687.5 82.90587599999999
13693.4 82.91047599999999
13699.2 82.91327599999998
13705.1 82.91417599999998
13710.9 82.91317599999999
13716.8 82.91027599999998
13722.7 82.905476
13728.5 82.89887599999999
13734.4 82.89047599999999
13740.2 82.88047599999999
13746.1 82.86917599999998
13752.0 82.856676
13757.8 82.84317599999999
13763.7 82.82897599999998
13769.5 82.81437599999998
13775.4 82.79957599999999
13781.2 82.78487599999998
13787.1 82.77057599999999
13793.0 82.756976
13798.8 82.74417599999998
13804.7 82.732576
13810.5 82.72217599999999
13816.4 82.713276
13822.3 82.70587599999999
13828.1 82.70017599999998
13834.0 82.69607599999999
13839.8 82.69367599999998
13845.7 82.69277599999998
13851.6 82.69347599999999
13857.4 82.69557599999999
13863.3 82.69877599999998
13869.1 82.70297599999999
13875.0 82.70787599999998
13880.9 82.71337599999998
13886.7 82.71897599999998
13892.6 82.72457599999998
13898.4 82.72967599999998
13904.3 82.73417599999999
13910.2 82.737676
13916.0 82.73997599999998
13921.9 82.740676
13927.7 82.73967599999999
13933.6 82.73677599999999
13939.5 82.731676
13945.3 82.72437599999999
13951.2 82.714576
13957.0 82.70237599999999
13962.9 82.68777599999999
13968.8 82.67067599999999
13974.6 82.65117599999999
13980.5 82.629376
13986.3 82.60547599999998
13992.2 82.57957599999999
13998.0 82.551876
14003.9 82.522776
14009.8 82.49227599999999
14015.6 82.46087599999998
14021.5 82.42887599999999
14027.3 82.39637599999999
14033.2 82.36387599999999
14039.1 82.33167599999999
14044.9 82.29987599999998
14050.8 82.26897599999998
14056.6 82.238976
14062.5 82.21037599999998
14068.4 82.18317599999999
14074.2 82.15747599999999
14080.1 82.13347599999999
14085.9 82.11127599999999
14091.8 82.09077599999999
14097.7 82.07197599999999
14103.5 82.05477599999999
14109.4 82.03917599999998
14115.2 82.02487599999999
14121.1 82.01177599999998
14127.0 81.99957599999999
14132.8 81.98817599999998
14138.7 81.97727599999999
14144.5 81.96657599999999
14150.4 81.95577599999999
14156.2 81.94477599999999
14162.1 81.93317599999999
14168.0 81.92077599999999
14173.8 81.90737599999999
14179.7 81.89287599999999
14185.5 81.87697599999998
14191.4 81.859676
14197.3 81.840876
14203.1 81.80737599999999
14209.0 81.78487599999998
14214.8 81.76107599999999
14220.7 81.735976
14226.6 81.70967599999999
14232.4 81.68257599999998
14238.3 81.65457599999999
14244.1 81.62617599999999
14250.0 81.59747599999999
14255.9 81.583176
14261.7 81.55497599999998
14267.6 81.52717599999998
14273.4 81.49997599999999
14279.3 81.473576
14285.2 81.44837599999998
14291.0 81.42427599999999
14296.9 81.401676
14302.7 81.380676
14308.6 81.36127599999999
14314.5 81.34357599999998
14320.3 81.32767599999998
14326.2 81.313476
14332.0 81.30097599999999
14337.9 81.28997599999998
14343.8 81.28037599999999
14349.6 81.27207599999998
14355.5 81.26477599999998
14361.3 81.25827599999998
14367.2 81.25237599999998
14373.0 81.246676
14378.9 81.24107599999999
14384.8 81.23517599999998
14390.6 81.22887599999999
14396.5 81.22177599999999
14402.3 81.21357599999999
14408.2 81.204276
14414.1 81.193576
14419.9 81.18137599999999
14425.8 81.167476
14431.6 81.15187599999999
14437.5 81.13447599999999
14443.4 81.11537599999998
14449.2 81.09467599999999
14455.1 81.07227599999999
14460.9 81.048476
14466.8 81.02347599999999
14472.7 80.99727599999999
14478.5 80.97037599999999
14484.4 80.94277599999998
14490.2 80.91497599999998
14496.1 80.88717599999998
14502.0 80.85957599999999
14507.8 80.83267599999999
14513.7 80.80647599999999
14519.5 80.78147599999998
14525.4 80.75787599999998
14531.2 80.73577599999999
14537.1 80.71547599999998
14543.0 80.69707599999998
14548.8 80.68067599999999
14554.7 80.66637599999999
14560.5 80.65407599999999
14566.4 80.64387599999999
14572.3 80.63557599999999
14578.1 80.62927599999999
14584.0 80.62457599999999
14589.8 80.62137599999998
14595.7 80.61947599999999
14601.6 80.618676
14607.4 80.61857599999999
14613.3 80.61897599999999
14619.1 80.61967599999998
14625.0 80.62027599999999
14630.9 80.62047599999998
14636.7 80.62017599999999
14642.6 80.61897599999999
14648.4 80.61677599999999
14654.3 80.61327599999998
14660.2 80.60857599999999
14666.0 80.60227599999999
14671.9 80.59457599999999
14677.7 80.58537599999998
14683.6 80.57467599999998
14689.5 80.56257599999999
14695.3 80.54917599999999
14701.2 80.53467599999999
14707.0 80.51927599999999
14712.9 80.50317599999998
14718.8 80.48657599999999
14724.6 80.46977599999998
14730.5 80.45307599999998
14736.3 80.436776
14742.2 80.42107599999999
14748.0 80.406376
14753.9 80.39287599999999
14759.8 80.38077599999998
14765.6 80.37027599999999
14771.5 80.36167599999999
14777.3 80.354976
14783.2 80.35037599999998
14789.1 80.34797599999999
14794.9 80.34757599999999
14800.8 80.34927599999999
14806.6 80.35297599999998
14812.5 80.35847599999998
14818.4 80.365676
14824.2 80.37437599999998
14830.1 80.38417599999998
14835.9 80.39487599999998
14841.8 80.40627599999999
14847.7 80.41787599999999
14853.5 80.429476
14859.4 80.44067599999998
14865.2 80.45107599999999
14871.1 80.46047599999999
14877.0 80.46847599999998
14882.8 80.474876
14888.7 80.47937599999999
14894.5 80.48177599999998
14900.4 80.48187599999999
14906.2 80.47947599999999
14912.1 80.47457599999998
14918.0 80.46717599999998
14923.8 80.45717599999999
14929.7 80.44467599999999
14935.5 80.42967599999999
14941.4 80.41247599999998
14947.3 80.393076
14953.1 80.37187599999999
14959.0 80.348976
14964.8 80.32467599999998
14970.7 80.29927599999999
14976.6 80.27307599999999
14982.4 80.24647599999999
14988.3 80.21967599999999
14994.1 80.19307599999999
15000.0 80.16697599999999
15005.9 80.14157599999999
15011.7 80.11727599999999
15017.6 80.09417599999999
15023.4 80.07257599999998
15029.3 80.05247599999998
15035.2 80.03417599999999
15041.0 80.017676
15046.9 80.00287599999999
15052.7 79.98997599999998
15058.6 79.978676
15064.5 79.96907599999999
15070.3 79.96077599999998
15076.2 79.95377599999999
15082.0 79.94777599999999
15087.9 79.94257599999999
15093.8 79.93777599999999
15099.6 79.93317599999999
15105.5 79.92847599999999
15111.3 79.92337599999999
15117.2 79.91767599999999
15123.0 79.91087599999999
15128.9 79.90297599999998
15134.8 79.89357599999998
15140.6 79.88257599999999
15146.5 79.86977599999999
15152.3 79.85517599999999
15158.2 79.83857599999999
15164.1 79.82007599999999
15169.9 79.79967599999999
15175.8 79.77737599999999
15181.6 79.75337599999999
15187.5 79.727876
15193.4 79.70097599999998
15199.2 79.67317599999998
15205.1 79.64447599999998
15210.9 79.61537599999998
15216.8 79.58607599999999
15222.7 79.55707599999998
15228.5 79.52857599999999
15234.4 79.500976
15240.2 79.47467599999999
15246.1 79.44987599999999
15252.0 79.42697599999998
15257.8 79.40617599999999
15263.7 79.38757599999998
15269.5 79.37157599999999
15275.4 79.35817599999999
15281.2 79.34747599999999
15287.1 79.33937599999999
15293.0 79.33407599999998
15298.8 79.33127599999999
15304.7 79.33097599999999
15310.5 79.33297599999999
15316.4 79.33697599999999
15322.3 79.34277599999999
15328.1 79.35007599999999
15334.0 79.35847599999998
15339.8 79.36777599999999
15345.7 79.37757599999999
15351.6 79.38747599999999
15357.4 79.39717599999999
15363.3 79.406376
15369.1 79.41477599999999
15375.0 79.422176
15380.9 79.42827599999998
15386.7 79.43277599999999
15392.6 79.43577599999999
15398.4 79.43707599999999
15404.3 79.43657599999999
15410.2 79.43437599999999
15416.0 79.43047599999998
15421.9 79.42507599999999
15427.7 79.41837599999998
15433.6 79.41047599999999
15439.5 79.401676
15445.3 79.39227599999998
15451.2 79.38257599999999
15457.0 79.372976
15462.9 79.36387599999999
15468.8 79.35537599999999
15474.6 79.34817599999998
15480.5 79.34227599999998
15486.3 79.338276
15492.2 79.33627599999998
15498.0 79.33667599999998
15503.9 79.339576
15509.8 79.34527599999998
15515.6 79.35377599999998
15521.5 79.365276
15527.3 79.37957599999999
15533.2 79.39687599999999
15539.1 79.41687599999999
15544.9 79.43967599999999
15550.8 79.46487599999999
15556.6 79.49227599999999
15562.5 79.52167599999999
15568.4 79.552776
15574.2 79.58517599999999
15580.1 79.61857599999999
15585.9 79.65267599999999
15591.8 79.68697599999999
15597.7 79.72127599999999
15603.5 79.75527599999998
15609.4 79.78857599999999
15615.2 79.82087599999998
15621.1 79.85207599999998
15627.0 79.88177599999999
15632.8 79.90997599999999
15638.7 79.93657599999999
15644.5 79.96147599999999
15650.4 79.984676
15656.2 80.006076
15662.1 80.02597599999999
15668.0 80.04427599999998
15673.8 80.06137599999998
15679.7 80.07727599999998
15685.5 80.09237599999999
15691.4 80.10677599999998
15697.3 80.12087599999998
15703.1 80.13487599999999
15709.0 80.149076
15714.8 80.16387599999999
15720.7 80.17937599999999
15726.6 80.19597599999999
15732.4 80.21387599999998
15738.3 80.23327599999999
15744.1 80.25427599999999
15750.0 80.277076
15755.9 80.301876
15761.7 80.32857599999998
15767.6 80.35717599999998
15773.4 80.38767599999998
15779.3 80.420076
15785.2 80.45417599999999
15791.0 80.48987599999998
15796.9 80.52687599999999
15802.7 80.56497599999999
15808.6 80.60387599999999
15814.5 80.64347599999999
15820.3 80.68327599999999
15826.2 80.72307599999999
15832.0 80.76257599999998
15837.9 80.801476
15843.8 80.83947599999999
15849.6 80.876376
15855.5 80.91177599999999
15861.3 80.94557599999999
15867.2 80.97767599999999
15873.0 81.01817599999998
15878.9 81.04497599999999
15884.8 81.06977599999999
15890.6 81.09247599999999
15896.5 81.11297599999999
15902.3 81.13157599999998
15908.2 81.14817599999999
15914.1 81.16297599999999
15919.9 81.17617599999998
15925.8 81.18787599999999
15931.6 81.19107599999998
15937.5 81.20137599999998
15943.4 81.21077599999998
15949.2 81.21947599999999
15955.1 81.22777599999999
15960.9 81.23577599999999
15966.8 81.243676
15972.7 81.25187599999998
15978.5 81.26047599999998
15984.4 81.26957599999999
15990.2 81.27937599999998
15996.1 81.28997599999998
16002.0 81.30157599999998
16007.8 81.31407599999999
16013.7 81.32767599999998
16019.5 81.34217599999998
16025.4 81.35777599999999
16031.2 81.374276
16037.1 81.39167599999999
16043.0 81.40987599999998
16048.8 81.42857599999999
16054.7 81.44777599999999
16060.5 81.46727599999998
16066.4 81.48697599999998
16072.3 81.50657599999998
16078.1 81.52597599999999
16084.0 81.54497599999999
16089.8 81.56337599999999
16095.7 81.58097599999999
16101.6 81.59777599999998
16107.4 81.61367599999998
16113.3 81.62837599999999
16119.1 81.64197599999999
16125.0 81.65427599999998
16130.9 81.66547599999998
16136.7 81.67537599999999
16142.6 81.684176
16148.4 81.691876
16154.3 81.69847599999999
16160.2 81.704276
16166.0 81.70937599999999
16171.9 81.71387599999998
16177.7 81.71787599999999
16183.6 81.72177599999999
16189.5 81.72557599999999
16195.3 81.729576
16201.2 81.73397599999998
16207.0 81.73887599999999
16212.9 81.74447599999999
16218.8 81.750976
16224.6 81.75847599999999
16230.5 81.76717599999999
16236.3 81.777076
16242.2 81.78827599999998
16248.0 81.80087599999999
16253.9 81.814776
16259.8 81.830176
16265.6 81.846876
16271.5 81.86477599999999
16277.3 81.88397599999999
16283.2 81.90417599999999
16289.1 81.92537599999999
16294.9 81.94737599999999
16300.8 81.97007599999999
16306.6 81.99317599999999
16312.5 82.01667599999999
16318.4 82.040376
16324.2 82.06407599999999
16330.1 82.08757599999998
16335.9 82.11077599999999
16341.8 82.13357599999999
16347.7 82.15577599999999
16353.5 82.17737599999998
16359.4 82.19827599999999
16365.2 82.21837599999999
16371.1 82.237676
16377.0 82.25617599999998
16382.8 82.27397599999999
16388.7 82.29097599999999
16394.5 82.30737599999999
16400.4 82.32327599999999
16406.2 82.33867599999999
16412.1 82.35377599999998
16418.0 82.368676
16423.8 82.38347599999999
16429.7 82.39837599999998
16435.5 82.41357599999999
16441.4 82.42917599999998
16447.3 82.44527599999999
16453.1 82.46207599999998
16459.0 82.479576
16464.8 82.49807599999998
16470.7 82.51747599999999
16476.6 82.53797599999999
16482.4 82.55957599999999
16488.3 82.582276
16494.1 82.60607599999999
16500.0 82.631076
16505.9 82.65707599999999
16511.7 82.684176
16517.6 82.71217599999999
16523.4 82.74097599999999
16529.3 82.77047599999999
16535.2 82.80067599999998
16541.0 82.83137599999999
16546.9 82.86237599999998
16552.7 82.89357599999998
16558.6 82.924776
16564.5 82.95607599999998
16570.3 82.98707599999999
16576.2 83.01777599999998
16582.0 83.048076
16587.9 83.07797599999999
16593.8 83.10717599999998
16599.6 83.13587599999998
16605.5 83.16387599999999
16611.3 83.19117599999998
16617.2 83.21787599999999
16623.0 83.24397599999999
16628.9 83.269376
16634.8 83.29437599999999
16640.6 83.31887599999999
16646.5 83.34307599999998
16652.3 83.366976
16658.2 83.39077599999999
16664.1 83.41477599999999
16669.9 83.43877599999999
16675.8 83.46277599999999
16681.6 83.48677599999999
16687.5 83.51177599999998
16693.4 83.537776
16699.2 83.56377599999999
16705.1 83.59077599999999
16710.9 83.61877599999998
16716.8 83.647776
16722.7 83.677776
16728.5 83.70777599999998
16734.4 83.73977599999999
16740.2 83.77177599999999
16746.1 83.80477599999999
16752.0 83.83977599999999
16757.8 83.87377599999999
16763.7 83.909776
16769.5 83.94577599999998
16775.4 83.98177599999998
16781.2 84.01877599999999
16787.1 84.055776
16793.0 84.09277599999999
16798.8 84.12977599999999
16804.7 84.16677599999998
16810.5 84.20277599999999
16816.4 84.23877599999999
16822.3 84.27477599999999
16828.1 84.30977599999999
16834.0 84.34377599999999
16839.8 84.37777599999998
16845.7 84.41077599999998
16851.6 84.44277599999998
16857.4 84.47377599999999
16863.3 84.50477599999999
16869.1 84.53377599999999
16875.0 84.56277599999999
16880.9 84.59177599999998
16886.7 84.61977599999999
16892.6 84.64677599999999
16898.4 84.67377599999999
16904.3 84.69977599999999
16910.2 84.72577599999998
16916.0 84.75177599999999
16921.9 84.77777599999999
16927.7 84.80377599999998
16933.6 84.82977599999998
16939.5 84.85577599999999
16945.3 84.88177599999999
16951.2 84.90877599999999
16957.0 84.93477599999999
16962.9 84.96177599999999
16968.8 84.98977599999999
16974.6 85.016776
16980.5 85.04477599999998
16986.3 85.07277599999999
16992.2 85.10177599999999
16998.0 85.12977599999999
17003.9 85.15877599999999
17009.8 85.18777599999999
17015.6 85.21677599999998
17021.5 85.24477599999999
17027.3 85.27377599999998
17033.2 85.30177599999999
17039.1 85.32877599999999
17044.9 85.35677599999998
17050.8 85.38277599999999
17056.6 85.40877599999999
17062.5 85.43477599999999
17068.4 85.45977599999999
17074.2 85.48377599999999
17080.1 85.50677599999999
17085.9 85.528776
17091.8 85.55077599999998
17097.7 85.57177599999999
17103.5 85.59177599999998
17109.4 85.61077599999999
17115.2 85.62977599999999
17121.1 85.647776
17127.0 85.66477599999999
17132.8 85.68277599999999
17138.7 85.69877599999998
17144.5 85.71577599999999
17150.4 85.73177599999998
17156.2 85.74877599999999
17162.1 85.76477599999998
17168.0 85.78077599999999
17173.8 85.79777599999998
17179.7 85.814776
17185.5 85.83177599999999
17191.4 85.84977599999999
17197.3 85.86777599999999
17203.1 85.88577599999999
17209.0 85.90477599999998
17214.8 85.92377599999999
17220.7 85.94377599999999
17226.6 85.96377599999998
17232.4 85.98477599999998
17238.3 86.00477599999999
17244.1 86.025776
17250.0 86.046776
17255.9 86.06777599999998
17261.7 86.08877599999998
17267.6 86.10977599999998
17273.4 86.13077599999998
17279.3 86.150776
17285.2 86.17077599999999
17291.0 86.189776
17296.9 86.20877599999999
17302.7 86.22577599999998
17308.6 86.24277599999999
17314.5 86.25977599999999
17320.3 86.27477599999999
17326.2 86.28877599999998
17332.0 86.302776
17337.9 86.31577599999999
17343.8 86.32777599999999
17349.6 86.33877599999998
17355.5 86.34877599999999
17361.3 86.35877599999999
17367.2 86.36777599999999
17373.0 86.37577599999999
17378.9 86.38477599999999
17384.8 86.39277599999998
17390.6 86.400776
17396.5 86.40877599999999
17402.3 86.41677599999998
17408.2 86.424776
17414.1 86.433776
17419.9 86.44377599999999
17425.8 86.45377599999999
17431.6 86.46477599999999
17437.5 86.47577599999998
17443.4 86.48877599999999
17449.2 86.50177599999999
17455.1 86.516776
17460.9 86.531776
17466.8 86.54877599999999
17472.7 86.56577599999999
17478.5 86.58377599999999
17484.4 86.60377599999998
17490.2 86.62277599999999
17496.1 86.64377599999999
17502.0 86.66477599999999
17507.8 86.686776
17513.7 86.70877599999999
17519.5 86.73077599999999
17525.4 86.75277599999998
17531.2 86.77477599999999
17537.1 86.796776
17543.0 86.81777599999998
17548.8 86.84877599999999
17554.7 86.86877599999998
17560.5 86.888776
17566.4 86.90777599999998
17572.3 86.92577599999998
17578.1 86.94277599999998
17584.0 86.95977599999999
17589.8 86.97577599999998
17595.7 86.99077599999998
17601.6 87.00577599999998
17607.4 87.01077599999999
17613.3 87.02477599999999
17619.1 87.037776
17625.0 87.049776
17630.9 87.061776
17636.7 87.07377599999998
17642.6 87.08577599999998
17648.4 87.09677599999999
17654.3 87.10877599999999
17660.2 87.12077599999999
17666.0 87.13177599999999
17671.9 87.14377599999999
17677.7 87.156776
17683.6 87.168776
17689.5 87.18277599999999
17695.3 87.19577599999998
17701.2 87.20977599999999
17707.0 87.22477599999999
17712.9 87.23977599999999
17718.8 87.25477599999999
17724.6 87.27077599999998
17730.5 87.28677599999999
17736.3 87.30377599999998
17742.2 87.32077599999998
17748.0 87.33777599999999
17753.9 87.35477599999999
17759.8 87.37077599999999
17765.6 87.38777599999999
17771.5 87.40477599999998
17777.3 87.42077599999999
17783.2 87.43577599999999
17789.1 87.45077599999999
17794.9 87.46477599999999
17800.8 87.47877599999998
17806.6 87.49077599999998
17812.5 87.50277599999998
17818.4 87.513776
17824.2 87.522776
17830.1 87.531776
17835.9 87.53977599999999
17841.8 87.54577599999999
17847.7 87.55177599999999
17853.5 87.55677599999999
17859.4 87.56077599999999
17865.2 87.56377599999999
17871.1 87.56677599999999
17877.0 87.56777599999998
17882.8 87.56977599999999
17888.7 87.57077599999998
17894.5 87.57077599999998
17900.4 87.57077599999998
17906.2 87.57177599999999
17912.1 87.57177599999999
17918.0 87.57177599999999
17923.8 87.57277599999999
17929.7 87.57277599999999
17935.5 87.57377599999998
17941.4 87.57577599999999
17947.3 87.57777599999999
17953.1 87.57977599999998
17959.0 87.58277599999998
17964.8 87.58577599999998
17970.7 87.58977599999999
17976.6 87.59377599999999
17982.4 87.59777599999998
17988.3 87.60277599999999
17994.1 87.60677599999998
18000.0 87.61277599999998
18005.9 87.61777599999999
18011.7 87.62277599999999
18017.6 87.62777599999998
18023.4 87.63177599999999
18029.3 87.63677599999998
18035.2 87.64077599999999
18041.0 87.64377599999999
18046.9 87.64677599999999
18052.7 87.64977599999999
18058.6 87.650776
18064.5 87.65177599999998
18070.3 87.65177599999998
18076.2 87.65177599999998
18082.0 87.64977599999999
18087.9 87.647776
18093.8 87.644776
18099.6 87.641776
18105.5 87.63677599999998
18111.3 87.63177599999999
18117.2 87.62677599999999
18123.0 87.62077599999999
18128.9 87.61477599999999
18134.8 87.60877599999999
18140.6 87.60177599999999
18146.5 87.59477599999998
18152.3 87.58877599999998
18158.2 87.58277599999998
18164.1 87.57677599999998
18169.9 87.57077599999998
18175.8 87.56577599999999
18181.6 87.56077599999999
18187.5 87.55677599999999
18193.4 87.552776
18199.2 87.549776
18205.1 87.54777599999998
18210.9 87.54577599999999
18216.8 87.54477599999998
18222.7 87.54477599999998
18228.5 87.54477599999998
18234.4 87.54577599999999
18240.2 87.546776
18246.1 87.54877599999999
18252.0 87.549776
18257.8 87.55177599999999
18263.7 87.55377599999998
18269.5 87.555776
18275.4 87.55777599999999
18281.2 87.55977599999999
18287.1 87.561776
18293.0 87.56277599999999
18298.8 87.56277599999999
18304.7 87.56277599999999
18310.5 87.56277599999999
18316.4 87.561776
18322.3 87.55977599999999
18328.1 87.55677599999999
18334.0 87.55377599999998
18339.8 87.55077599999998
18345.7 87.54577599999999
18351.6 87.540776
18357.4 87.53577599999998
18363.3 87.52977599999998
18369.1 87.52377599999998
18375.0 87.516776
18380.9 87.50977599999999
18386.7 87.50277599999998
18392.6 87.49577599999999
18398.4 87.48977599999999
18404.3 87.48277599999999
18410.2 87.47677599999999
18416.0 87.47077599999999
18421.9 87.46477599999999
18427.7 87.45977599999999
18433.6 87.45477599999998
18439.5 87.45177599999998
18445.3 87.44777599999999
18451.2 87.44577599999998
18457.0 87.44377599999999
18462.9 87.44177599999999
18468.8 87.44077599999999
18474.6 87.44077599999999
18480.5 87.44077599999999
18486.3 87.44177599999999
18492.2 87.44277599999998
18498.0 87.44377599999999
18503.9 87.44577599999998
18509.8 87.44677599999999
18515.6 87.44777599999999
18521.5 87.44977599999999
18527.3 87.45077599999999
18533.2 87.45077599999999
18539.1 87.45177599999998
18544.9 87.45077599999999
18550.8 87.44977599999999
18556.6 87.44877599999998
18562.5 87.44677599999999
18568.4 87.44377599999999
18574.2 87.439776
18580.1 87.43477599999999
18585.9 87.42977599999999
18591.8 87.42377599999999
18597.7 87.41677599999998
18603.5 87.40877599999999
18609.4 87.400776
18615.2 87.39277599999998
18621.1 87.38377599999998
18627.0 87.37377599999999
18632.8 87.36377599999999
18638.7 87.35377599999998
18644.5 87.34377599999999
18650.4 87.33377599999999
18656.2 87.32377599999998
18662.1 87.31377599999999
18668.0 87.30477599999999
18673.8 87.29477599999998
18679.7 87.28577599999998
18685.5 87.27777599999999
18691.4 87.269776
18697.3 87.26177599999998
18703.1 87.25477599999999
18709.0 87.24777599999999
18714.8 87.24177599999999
18720.7 87.23577599999999
18726.6 87.23077599999999
18732.4 87.22577599999998
18738.3 87.22077599999999
18744.1 87.21677599999998
18750.0 87.21177599999999
18755.9 87.20777599999998
18761.7 87.20277599999999
18767.6 87.19777599999999
18773.4 87.19277599999998
18779.3 87.18777599999999
18785.2 87.18177599999999
18791.0 87.17577599999998
18796.9 87.168776
18802.7 87.16077599999998
18808.6 87.15277599999999
18814.5 87.14377599999999
18820.3 87.13377599999998
18826.2 87.12377599999999
18832.0 87.11177599999999
18837.9 87.09977599999999
18843.8 87.08777599999999
18849.6 87.07377599999998
18855.5 87.05977599999999
18861.3 87.04477599999998
18867.2 87.02977599999998
18873.0 87.013776
18878.9 86.99777599999999
18884.8 86.98077599999999
18890.6 86.96477599999999
18896.5 86.94777599999999
18902.3 86.930776
18908.2 86.91477599999999
18914.1 86.897776
18919.9 86.88177599999999
18925.8 86.86577599999998
18931.6 86.84977599999999
18937.5 86.83377599999999
18943.4 86.81877599999999
18949.2 86.80477599999999
18955.1 86.78977599999999
18960.9 86.775776
18966.8 86.76277599999999
18972.7 86.74877599999999
18978.5 86.73577599999999
18984.4 86.72377599999999
18990.2 86.71077599999998
18996.1 86.69777599999999
19002.0 86.68577599999999
19007.8 86.67277599999998
19013.7 86.66077599999998
19019.5 86.647776
19025.4 86.63377599999998
19031.2 86.61977599999999
19037.1 86.60577599999999
19043.0 86.59077599999999
19048.8 86.57577599999999
19054.7 86.55977599999999
19060.5 86.54277599999999
19066.4 86.525776
19072.3 86.50677599999999
19078.1 86.48777599999998
19084.0 86.46877599999999
19089.8 86.44777599999999
19095.7 86.42677599999999
19101.6 86.40477599999998
19107.4 86.38177599999999
19113.3 86.35877599999999
19119.1 86.33477599999999
19125.0 86.31077599999999
19130.9 86.28677599999999
19136.7 86.26177599999998
19142.6 86.23677599999999
19148.4 86.21177599999999
19154.3 86.186776
19160.2 86.16177599999999
19166.0 86.13577599999999
19171.9 86.11077599999999
19177.7 86.08677599999999
19183.6 86.061776
19189.5 86.037776
19195.3 86.013776
19201.2 85.98977599999999
19207.0 85.96577599999999
19212.9 85.94277599999998
19218.8 85.909776
19224.6 85.88777599999999
19230.5 85.86477599999999
19236.3 85.84277599999999
19242.2 85.82077599999998
19248.0 85.799776
19253.9 85.77777599999999
19259.8 85.75577599999998
19265.6 85.73377599999999
19271.5 85.71177599999999
19277.3 85.689776
19283.2 85.677776
19289.1 85.65577599999999
19294.9 85.63277599999999
19300.8 85.60877599999999
19306.6 85.58577599999998
19312.5 85.561776
19318.4 85.537776
19324.2 85.51277599999999
19330.1 85.48777599999998
19335.9 85.46177599999999
19341.8 85.43577599999999
19347.7 85.409776
19353.5 85.38377599999998
19359.4 85.35677599999998
19365.2 85.32977599999998
19371.1 85.302776
19377.0 85.27477599999999
19382.8 85.24777599999999
19388.7 85.21977599999998
19394.5 85.19277599999998
19400.4 85.16477599999999
19406.2 85.13777599999999
19412.1 85.11077599999999
19418.0 85.08377599999999
19423.8 85.05677599999999
19429.7 85.03077599999999
19435.5 85.00377599999999
19441.4 84.97777599999999
19447.3 84.95277599999999
19453.1 84.927776
19459.0 84.90277599999999
19464.8 84.87877599999999
19470.7 84.85477599999999
19476.6 84.83077599999999
19482.4 84.80677599999999
19488.3 84.78377599999999
19494.1 84.76177599999998
19500.0 84.73877599999999
19505.9 84.71677599999998
19511.7 84.69477599999999
19517.6 84.67277599999998
19523.4 84.650776
19529.3 84.62877599999999
19535.2 84.60677599999998
19541.0 84.58477599999999
19546.9 84.56277599999999
19552.7 84.54177599999998
19558.6 84.519776
19564.5 84.49777599999999
19570.3 84.47477599999999
19576.2 84.45277599999999
19582.0 84.430776
19587.9 84.40777599999998
19593.8 84.38477599999999
19599.6 84.36177599999999
19605.5 84.33877599999998
19611.3 84.31577599999999
19617.2 84.29277599999999
19623.0 84.269776
19628.9 84.24577599999999
19634.8 84.22277599999998
19640.6 84.19877599999998
19646.5 84.174776
19652.3 84.15177599999998
19658.2 84.12777599999998
19664.1 84.10477599999999
19669.9 84.08177599999999
19675.8 84.05777599999999
19681.6 84.034776
19687.5 84.01177599999998
19693.4 83.98977599999999
19699.2 83.96677599999998
19705.1 83.94477599999999
19710.9 83.92277599999998
19716.8 83.90177599999998
19722.7 83.87977599999999
19728.5 83.85877599999999
19734.4 83.83777599999999
19740.2 83.81777599999998
19746.1 83.79777599999998
19752.0 83.77777599999999
19757.8 83.75877599999998
19763.7 83.73977599999999
19769.5 83.72077599999999
19775.4 83.70177599999998
19781.2 83.68277599999999
19787.1 83.66477599999999
19793.0 83.64677599999999
19798.8 83.62877599999999
19804.7 83.61077599999999
19810.5 83.59277599999999
19816.4 83.57477599999999
19822.3 83.555776
19828.1 83.537776
19834.0 83.51877599999999
19839.8 83.49977599999998
19845.7 83.48077599999999
19851.6 83.46077599999998
19857.4 83.44077599999999
19863.3 83.41977599999998
19869.1 83.397776
19875.0 83.37617599999999
19880.9 83.35337599999998
19886.7 83.32987599999998
19892.6 83.30567599999999
19898.4 83.28057599999998
19904.3 83.25467599999999
19910.2 83.22797599999998
19916.0 83.200476
19921.9 83.172176
19927.7 83.14297599999999
19933.6 83.11297599999999
19939.5 83.082276
19945.3 83.05087599999999
19951.2 83.01877599999999
19957.0 82.985976
19962.9 82.95277599999999
19968.8 82.91897599999999
19974.6 82.88477599999999
19980.5 82.85037599999998
19986.3 82.815576
19992.2 82.78077599999999
19998.0 82.74587599999998
