CurveFormat = 6;
TDelayRemovedTRF = -0.00183333333333333;
SourceDesc = 'Fundamental + Minimal phase';
%[Hz]    dB-[V]    [deg]
Curve = [
19.04296875	64.2661195219878	106.851175981826
19.775390625	65.9649066778412	112.41111458474
20.5078125	67.6780966814724	114.34454697103
21.240234375	69.2296559415492	113.690015022681
21.97265625	70.5646571343456	111.389949147953
22.705078125	71.6803965422319	108.112895233173
23.4375	72.5929596637576	104.322231633105
24.169921875	73.3245110271736	100.341541428129
24.90234375	73.8992716668203	96.4095989839081
25.634765625	74.3427403842509	92.7030022578676
26.3671875	74.6818771705171	89.3512435619547
27.099609375	74.9451355242472	86.4345983637028
27.83203125	75.1616341693204	83.9810996426252
28.564453125	75.3590534187429	81.9590658986858
29.296875	75.5603834439701	80.2799216285856
30.029296875	75.7804469152406	78.8110214334733
30.76171875	76.0236862854851	77.4036078338984
31.494140625	76.2844012440804	75.9241661984386
32.2265625	76.5494381730944	74.2811206782961
32.958984375	76.8021586458254	72.4364774421784
33.69140625	77.026224290732	70.4044221222866
34.423828125	77.2083026291339	68.2403681914818
35.15625	77.3395610944926	66.0276863355013
35.888671875	77.416269529977	63.864786929728
36.62109375	77.4399090501716	61.8543539659114
37.353515625	77.4170456849043	60.0936574089049
38.0859375	77.3590211736227	58.6650829791887
38.818359375	77.2813228318361	57.6260278174531
39.55078125	77.2023765135564	56.998534299097
40.283203125	77.141539784533	56.7610378545497
41.015625	77.1163383103299	56.8456444694194
41.748046875	77.1394592538792	57.145005868423
42.48046875	77.2164318326177	57.529067575687
43.212890625	77.3448936275316	57.8683069969534
43.9453125	77.5157243808731	58.0554113703982
45.41015625	77.9293620443093	57.7297553168865
46.142578125	78.1432706018019	57.1913463209604
46.875	78.3456387693201	56.4366696295234
47.607421875	78.5280554077391	55.5162178123422
48.33984375	78.6855433490334	54.4898726038266
49.8046875	78.9225099854418	52.3647656868053
50.537109375	79.0078779477344	51.3729253559936
51.26953125	79.0790976769042	50.4778382932398
52.734375	79.2100675656673	49.011555546425
53.466796875	79.2839842873988	48.403320359618
54.19921875	79.3693834226024	47.8243312335184
55.6640625	79.5719892817841	46.5579320589094
56.396484375	79.6797341741475	45.7954230082381
57.12890625	79.7821665285555	44.9285410427998
58.59375	79.9431902164426	42.9627013588361
59.326171875	79.9930770282791	41.9482844955905
60.791015625	80.0337493498518	40.1177697996108
61.5234375	80.0352458822008	39.3872479985756
62.98828125	80.0426204388351	38.3638425102894
64.453125	80.1072815846603	37.7329899954468
65.185546875	80.1696578509069	37.4306134220033
66.650390625	80.3393069844329	36.5908086995512
68.115234375	80.5234074446065	35.2908285755971
68.84765625	80.6045060120161	34.4872020796128
70.3125	80.7272606264715	32.712915545035
71.77734375	80.796890663978	30.9031469709797
73.2421875	80.8270993480693	29.1869095553708
73.974609375	80.8317943021265	28.3735721179485
75.439453125	80.8241328782093	26.833025390195
76.904296875	80.7948839146757	25.4236864082252
78.369140625	80.7490438534067	24.1929503368472
79.833984375	80.6992605102027	23.1656681356027
81.298828125	80.6586569681058	22.2949388343584
82.763671875	80.6300914818165	21.4897916378786
84.228515625	80.6053225008171	20.6965423348029
85.693359375	80.5759753442042	19.9404036773708
87.158203125	80.543954974744	19.2791421786088
89.35546875	80.5131027779898	18.4649959069657
90.8203125	80.5102910289899	17.9409193901923
92.28515625	80.5131045402813	17.3688238961827
93.75	80.5125417417981	16.7707583707537
95.947265625	80.5078442917742	15.9238019762187
97.412109375	80.5113340907763	15.3760243260063
98.876953125	80.5181999049792	14.7736748856521
101.07421875	80.5083790696514	13.7607458526654
102.5390625	80.4786131271728	13.1322494474671
104.736328125	80.4151898509082	12.3680440604967
106.201171875	80.3986600878331	12.1349575416863
108.3984375	80.3820971112841	11.6742009439902
110.595703125	80.3707928234068	11.2193933176949
112.79296875	80.3689187949195	10.8719817554082
114.2578125	80.3833436088623	10.6675309711728
116.455078125	80.4239651309256	10.2783744432689
118.65234375	80.4703040531431	9.79243636242944
120.849609375	80.5258611582362	9.26141063723192
123.046875	80.5937367161543	8.57317497248396
125.244140625	80.6459823342392	7.67191411909397
127.44140625	80.6654852769547	6.74634521281246
129.638671875	80.6738352397745	5.92775119087389
131.8359375	80.6860697010208	5.11571342273236
134.765625	80.6849763695526	3.97740500835654
136.962890625	80.6703802251268	3.20771725116971
139.16015625	80.6596987212385	2.51101644053168
142.08984375	80.6538834000373	1.59307142768507
144.287109375	80.6540422487836	0.883707141617117
147.216796875	80.6521040458544	-0.144451121553549
149.4140625	80.6422691150421	-0.928377654805457
152.34375	80.6345178372646	-1.99699005726572
155.2734375	80.6098768755416	-3.27579603803962
157.470703125	80.5581394974135	-4.19643606778034
160.400390625	80.4941420965056	-5.24820414310159
163.330078125	80.4247582422763	-6.52001657972548
166.259765625	80.2833451655909	-7.66644335447087
169.189453125	80.1554061121419	-8.37657346486242
172.119140625	80.0450820357752	-9.23873840738904
175.048828125	79.8886345837962	-9.95545533173998
178.7109375	79.7319434228127	-10.5353424214885
181.640625	79.5913244438012	-11.1391765546475
185.302734375	79.4005510057027	-11.4675725512973
188.232421875	79.2748166828097	-11.7196852996087
191.89453125	79.09909927277	-11.8967116353414
194.82421875	78.9812717331486	-11.9731100057278
198.486328125	78.8063708400103	-12.0930173250562
202.1484375	78.6284175041977	-11.9403053915227
205.810546875	78.433635883022	-11.5562564827475
209.47265625	78.276370380735	-10.739373740197
213.134765625	78.1323864565282	-9.77818924114719
216.796875	78.051730166451	-8.22460595330331
220.458984375	78.0863428089172	-6.68397343208459
224.853515625	78.2652277051703	-5.22881661757745
228.515625	78.4406221951463	-4.82718833526472
232.91015625	78.6492580286944	-4.65103166389744
236.572265625	78.8222278557144	-5.01681319899654
240.966796875	78.993615081274	-5.93570657580373
245.361328125	79.0666610709893	-7.17632637341682
249.755859375	79.0808788998136	-8.37901130895481
254.150390625	79.0284783167967	-9.39539568054935
258.544921875	78.9217025321501	-10.3323121252978
262.939453125	78.7727930035889	-10.2669895844883
268.06640625	78.7623151384323	-10.1201856761216
272.4609375	78.7417927736458	-10.307759699935
277.587890625	78.7025386081458	-10.4259981133325
281.982421875	78.6645825307875	-10.4754059830679
287.109375	78.6313899034754	-10.2450931356445
292.236328125	78.6222166235269	-9.89522872680221
297.36328125	78.6590433966499	-9.39814254108338
302.490234375	78.7769334221262	-8.8339334132195
308.349609375	78.976734284849	-8.74741233777702
313.4765625	79.2216339069824	-9.25279133570623
319.3359375	79.4429171650377	-10.7621665751422
324.462890625	79.5040183383578	-12.697459679917
330.322265625	79.4657837674123	-14.482999892215
336.181640625	79.3365220002011	-16.0966257035367
342.041015625	79.15634496908	-16.6067243914911
348.6328125	79.0852397849991	-16.3857156076899
354.4921875	79.2020596705812	-16.6502697980659
361.083984375	79.2546375365606	-17.8861943896914
366.943359375	79.2980900204353	-19.2388680921813
373.53515625	79.2225413403126	-21.5264581631072
380.126953125	78.9504458230214	-23.1541768040843
386.71875	78.618190028945	-23.3597877538272
394.04296875	78.4739152627832	-22.5689822790089
400.634765625	78.4547965047648	-22.5274184237111
407.958984375	78.464699732614	-23.0470108133976
415.283203125	78.3419506173529	-24.2319269321719
422.607421875	78.1043670386468	-24.7674314646165
429.931640625	77.8648049196259	-24.4419197654212
437.255859375	77.7158184729048	-23.5514067152283
445.3125	77.6654427593509	-22.3681915640944
452.63671875	77.7128765132592	-21.7004842145893
460.693359375	77.7764177179159	-21.5137923237792
468.75	77.793537293672	-21.525264865661
477.5390625	77.7554140730047	-21.3969451118552
485.595703125	77.7887717454667	-20.1580830421114
494.384765625	78.0118593736649	-19.5939719087664
503.173828125	78.2631951718657	-19.9650735300478
511.962890625	78.4540406763194	-20.9870699973154
520.751953125	78.5689619086036	-22.0528420440596
529.541015625	78.7141788272469	-23.1054273550885
539.0625	78.8217630382232	-23.9843880841097
548.583984375	79.0451923554611	-26.5031977070405
558.10546875	78.9955875434696	-28.9791468917075
568.359375	79.1008563969809	-30.4579884404078
577.880859375	79.0684013893442	-34.167028403857
588.134765625	78.7590934453456	-37.1902426617495
598.388671875	78.3457160341354	-38.8412846625998
609.375	78.0528084834909	-39.3374169489842
619.62890625	77.8429511941776	-40.3416933617922
630.615234375	77.534899484924	-40.7001860408702
641.6015625	77.3941246311551	-40.8777086154587
653.3203125	77.3007623670948	-41.3541443561077
665.0390625	77.2036584389966	-43.2473755215528
676.025390625	76.9353259254806	-44.2655246963845
688.4765625	76.5636194163268	-45.8292784071372
700.1953125	76.1599172491397	-46.281427532171
712.646484375	75.8179467861504	-45.486179692692
725.09765625	75.6634757212275	-45.4463925211538
738.28125	75.3830086335654	-46.6499346755242
750.732421875	74.8177278634696	-46.896790588501
763.916015625	74.3158300779685	-44.6905885650081
777.83203125	74.0760282072987	-42.1301210110765
791.015625	73.9126819585329	-38.6904410774838
804.931640625	74.0305030639446	-38.3355708013103
818.84765625	74.1123981204095	-36.8605500095517
833.49609375	74.0242127230648	-36.4520864856021
848.14453125	73.9169235485296	-34.9889867716214
862.79296875	73.9696545891021	-32.6819572654697
878.173828125	74.4504237397706	-30.5963545810844
893.5546875	75.0060971606662	-33.9567401450506
909.66796875	74.6120035154545	-37.9297164338552
925.048828125	74.2200903523538	-36.7846510549867
941.89453125	74.149317178224	-36.7210383852021
958.0078125	74.1515025286797	-36.3275085494695
974.853515625	74.0223915967964	-37.3961233056489
991.69921875	73.6440884275704	-38.1275831090189
1009.27734375	73.1549967582515	-34.0130015359823
1026.85546875	73.8156374982262	-31.6630178042512
1045.166015625	73.8954595998503	-31.8323662164209
1063.4765625	74.0044391917991	-32.9204308679494
1081.787109375	73.8811982650418	-31.2556918198409
1100.830078125	74.4931801410028	-30.9467485824936
1120.60546875	74.8316006415235	-34.5607563689108
1140.380859375	74.7416230544817	-38.8395720266734
1160.15625	74.2772874101224	-41.04259722422
1180.6640625	74.2434978378075	-40.3926834207494
1201.171875	74.0871755690503	-46.0252209021688
1222.412109375	73.1697892278779	-46.5753388685908
1243.65234375	72.2967103286092	-46.4048756630884
1265.625	71.7714776553504	-39.2892159699028
1287.59765625	72.3013445130102	-36.2557881023264
1310.302734375	72.384299103537	-37.4398874093493
1333.0078125	72.3902760862297	-37.1935464587311
1356.4453125	72.3448109478856	-36.1111116262325
1379.8828125	72.5679555227073	-36.5257411299739
1404.78515625	72.1707119406897	-40.1205203193631
1428.955078125	71.8639574320188	-37.5088996387285
1453.857421875	71.6475070659461	-37.6887399149306
1479.4921875	71.3243550536101	-35.9991078365943
1505.859375	71.1927266318944	-32.5282826878736
1532.2265625	71.7309006256241	-32.8251772500979
1558.59375	71.1108502291334	-32.0371154032827
1585.693359375	71.3832425703509	-29.6313799620777
1613.525390625	71.5419495380373	-32.5004368870626
1642.08984375	70.7456285479991	-28.7740475640567
1670.654296875	71.1236403026346	-23.5418866827826
1699.951171875	71.6628971514977	-26.0587291368597
1729.98046875	71.2641922434797	-20.8195370728301
1760.009765625	72.3608157080651	-20.5772831533185
1790.771484375	72.3456475051954	-24.3828016996148
1822.265625	72.3844672209593	-21.3647111710964
1854.4921875	72.9908271180242	-26.4236426804399
1886.71875	72.2522797030609	-25.3723648666832
1919.677734375	72.7561559231361	-22.4540201787728
1953.369140625	72.9416869151119	-22.5621399041403
1987.79296875	73.4773566992049	-25.6838646376886
2022.216796875	73.9380950913526	-29.7061075709232
2058.10546875	73.4667754180365	-32.1697165282338
2093.994140625	73.082269868591	-33.3947662345222
2130.615234375	73.5281889663819	-31.2713977620032
2167.96875	73.5472254640524	-35.6386190396441
2206.0546875	72.7901836819448	-37.1690059078764
2244.873046875	73.0215116652963	-35.9140613435357
2283.69140625	72.6028682057905	-36.7678492279397
2323.974609375	72.874354567709	-37.741621244111
2364.2578125	72.3223605266108	-40.2785570996032
2406.005859375	72.4409874129378	-37.8405908020085
2447.75390625	71.8395169620073	-35.036730468461
2490.966796875	72.2545071567298	-33.4495037256657
2534.1796875	72.7298388060362	-33.0593982023711
2578.857421875	73.4717096760536	-34.6743629646997
2624.267578125	73.4681083228665	-39.0919318865267
2669.677734375	73.0191126708148	-41.0569133821792
2716.552734375	73.3025966860702	-41.9091986461221
2764.16015625	72.972760069105	-43.7969057707544
2812.5	73.3347968014602	-46.0966621105289
2861.572265625	73.3401099760177	-48.2214045727808
2912.109375	73.4294310525555	-55.7890832014462
2962.646484375	72.8567650132624	-57.9938690126957
3014.6484375	71.2742424226817	-62.2753865496598
3067.3828125	71.3195387889097	-61.7827285897646
3120.849609375	70.2696887861527	-52.8073697532396
3175.78125	70.2557164902773	-56.011343769398
3231.4453125	70.2770703372671	-58.1042417823147
3287.841796875	69.15912535944	-51.8481410178026
3345.703125	69.4560575507744	-51.5285176113705
3404.296875	70.1263245754289	-48.5339692090023
3463.623046875	69.5134164897292	-51.5635217588017
3524.4140625	69.1534481263687	-54.0098274913842
3585.9375	69.5177264960563	-49.2618447432786
3648.193359375	69.1874697087374	-50.2088044466158
3712.646484375	69.0382302182285	-56.1050775966274
3777.099609375	67.8851123729133	-50.7256718157408
3843.75	67.9594434752771	-47.3715610803156
3910.400390625	66.7504585039723	-50.0844062134586
3979.248046875	67.0554378591367	-38.9721961013285
4048.828125	67.4476520349477	-37.0945940090024
4119.873046875	68.1116481985284	-35.9489483095034
4191.650390625	68.1006974917855	-34.5126385767712
4264.892578125	69.3254708886501	-33.1066605687863
4339.599609375	69.8656272739587	-37.6755496611553
4415.771484375	69.5302980447875	-37.0757624238674
4492.67578125	69.4359708890785	-36.7265964073998
4571.044921875	70.0123757562912	-39.4603325265902
4651.611328125	69.5080323347474	-46.3196235383598
4732.91015625	68.6844930798594	-40.5466907934799
4815.673828125	69.7268161412287	-38.0655858307867
4899.90234375	69.0470068029149	-43.1268142447422
4985.595703125	69.4158253104436	-36.4424628859412
5072.75390625	69.8124087529734	-38.2558293429026
5161.376953125	70.2767641404189	-41.0699422315064
5251.46484375	69.969349572597	-42.3681024205542
5343.75	70.5320236347562	-45.4579399918667
5436.767578125	70.2245212851935	-48.2304328532534
5531.982421875	69.6920825116788	-53.0740664624187
5628.662109375	68.9201731833573	-50.0079610594549
5727.5390625	68.942313435385	-48.7502483474408
5827.1484375	68.6805259808291	-47.5754118176771
5929.6875	69.22362077806	-41.5096045256648
6032.958984375	69.8260538960338	-47.5954242238738
6138.427734375	69.588893092454	-47.2937265174335
6246.09375	70.5444377636388	-48.5846161382799
6355.224609375	69.8452480871374	-56.2749581809773
6466.552734375	69.7142338733414	-56.0435815642839
6579.345703125	69.5763787576388	-56.0600513486429
6694.3359375	69.1565178128626	-53.9898392918135
6811.5234375	69.867386737441	-54.1974110239953
6930.908203125	70.0431566666686	-56.7987358742469
7051.7578125	70.1777897959175	-63.1103427957259
7175.537109375	70.0107818057167	-68.2671594289542
7300.78125	69.063904368265	-72.7619163732898
7428.22265625	68.3865834357385	-71.3662084398442
7558.59375	67.9337978656851	-73.2228328584475
7690.4296875	67.4697081349134	-70.8717816398208
7825.1953125	67.1731125900597	-73.1462619057585
7962.158203125	66.8682138498699	-72.0722735265677
8101.318359375	66.6537995833675	-72.3403657724212
8242.67578125	66.0675591926945	-69.6103997376994
8386.962890625	65.6195724058471	-67.2134971917022
8533.447265625	64.6506281445492	-60.8822454164401
8682.861328125	64.7651472246935	-54.8803355132154
8834.47265625	65.0112967851065	-44.9479743526621
8989.013671875	66.2239070184779	-43.24941542706
9146.484375	67.4715241640369	-40.1295953943033
9306.15234375	67.5806070852852	-44.3665133939388
9468.75	69.0486896623367	-46.3212680378572
9634.27734375	69.8275178509882	-50.7586801468994
9802.734375	70.2075428869486	-61.4379557081064
9974.12109375	70.2070565870207	-67.229343655716
10149.169921875	69.6954359936212	-69.9429846729623
10326.416015625	69.8186849074534	-73.2612556616102
10506.591796875	70.3342628146509	-77.2464732935827
10690.4296875	70.0212672023381	-82.0665804256994
10877.9296875	68.9582784732913	-87.6937258691794
11067.626953125	68.6404913484121	-88.2905960162092
11260.986328125	68.7764332020461	-90.0053058410362
11458.0078125	68.5978928157852	-94.1167615431175
11658.69140625	68.231831648499	-95.5839336601313
11862.3046875	67.9485522655985	-95.9842454234242
12069.580078125	68.1992235719512	-99.5589121511281
12281.25	68.2866855973951	-103.285960793141
12495.849609375	68.3549903173121	-108.679671258377
12714.111328125	67.7647766807146	-116.468063340097
12936.767578125	67.398116063182	-122.996432197271
13162.353515625	67.0627373586763	-129.070498572397
13393.06640625	66.542847515791	-138.20588278792
13626.708984375	65.1048285395258	-148.6123212024
13865.478515625	63.4672331693306	-156.607398214094
14107.91015625	61.1239462858283	-167.371456084483
14354.00390625	56.117413360511	-166.594765026495
14605.224609375	54.7609052079422	-138.089576685684
14860.83984375	55.2881178501335	-132.517574867714
15120.1171875	55.3652790959257	-140.049287519148
15384.521484375	52.541313433886	-141.525651916985
15654.052734375	51.0741644935506	-118.871018471704
15927.24609375	51.8757030225821	-116.601485906758
16205.56640625	51.5373563468204	-123.375490747757
16489.013671875	47.731592608676	-140.482036003025
16777.587890625	32.7748180797684	-62.2976366571573
17070.556640625	46.9300014307705	-30.0617729432229
17369.384765625	50.4707640222501	-38.3243154401374
17673.33984375	48.69138103477	-42.1807161614569
17981.689453125	52.8298086797951	-4.80793815298175
18296.630859375	56.3312101956915	-14.6380470011395
18615.966796875	60.1122997668036	-31.9845412843469
18941.89453125	58.8674865739601	-50.7357479294307
19272.94921875	58.3257105831221	-51.1439426388686
19609.86328125	59.1840053125572	-49.6138063225736
19952.63671875	60.4106554562982	-55.6356108598163
20301.26953125	60.7643724937444	-70.6078097291395
20656.494140625	58.7709943407794	-75.0147075618063
21017.578125	58.6696666593282	-72.8801481695292
21385.25390625	58.4425139407869	-73.7953933984474
21758.7890625	58.5362326413831	-73.6120562292234
22138.916015625	59.5650603841607	-78.8723297035747
22526.3671875	59.140568736063	-85.5841166536529
22920.41015625	58.8905457595234	-93.3151167552888
23321.044921875	57.7771699632029	-100.569130000649
23728.271484375	56.0652462545519	-102.240059605259
24143.5546875	54.7330640989694	-94.8837551747756
24565.4296875	56.0024142774148	-86.6516458721342
24994.62890625	56.9796943272394	-93.9373589801432
25431.884765625	56.4733715889053	-105.189842603061
25876.46484375	55.0914258421121	-107.065140564183
26329.1015625	54.8830678770674	-106.673701006235
26789.0625	54.9294442702102	-113.940565401928
27257.8125	53.1222227131017	-124.250465702895
27733.88671875	50.4183931988231	-128.721639640086
28218.75	48.8042043699505	-113.928086128712
28712.40234375	46.783996367445	-112.698051726736
29214.111328125	47.9990341232569	-83.9256305118271
29724.609375	49.6514848784165	-91.7808343711662
30244.62890625	50.5526185913945	-94.7228699985302
30773.4375	50.5216168009902	-110.525417622863
31311.03515625	49.2860020301881	-124.06796033306
31858.88671875	46.1568429389462	-138.052345988982
32415.52734375	41.2020808926273	-136.680055706952
32982.421875	35.9870734984199	-114.252149010985
33558.837890625	38.8621636050822	-60.861923449648
34145.5078125	41.1809738707096	-70.2841757865258
34742.431640625	39.5748466574522	-90.4530553593648
35349.609375	36.6452764787871	-49.0250967989269
35967.7734375	38.6009792295415	-50.4986077849949
36596.19140625	38.1665745793098	-49.4406260584404
37236.328125	36.88036057147	-12.1642035131547
37887.451171875	40.8862241885953	-17.355603582575
38549.560546875	40.0022685206643	-11.640316908333
39223.388671875	42.4995488324776	-9.56233935292796
39908.935546875	41.815993022521	-5.79189284778268
40606.93359375	43.5356272831253	-11.2222929272679
41316.650390625	43.5308206591207	-12.4265679569686
42038.818359375	43.5322724448609	-12.0800866075958
42773.4375	43.531546134541	-11.1890559460038
43521.240234375	43.5346873564036	-9.89101566855155];

Data_Format = 'LeveldB_Phase';
Data_Domain = 'Frequency';
Data_AbscUnit = 'Hz';
Data_BaseUnit = 'V';
Data_xScale = 1;
Data_vScale = 1;
