CurveFormat = 6;
TDelayRemovedTRF = -0.00183333333333333;
SourceDesc = 'Fundamental + Minimal phase';
%[Hz]    dB-[V]    [deg]
Curve = [
19.04296875	65.0875361578478	103.26449209478
19.775390625	66.7106750536452	108.604095090885
20.5078125	68.3573104276313	110.578146676065
21.240234375	69.8613933853193	110.095817585459
21.97265625	71.1664139672307	108.019786367178
22.705078125	72.2662641603915	104.982202672996
23.4375	73.174394495677	101.42889107207
24.169921875	73.9113102512322	97.6745408414215
24.90234375	74.5002449569694	93.9504744539496
25.634765625	74.9660165922044	90.4256120175368
26.3671875	75.3348492856255	87.2199894301153
27.099609375	75.6340612574904	84.4034698719338
27.83203125	75.8909760072144	81.9944158279148
28.564453125	76.1307791861209	79.9553509403912
29.296875	76.3735863466076	78.1990858388547
30.029296875	76.6316308076024	76.6028432960055
30.76171875	76.9077949513692	75.0346277490404
31.494140625	77.1962770365485	73.3795541371829
32.2265625	77.4851793563432	71.5615064370893
32.958984375	77.7599652892442	69.5508359107983
33.69140625	78.0066270522441	67.3623696390729
34.423828125	78.213902442701	65.044954129726
35.15625	78.3744655935627	62.6701922642493
35.888671875	78.4853493218052	60.3206233217815
36.62109375	78.5479084363841	58.0807363907184
37.353515625	78.5675297331596	56.0283438994957
38.0859375	78.5531525912573	54.2277356328201
38.818359375	78.5165502256763	52.7224323784644
39.55078125	78.4712722254437	51.5296113563807
40.283203125	78.431192063001	50.6358491646257
41.015625	78.4087492157988	49.9973310387528
41.748046875	78.413181492248	49.5446337836057
42.48046875	78.4491931816856	49.1932668798012
43.212890625	78.5164646527178	48.8568766872371
43.9453125	78.6101476591006	48.4606724596478
45.41015625	78.8427409160282	47.2996385646218
46.142578125	78.962175993359	46.5041504213589
46.875	79.0718737869157	45.5835334675495
47.607421875	79.1652850886124	44.5731915440818
48.33984375	79.2383857884861	43.5191318899469
49.8046875	79.3214412917524	41.4813171334895
50.537109375	79.3371293710303	40.5893577156701
51.26953125	79.3433358981756	39.82534710553
52.734375	79.3583005545727	38.7034579692106
53.466796875	79.3815612222712	38.30359001074
54.19921875	79.4215523131506	37.9531172378382
55.6640625	79.5499554178567	37.1883840975422
56.396484375	79.6290944931827	36.6906450992114
57.12890625	79.7085761460729	36.0926643447186
58.59375	79.8406241099761	34.6632614317166
59.326171875	79.8846082745048	33.9091483749182
60.791015625	79.9310570892388	32.5581899224711
61.5234375	79.943972064733	32.0325014347375
62.98828125	79.9876668695803	31.3072100252404
64.453125	80.0962284447165	30.7885468787527
65.185546875	80.1786044360969	30.4735494535041
66.650390625	80.3769559699224	29.5093093111647
68.115234375	80.5715759445744	28.0208353533411
68.84765625	80.6517792704945	27.1204347010767
70.3125	80.7637665538036	25.1725097775001
71.77734375	80.8152652429269	23.2284106735509
73.2421875	80.8245141680243	21.4163917468727
73.974609375	80.8186500404519	20.5660429671188
75.439453125	80.7905521298961	18.9626829290719
76.904296875	80.7412583100023	17.4930180625259
78.369140625	80.6738272778747	16.1998071190741
79.833984375	80.59929526291	15.1193512117307
81.298828125	80.5317041883899	14.2243087020365
82.763671875	80.4776538414136	13.431783354323
84.228515625	80.4327519494042	12.6706353457401
85.693359375	80.3889391066434	11.9314296988502
87.158203125	80.3437993748113	11.2468781556195
89.35546875	80.2832959755158	10.348887624461
90.8203125	80.2521338485816	9.7952819899028
92.28515625	80.2253753975373	9.24852591916649
93.75	80.2004941531086	8.71746198680082
95.947265625	80.1724497054351	7.95883977471811
97.412109375	80.162527741119	7.42074219082411
98.876953125	80.1508382681644	6.80230547090876
101.07421875	80.1015442494264	5.80097795848131
102.5390625	80.043659159882	5.23961475199571
104.736328125	79.9429763733745	4.66460116641857
106.201171875	79.9151664390544	4.50660686146998
108.3984375	79.8758609490605	4.16983013092216
110.595703125	79.8366364024268	3.85889140407974
112.79296875	79.8105009803273	3.73660934726339
114.2578125	79.817547261167	3.70459685507871
116.455078125	79.8586053038906	3.52728355537902
118.65234375	79.9052755738291	3.18178549043232
120.849609375	79.9561018967067	2.80724103541219
123.046875	80.0281420712485	2.32334338410077
125.244140625	80.100200660504	1.56637282833774
127.44140625	80.1379920998346	0.645221396746698
129.638671875	80.1445027878629	-0.220223054612629
131.8359375	80.140119780812	-0.985969305853902
134.765625	80.1253715151014	-1.89474800273313
136.962890625	80.1145788056268	-2.45831774499111
139.16015625	80.1161094925718	-2.95265003812576
142.08984375	80.1412353801306	-3.60906056125237
144.287109375	80.178336979264	-4.17239936228565
147.216796875	80.2344877273929	-5.16692837595826
149.4140625	80.2592259998667	-6.04621066155722
152.34375	80.2742751787291	-7.24793747581121
155.2734375	80.2685488973496	-8.55120788670789
157.470703125	80.2386659747271	-9.49637864354871
160.400390625	80.1987147846421	-10.6348147816347
163.330078125	80.1463219953556	-11.9486320040322
166.259765625	80.024746008888	-13.1078698308085
169.189453125	79.9136493215353	-13.7720761072842
172.119140625	79.836433805036	-14.4664545277651
175.048828125	79.7408081924364	-15.0491919387036
178.7109375	79.6780635547177	-15.5560336075093
181.640625	79.6369821246523	-16.1711538357403
185.302734375	79.5944485114788	-16.7771570527907
188.232421875	79.5942481099837	-17.4895379183831
191.89453125	79.5606185944078	-18.6012754847496
194.82421875	79.5284923014323	-19.5767986789352
198.486328125	79.4413113683292	-20.9760618309398
202.1484375	79.3128781066349	-22.3134019669627
205.810546875	79.1116587205204	-23.5820761435073
209.47265625	78.8730177641768	-24.2478925544885
213.134765625	78.6366837811802	-24.5163751466721
216.796875	78.4318893462207	-24.1331685099498
220.458984375	78.3190680585283	-23.5295265264373
224.853515625	78.2946998964434	-22.7494697724323
228.515625	78.355956276866	-22.6008529325823
232.91015625	78.4389239927632	-22.919425415707
236.572265625	78.4960758508438	-23.5946520601288
240.966796875	78.5451601625765	-24.548410370102
245.361328125	78.5790400180509	-25.9009226132838
249.755859375	78.5707811460117	-27.5835562477332
254.150390625	78.4511548376774	-29.4535565890121
258.544921875	78.2764927644585	-30.7450567686009
262.939453125	78.1306941314243	-31.8151406245492
268.06640625	77.9777904085785	-33.2899462341317
272.4609375	77.7782456054466	-34.8616773530494
277.587890625	77.4507773285802	-36.1961347538713
281.982421875	77.1512796937957	-36.9820846284645
287.109375	76.805424974984	-37.4016864543826
292.236328125	76.4649122374805	-37.5047614303711
297.36328125	76.1492073200749	-37.4520335781278
302.490234375	75.8125506501789	-36.9237938669377
308.349609375	75.4847787146436	-35.8016731352704
313.4765625	75.282810410203	-34.334094228485
319.3359375	75.2032267360487	-33.1940417741727
324.462890625	75.1223779795511	-32.7616999325553
330.322265625	75.0142731787192	-32.0842609903822
336.181640625	74.8962305927605	-32.1737880378833
342.041015625	74.6156574109814	-31.2905631211984
348.6328125	74.6217304755821	-29.7305151212748
354.4921875	74.5081768291978	-30.0951152457261
361.083984375	74.1644090899697	-29.1837792547512
366.943359375	73.9535123542294	-26.4048017165152
373.53515625	74.1543960997887	-24.0782811063726
380.126953125	74.1981933900784	-23.0207373770447
386.71875	74.2891563666902	-20.8962887416362
394.04296875	74.6292244351105	-18.9404845803228
400.634765625	75.0727050742533	-18.8096258613438
407.958984375	75.4242148342136	-19.6604477312248
415.283203125	75.7387340101421	-21.2725078973309
422.607421875	75.9252378657996	-23.4415862073181
429.931640625	76.001570004045	-25.7760174861727
437.255859375	75.9793951672083	-28.0675641172589
445.3125	75.8343226497352	-30.072467769065
452.63671875	75.6801265244303	-31.0414268883309
460.693359375	75.645801243817	-31.5394825820791
468.75	75.7152187934736	-32.685055211213
477.5390625	75.8048235137882	-34.6388376983014
485.595703125	75.8345726915301	-36.8939080563565
494.384765625	75.9045291328566	-40.2925854250602
503.173828125	75.8070901953059	-45.1386339595537
511.962890625	75.3472306093102	-50.4850823162623
520.751953125	74.6064885006231	-53.8161258079172
529.541015625	74.0188844911937	-55.8224234702662
539.0625	73.3830781545916	-59.6553454202114
548.583984375	72.4047245747768	-63.6029840245676
558.10546875	70.9411278705204	-67.0362887111957
568.359375	68.445388377656	-61.5917681290921
577.880859375	67.9370403979006	-52.4197687557186
588.134765625	67.3757094831179	-46.215796563488
598.388671875	67.2080858492978	-39.0647193690811
609.375	67.2939984020463	-34.3371151058157
619.62890625	67.3196488189436	-31.1252879224408
630.615234375	67.2824849543932	-28.6348875136989
641.6015625	67.2667389532816	-26.8344772648605
653.3203125	67.0096345541383	-25.5560725727951
665.0390625	66.6639171217313	-23.9983369115872
676.025390625	66.1541291358644	-22.306973569598
688.4765625	65.1863060211372	-19.599320973987
700.1953125	64.2418033539508	-10.0645952997849
712.646484375	64.6096324654654	1.08960123036179
725.09765625	64.8833234753957	6.75875926645704
738.28125	65.1638799854369	14.6430523607171
750.732421875	65.6656516739964	20.7993547953209
763.916015625	66.1352489047423	29.1535579739526
777.83203125	67.7244850989545	38.402560956838
791.015625	69.3009856165095	40.7749985436991
804.931640625	71.5577341890862	35.1628455273234
818.84765625	71.7709841317643	25.9966010715005
833.49609375	71.3246322171549	24.2452678617619
848.14453125	71.6260432091927	25.9331189790471
862.79296875	72.0620172757147	24.2063589488294
878.173828125	72.1853706333463	22.1904957288079
893.5546875	71.9692517926711	19.8953769701854
909.66796875	71.3474444391321	22.5142597501227
925.048828125	71.4142131813741	29.3913301027629
941.89453125	72.5916754605191	33.8143701108701
958.0078125	73.265404877183	33.2740866769511
974.853515625	73.9209385257274	33.3198171721574
991.69921875	74.5489858789814	32.1810326907568
1009.27734375	74.9326443169566	31.6516968042541
1026.85546875	75.9556162793397	34.0918237010956
1045.166015625	77.0713182365592	26.4041174431386
1063.4765625	77.2519493181567	18.7252199618121
1081.787109375	76.8970900300592	14.557041470753
1100.830078125	76.8117987765279	13.6243447726865
1120.60546875	77.0298739566978	10.9420702621343
1140.380859375	76.9317165133925	6.66712537974985
1160.15625	76.4185029856208	4.21174473408248
1180.6640625	76.0863251979968	5.4671273756721
1201.171875	76.1496645088091	5.34496177592133
1222.412109375	76.1010634912922	4.58155106515956
1243.65234375	75.5857168420256	5.02664760759849
1265.625	76.3178953189637	12.0874840490457
1287.59765625	77.1818983972383	7.62462307247695
1310.302734375	76.9338700940703	2.9014841441857
1333.0078125	76.803229104374	4.08411852356246
1356.4453125	77.4620027083489	3.07627517483892
1379.8828125	77.3754162922481	-2.00976403872609
1404.78515625	77.1798070940852	-2.88812019414805
1428.955078125	77.2119656012527	-2.7723442217544
1453.857421875	77.552396543045	-7.45166390708271
1479.4921875	76.6467988839942	-9.08681969592229
1505.859375	77.2112690146677	-6.83965629370233
1532.2265625	77.0080139308302	-11.7543258402719
1558.59375	76.439692401681	-12.6291895085325
1585.693359375	76.5851162473344	-7.85713807114657
1613.525390625	76.9414238674747	-16.1302292270847
1642.08984375	75.4922413623805	-13.9043126919105
1670.654296875	76.3639572608079	-8.64641946288525
1699.951171875	76.5727249358517	-16.8121741650196
1729.98046875	74.8523247370874	-11.9504305913166
1760.009765625	76.405276792091	-6.59016421098412
1790.771484375	76.2722381042352	-15.2687298678836
1822.265625	75.6899307150923	-8.27641330546549
1854.4921875	77.2112013834707	-12.0135602643724
1886.71875	75.9119774547646	-17.6860742700649
1919.677734375	76.55391050777	-10.255998588138
1953.369140625	76.7542674964722	-18.7400052821277
1987.79296875	75.9413156205366	-13.7890065491793
2022.216796875	77.3703549761728	-15.4094419751561
2058.10546875	76.635463326428	-19.189851114599
2093.994140625	77.1885096965166	-22.1643932298492
2130.615234375	76.7065998008758	-22.0250772872531
2167.96875	77.3984064802743	-26.8416387881475
2206.0546875	76.3668765729874	-27.5600727473336
2244.873046875	76.913561676017	-30.0223915267927
2283.69140625	75.3034579858592	-38.4703650290697
2323.974609375	75.822617807997	-29.7343297827477
2364.2578125	74.4923158841383	-37.7695992977275
2406.005859375	74.6832945824025	-27.8425985226885
2447.75390625	74.0611819218921	-35.6149978289236
2490.966796875	73.690527352551	-21.8327771042964
2534.1796875	73.5554618426022	-28.981790133072
2578.857421875	74.2640956153832	-14.2917282111152
2624.267578125	75.2220278214885	-21.5584756003185
2669.677734375	75.982269525415	-15.4970609009599
2716.552734375	75.8358139641122	-26.2864228210077
2764.16015625	76.3849545147557	-26.0398094452271
2812.5	76.0384867122782	-33.8079195959637
2861.572265625	75.7493648736936	-35.0188497510776
2912.109375	75.4346180952196	-39.4777224385382
2962.646484375	74.6343334151036	-33.9247418948926
3014.6484375	74.8940236461135	-38.2276948750555
3067.3828125	75.4507195331438	-40.831565342213
3120.849609375	74.5777465221741	-45.0976740413494
3175.78125	73.2442591762585	-49.9421642762696
3231.4453125	72.6083421451229	-45.0889556623164
3287.841796875	72.7866726907287	-42.1644697215382
3345.703125	72.8397907436835	-38.9537357748384
3404.296875	72.1584379954771	-38.9760011533854
3463.623046875	72.6356508265778	-38.3963715194177
3524.4140625	72.2392399986638	-35.3323090262324
3585.9375	71.8485115865791	-39.6773679980787
3648.193359375	72.102830537605	-40.5219370746236
3712.646484375	73.1445246567503	-35.9841309492599
3777.099609375	71.5438781245851	-35.1116017771498
3843.75	71.2375341005152	-36.7795633264782
3910.400390625	71.0612828384302	-35.9386678444997
3979.248046875	70.9908216550764	-31.9245082172402
4048.828125	70.5103018981385	-32.79350477981
4119.873046875	70.3454024627745	-35.0935059963452
4191.650390625	71.3274689249064	-31.204400477771
4264.892578125	71.3861102879973	-24.1826617913919
4339.599609375	70.938197275475	-18.7743844652013
4415.771484375	70.7636215976354	-21.4719962354208
4492.67578125	70.8877971202333	-21.1862752856033
4571.044921875	71.9577627604757	-29.2087750634132
4651.611328125	72.1392956433498	-31.5704667217543
4732.91015625	71.5915860222656	-26.115095727743
4815.673828125	72.2018560011383	-17.5296205938238
4899.90234375	71.8992131379889	-18.9619724879086
4985.595703125	72.1380511572728	-17.070129263635
5072.75390625	72.4483931076476	-16.7733601326386
5161.376953125	72.1791806584165	-21.1428912526806
5251.46484375	72.7155202924539	-21.0350972793614
5343.75	72.6541721905483	-27.4005266382967
5436.767578125	72.0501495019381	-31.4419229835248
5531.982421875	71.198350099421	-24.0346712303049
5628.662109375	72.2020690996801	-18.3470324340295
5727.5390625	73.0420758620537	-23.4761449823198
5827.1484375	73.1177083757913	-26.5320681663118
5929.6875	72.6363120242037	-27.1559180726079
6032.958984375	73.4956009611594	-25.4923594967308
6138.427734375	73.6871250036053	-32.3615474358558
6246.09375	72.6054979378059	-33.2595597314023
6355.224609375	73.4041906027045	-26.3779114241349
6466.552734375	73.8542676198211	-35.5210223747318
6579.345703125	72.875419495676	-33.4491016130522
6694.3359375	73.3960855661411	-36.5325872526448
6811.5234375	72.915731269583	-28.1974417813827
6930.908203125	74.830447006411	-33.6933325836823
7051.7578125	73.8569104702377	-42.9178727131659
7175.537109375	73.4293432506574	-42.8539463097819
7300.78125	73.4697637116256	-46.1806153142856
7428.22265625	72.6925350882731	-50.9415587741736
7558.59375	73.1616379992179	-40.5138398298213
7690.4296875	73.5307718179917	-49.0618977347002
7825.1953125	72.6409543273293	-49.8495201090233
7962.158203125	72.3895234220784	-48.0843766776935
8101.318359375	71.1560642299024	-49.5499338786965
8242.67578125	71.1837034490802	-47.1179174854118
8386.962890625	71.3018545355913	-41.7205872977764
8533.447265625	71.4650639924017	-36.8093059572584
8682.861328125	71.9798929762839	-37.6601489186437
8834.47265625	73.3160672405438	-34.3420326224397
8989.013671875	73.2973353326677	-38.0679209619418
9146.484375	73.5383509707845	-41.5453260252702
9306.15234375	73.7315810242172	-42.1169909334285
9468.75	74.7152101140723	-39.3963234303708
9634.27734375	74.860988590987	-42.3646748056008
9802.734375	76.024984836436	-47.720232924312
9974.12109375	75.7858221057653	-54.3499331958057
10149.169921875	75.95565420294	-58.507086932474
10326.416015625	76.2642743709852	-63.5639275547684
10506.591796875	76.6486217718498	-69.078187696201
10690.4296875	77.1403756974998	-75.908671931399
10877.9296875	76.2440703409057	-86.6233783888832
11067.626953125	75.8313078933687	-90.4249394562678
11260.986328125	75.1490492854138	-99.1067894834458
11458.0078125	74.1843165327883	-100.394834096033
11658.69140625	72.8282794204732	-110.265601821219
11862.3046875	71.7799029497924	-107.329678902909
12069.580078125	71.3509802134064	-103.710812337274
12281.25	70.5940437477777	-103.774865543049
12495.849609375	70.7509714482085	-107.241276290286
12714.111328125	69.5388219841647	-107.759354012326
12936.767578125	68.9163514200453	-104.711232436268
13162.353515625	69.0384116699804	-106.601586551001
13393.06640625	68.9083447110856	-105.805463046024
13626.708984375	68.4269024811159	-109.369878088552
13865.478515625	68.6242915582764	-112.752769221502
14107.91015625	68.1501607798354	-116.364925586594
14354.00390625	67.6846882848442	-120.197632928161
14605.224609375	65.9772279202449	-120.714441985703
14860.83984375	63.9743405359295	-126.770387502323
15120.1171875	62.4441279967998	-121.096337445103
15384.521484375	62.7360828931765	-113.328889591622
15654.052734375	61.4089137980196	-110.384056165577
15927.24609375	61.326753320288	-99.4983638063624
16205.56640625	62.1120805246563	-94.628002500177
16489.013671875	63.0862796484588	-84.8528998034589
16777.587890625	63.0495334145309	-89.53415176071
17070.556640625	64.2959808927371	-92.3981782721273
17369.384765625	65.3475137406143	-101.541316380786
17673.33984375	64.5881079479104	-106.205919454275
17981.689453125	64.3703983772122	-106.315149358632
18296.630859375	64.7077340263017	-115.081732068358
18615.966796875	64.855705855902	-129.258338022894
18941.89453125	62.937882734493	-137.648561619215
19272.94921875	61.6626644455926	-147.838921333847
19609.86328125	57.1005713671745	-147.447876175877
19952.63671875	54.322244335206	-143.294726182033
20301.26953125	39.2901369561784	-20.283616776914
20656.494140625	56.0090352017259	-61.4375450000086
21017.578125	57.1805883224195	-73.3347664007437
21385.25390625	59.4335692418484	-85.7919003924844
21758.7890625	57.4210920062461	-105.289803301625
22138.916015625	56.5089721083542	-97.729335455086
22526.3671875	54.1682142229599	-100.427218827947
22920.41015625	53.3504907446644	-84.6502107699082
23321.044921875	53.5361055417156	-74.1395263753214
23728.271484375	55.7459362612331	-64.9177653485053
24143.5546875	58.412646000408	-79.4758101852884
24565.4296875	56.7723567236575	-104.896717772259
24994.62890625	52.8208000919657	-110.147424014632
25431.884765625	50.755416811484	-77.8104794077882
25876.46484375	53.0702738984057	-72.1587594573449
26329.1015625	53.9292699360801	-77.6122309463697
26789.0625	52.1954752275836	-82.6103209873882
27257.8125	53.0788478256826	-62.4256275136144
27733.88671875	55.3159293619893	-86.7878940628582
28218.75	51.5367762040558	-108.101971223489
28712.40234375	45.8093515017222	-45.8511675089935
29214.111328125	51.8060178568729	-70.7812095640876
29724.609375	50.7496330312708	-67.8094693572189
30244.62890625	50.9365692883095	-75.5355093630476
30773.4375	48.6394679664799	-84.4997071687181
31311.03515625	45.790058337252	-85.8990591125645
31858.88671875	38.1542461259966	-62.4520538509486
32415.52734375	43.2977278057859	1.58823776710478
32982.421875	47.5008622761239	3.00986512529474
33558.837890625	50.8655989331236	4.10709100454567
34145.5078125	52.2786517407681	-8.95119857048414
34742.431640625	53.3333240327802	-15.4715331315729
35349.609375	52.9834707178632	-24.5097856865345
35967.7734375	52.524199676647	-30.4848680873037
36596.19140625	50.7839369106193	-29.2902343013646
37236.328125	52.1040368716678	-15.1100417574591
37887.451171875	53.4333457694364	-25.7744065813492
38549.560546875	53.3458221561647	-35.779865820142
39223.388671875	51.3384417746214	-46.2192126538514
39908.935546875	48.0952901720613	-26.7374018967964
40606.93359375	49.577188273848	-23.9001466344845
41316.650390625	49.576436855353	-20.8437818295273
42038.818359375	49.5762379687193	-17.9930751905855
42773.4375	49.5770078294432	-15.4004242349605
43521.240234375	49.5770854201635	-12.9352101181249];

Data_Format = 'LeveldB_Phase';
Data_Domain = 'Frequency';
Data_AbscUnit = 'Hz';
Data_BaseUnit = 'V';
Data_xScale = 1;
Data_vScale = 1;
