CurveFormat = 6;
TDelayRemovedTRF = -0.00183333333333333;
SourceDesc = 'Fundamental + Excess phase';
%[Hz]    dB-[V]    [deg]
Curve = [
19.04296875	64.2175495456794	-60.406758071598
19.775390625	65.9278476375064	-64.2295690336208
20.5078125	67.6481368059219	-68.0600067538569
21.240234375	69.2039541019454	-71.8958429851955
21.97265625	70.541654808272	-75.7419052321983
22.705078125	71.6592208940146	-79.5963808832679
23.4375	72.5730469495802	-83.4612659785141
24.169921875	73.3054084152177	-87.3345380019877
24.90234375	73.8805378462675	-91.2162860902337
25.634765625	74.323901728678	-95.1040135923026
26.3671875	74.6624229694172	-98.9964577432533
27.099609375	74.924548886792	-102.890623001536
27.83203125	75.1394566642044	-106.784277958993
28.564453125	75.3349715828734	-110.674021661349
29.296875	75.5343080929272	-114.556964505867
30.029296875	75.7525455635225	-118.4294533352
30.76171875	75.9943420154127	-122.28821539947
31.494140625	76.2541076074059	-126.129525374645
32.2265625	76.5186728268586	-129.949976112347
32.958984375	76.7712821419213	-133.745953395225
33.69140625	76.995427477525	-137.51413483352
34.423828125	77.1775998701406	-141.251185046894
35.15625	77.3088133933007	-144.954048644221
35.888671875	77.3852215787866	-148.619807064194
36.62109375	77.40822958092	-152.245810726631
37.353515625	77.3843652441227	-155.829657226544
38.0859375	77.3249632756351	-159.369195094694
38.818359375	77.245523684817	-162.862595503121
39.55078125	77.1644871088612	-166.308252096444
40.283203125	77.1012053111106	-169.704926953875
41.015625	77.0731567293359	-173.05156562803
41.748046875	77.0929328923531	-176.347504017776
42.48046875	77.1659357255181	-179.59221392051
43.212890625	77.289681930073	177.214438534647
43.9453125	77.4549795339246	174.072504485107
45.41015625	77.8551980720915	167.941510234427
46.142578125	78.0614521731976	164.951355730163
46.875	78.2557662423347	162.010481250148
47.607421875	78.4299173496578	159.117831569553
48.33984375	78.5791008022014	156.27243193527
49.8046875	78.7998660463122	150.718288881039
50.537109375	78.8774971138914	148.006879564449
51.26953125	78.9412624192558	145.337431960348
52.734375	79.0581142597142	140.118181865148
53.466796875	79.1253070430397	137.565292680478
54.19921875	79.2041666715617	135.048225009608
55.6640625	79.3941725104254	130.114973984696
56.396484375	79.495823332426	127.695644001021
57.12890625	79.592261742571	125.305866592405
58.59375	79.7413861110734	120.608609321708
59.326171875	79.7852257542678	118.298167607056
60.791015625	79.8132573610221	113.746691870447
61.5234375	79.8080892760321	111.502944088658
62.98828125	79.8016297082717	107.072850405623
64.453125	79.8525800366746	102.711447681738
65.185546875	79.908473257534	100.553695197796
66.650390625	80.0661059894537	96.2792281293127
68.115234375	80.2388504003537	92.0533843470784
68.84765625	80.3141273540731	89.9567284397813
70.3125	80.4242513319927	85.7923080029639
71.77734375	80.4796337149198	81.6626374853138
73.2421875	80.4944882500066	77.5639378998416
73.974609375	80.4914037017461	75.5252485214527
75.439453125	80.4684461628523	71.4680901248606
76.904296875	80.4242325307013	67.4367500010226
78.369140625	80.3631089827866	63.4307921771596
79.833984375	80.2970920948606	59.4506320772471
81.298828125	80.2393967477877	55.4974692254185
82.763671875	80.1936139893659	51.573209201744
84.228515625	80.1521778945959	47.6803759442689
85.693359375	80.1069471277567	43.8220159380263
87.158203125	80.0600057722617	40.0015962544104
89.35546875	80.0100971319636	34.3504903753158
90.8203125	79.9978893015794	30.6418933160813
92.28515625	79.9936304505433	26.9851520168984
93.75	79.9869275622797	23.3843230514097
95.947265625	79.9725962681816	18.0963717423064
97.412109375	79.9701122369316	14.6519643932106
98.876953125	79.9727788050807	11.2760724089321
101.07421875	79.9594524108391	6.34692929760695
102.5390625	79.9264444701561	3.15398706785871
104.736328125	79.8511900891365	-2.24314990241992
106.201171875	79.8284833807153	-4.4764689513951
108.3984375	79.8012557755015	-8.82623947872088
110.595703125	79.7807689993245	-12.9972241627783
112.79296875	79.7667162792419	-16.9909436190021
114.2578125	79.7712061287577	-19.5564164666066
116.455078125	79.7966490545611	-23.262420656548
118.65234375	79.8279047563102	-26.8028585761868
120.849609375	79.8683085645942	-30.1842226482325
123.046875	79.9242689713108	-33.4139746792313
125.244140625	79.9691985583085	-36.4999518513524
127.44140625	79.9829919361333	-39.4505183317248
129.638671875	79.987526793518	-42.2740118280796
131.8359375	80.0015005876807	-44.9789600641315
134.765625	80.0086825572842	-48.415365401195
136.962890625	80.0005319684599	-50.8754112591565
139.16015625	79.9967898107185	-53.2435176676117
142.08984375	79.9971493668423	-56.270255326271
144.287109375	79.9990369029617	-58.4509010365566
147.216796875	80.0084469156327	-61.2508751927957
149.4140625	80.0122778537099	-63.2773164007704
152.34375	80.0154019462736	-65.8904084648544
155.2734375	80.0033468266211	-68.4112401772945
157.470703125	79.9647031722587	-70.2465007332639
160.400390625	79.9111581902853	-72.6255710669598
163.330078125	79.8571840495287	-74.9323414133915
166.259765625	79.7363776721037	-77.1714513702472
169.189453125	79.6137297363765	-79.3463408485667
172.119140625	79.5121993518212	-81.45939605991
175.048828125	79.3696419536486	-83.512105117693
178.7109375	79.2224842094131	-85.9942486879052
181.640625	79.0986972805037	-87.9130658683602
185.302734375	78.9206960395853	-90.2274527289188
188.232421875	78.8047354738462	-92.0110276520522
191.89453125	78.6379576709658	-94.1545549647506
194.82421875	78.5179658791654	-95.7999087607462
198.486328125	78.3300249982197	-97.7692240426358
202.1484375	78.1104637394098	-99.6415707796304
205.810546875	77.8246654898308	-101.417628113039
209.47265625	77.5206584062777	-103.099313416333
213.134765625	77.1851135721718	-104.689249837252
216.796875	76.8041997130516	-106.191329786335
220.458984375	76.4628422732162	-107.610054558786
224.853515625	76.1699179912069	-109.210363775793
228.515625	76.068300348143	-110.466057983032
232.91015625	76.0614243373712	-111.889328226573
236.572265625	76.1612067997064	-113.013974360578
240.966796875	76.3069189154312	-114.300596413157
245.361328125	76.3772914551977	-115.52991823927
249.755859375	76.3727410933214	-116.713474969572
254.150390625	76.3152444630809	-117.861856448772
258.544921875	76.3034938866868	-118.984388289161
262.939453125	76.0442090092742	-120.088871622261
268.06640625	75.7923534529806	-121.362685635835
272.4609375	75.5071783807537	-122.446484733705
277.587890625	75.1821088568412	-123.704437494585
281.982421875	74.9435459121779	-124.777340314752
287.109375	74.7206759429968	-126.020494509755
292.236328125	74.5435892693164	-127.249402024533
297.36328125	74.3874286049788	-128.45728781029
302.490234375	74.3368681531864	-129.635782366164
308.349609375	74.4160821819728	-130.935874827301
313.4765625	74.6767504986084	-132.098630942256
319.3359375	75.0312313445407	-133.198901284237
324.462890625	75.3160680394818	-134.165173900943
330.322265625	75.6021789455323	-135.193812084662
336.181640625	75.6990874808025	-136.142155863245
342.041015625	75.7057567215326	-137.014587887855
348.6328125	75.6310364553616	-137.915510406065
354.4921875	75.6594610282946	-138.657256494761
361.083984375	75.5989352753455	-139.442616567475
366.943359375	75.7214207848982	-140.112881875524
373.53515625	76.0871150415873	-140.853804212251
380.126953125	76.5155590712681	-141.598083809441
386.71875	76.7924428657747	-142.359592699437
394.04296875	76.6041839000623	-143.23668901664
400.634765625	76.1599650055122	-144.056882952601
407.958984375	75.8320866882737	-144.997706254982
415.283203125	75.3841712236266	-145.956948179342
422.607421875	74.7443934580737	-146.915391505719
429.931640625	73.9400353912937	-147.850401780709
437.255859375	73.112448597549	-148.739264263474
445.3125	72.3609376714914	-149.640537470243
452.63671875	71.9352621366961	-150.3760870034
460.693359375	71.7057579981467	-151.08682853415
468.75	71.6396755615468	-151.699538201791
477.5390625	71.6541548658597	-152.275814904456
485.595703125	71.4364031945779	-152.74705222462
494.384765625	71.1853179787538	-153.235699965176
503.173828125	71.200840906297	-153.736705464916
511.962890625	71.3648416829742	-154.284054033641
520.751953125	71.5591021454904	-154.900157776337
529.541015625	71.7370801831197	-155.592388113111
539.0625	72.0265859419787	-156.416294558495
548.583984375	72.724629541001	-157.286868213224
558.10546875	73.0781852184663	-158.160134647365
568.359375	73.4846710840736	-159.049132005982
577.880859375	73.4990599366152	-159.784411860428
588.134765625	73.3528414800623	-160.451761325432
598.388671875	73.2221485489061	-160.987804426338
609.375	72.9466419887675	-161.444224291458
619.62890625	72.5195019879491	-161.80729848611
630.615234375	71.8481080839993	-162.190906568166
641.6015625	71.3434364185033	-162.62771603524
653.3203125	71.0741617400884	-163.195881154001
665.0390625	70.8945065681844	-163.87773366615
676.025390625	70.6740976568614	-164.591587747464
688.4765625	70.7089690987711	-165.421508462326
700.1953125	70.8444871828501	-166.148548609557
712.646484375	71.0082202341247	-166.79872412613
725.09765625	71.111290884188	-167.297038072085
738.28125	71.0104814796196	-167.6846645929
750.732421875	70.8390940487473	-167.98682276076
763.916015625	70.7213598116285	-168.329432032189
777.83203125	70.9676752712818	-168.802798663499
791.015625	71.3492685637252	-169.392294914303
804.931640625	71.287762002574	-170.133324183651
818.84765625	71.1017039960724	-170.908627618104
833.49609375	70.5256838382267	-171.644724670228
848.14453125	69.5980434131842	-172.21328698872
862.79296875	69.1833754732157	-172.605128513557
878.173828125	69.4415533275056	-172.904567398127
893.5546875	69.9276492486683	-173.219945761489
909.66796875	70.0027676820481	-173.693154822626
925.048828125	70.1604089346488	-174.319842421593
941.89453125	70.7165783290349	-175.144773474495
958.0078125	71.2437610926158	-175.869370348912
974.853515625	71.2796227616917	-176.474289805805
991.69921875	70.9510897982472	-176.868269840663
1009.27734375	70.5587267787568	-177.15640536304
1026.85546875	70.355765897178	-177.502250128916
1045.166015625	69.4550730082321	-178.07509547765
1063.4765625	68.5314348617644	-178.858791871558
1081.787109375	67.6657004585334	-179.680966546353
1100.830078125	67.8971268389713	179.651155469229
1120.60546875	67.7478075643129	179.261896860342
1140.380859375	67.3313897639534	179.046724909158
1160.15625	67.3134664090125	178.729571237586
1180.6640625	67.502680829722	178.095041449518
1201.171875	67.4269350855267	177.221348576404
1222.412109375	66.5530777601468	176.385348583181
1243.65234375	66.2949779030263	175.899875751081
1265.625	65.0712823075707	175.725986842325
1287.59765625	63.5952874315268	175.527026429058
1310.302734375	62.1119875867223	174.931346408621
1333.0078125	63.0469226533798	173.958901241427
1356.4453125	63.6323112585165	172.994868380729
1379.8828125	64.3398286571369	172.472752797714
1404.78515625	65.7174043462652	172.30987624024
1428.955078125	66.1816241459959	172.035912404611
1453.857421875	65.5438899208416	171.281166308192
1479.4921875	65.2950270380042	170.26034468405
1505.859375	65.1799687451354	169.560661127893
1532.2265625	64.4168639902204	169.363297209385
1558.59375	64.2646141028613	169.15791769639
1585.693359375	65.3632593043751	168.440822411688
1613.525390625	65.5362625044169	167.40007963979
1642.08984375	66.1238466892947	166.695209327937
1670.654296875	65.9390020777669	166.47036805868
1699.951171875	65.727348827345	166.121876707174
1729.98046875	66.0425675857351	165.285549465652
1760.009765625	65.2724639220333	164.469384341488
1790.771484375	66.0733061565013	164.138420737269
1822.265625	67.0702236122364	163.898207459222
1854.4921875	67.2286629727543	163.174222215676
1886.71875	66.2172724334803	162.342826319639
1919.677734375	65.209624785464	161.98920659335
1953.369140625	64.6852732799248	161.739515416341
1987.79296875	66.0525170838491	160.967551887838
2022.216796875	66.4589463974107	160.19649131413
2058.10546875	66.2643927933194	159.922904578804
2093.994140625	64.8376273538716	159.534357093621
2130.615234375	64.9674164316989	158.656675983957
2167.96875	63.1902312651138	158.166998832667
2206.0546875	64.2404490833792	158.130576117529
2244.873046875	62.423198300384	157.515617907245
2283.69140625	64.7878928969467	156.714669633265
2323.974609375	62.9491895495081	156.561704238393
2364.2578125	64.1664939124656	156.179907345991
2406.005859375	63.2721474942359	155.278120008097
2447.75390625	64.0315591603604	155.037333990516
2490.966796875	63.640387992913	154.816232610179
2534.1796875	64.4107238866555	154.006525208585
2578.857421875	65.5505523625482	153.719039565279
2624.267578125	66.1888932590792	153.425894603664
2669.677734375	65.6270233336807	152.688990781251
2716.552734375	65.0873055589985	152.590800330327
2764.16015625	64.5742505002959	152.150098044183
2812.5	64.3512637728425	151.503690275304
2861.572265625	63.9054414650844	151.545409107061
2912.109375	63.1092382924228	150.78653309161
2962.646484375	60.8158102787164	150.525915271519
3014.6484375	58.9950374714976	150.416769910162
3067.3828125	57.5509336367609	149.500251476455
3120.849609375	58.0271309210453	149.831837728204
3175.78125	59.9179372833594	149.158607242033
3231.4453125	60.4741465048192	148.819820251684
3287.841796875	56.0238756345089	148.722580896128
3345.703125	56.9406543024783	147.911952637074
3404.296875	59.4113429369308	148.352184699046
3463.623046875	60.8836463928592	147.498133699625
3524.4140625	59.093404159247	147.734777237836
3585.9375	59.3222724400254	146.9505423606
3648.193359375	60.362837009249	146.95778960767
3712.646484375	60.8558700889122	146.471078562927
3777.099609375	59.1855216267915	146.53080587153
3843.75	60.0746797259622	146.109031858861
3910.400390625	59.8414810887153	146.189743428376
3979.248046875	57.7232764607737	145.788237993219
4048.828125	58.8555563087598	145.996335188078
4119.873046875	58.1023771485123	145.453775799631
4191.650390625	57.0468756203813	145.849000631038
4264.892578125	57.1926779120558	145.309347372972
4339.599609375	57.3279399908706	145.661874463301
4415.771484375	55.9266339704711	145.218830541383
4492.67578125	56.3347906576585	145.335252732828
4571.044921875	57.2248536906819	145.426902355319
4651.611328125	57.6419669487025	145.078514301934
4732.91015625	56.4178449529432	145.551796308335
4815.673828125	57.9472714805542	145.05437120029
4899.90234375	57.6356740380362	145.118978635185
4985.595703125	56.6540353480388	145.533035821468
5072.75390625	58.5386955222694	145.099535140072
5161.376953125	58.2508376260337	145.249030779813
5251.46484375	59.2739795942891	145.510161817332
5343.75	60.0093434385815	145.369569360593
5436.767578125	57.9899152718419	145.182929869672
5531.982421875	59.0565834928561	145.640314084104
5628.662109375	57.9753901420058	145.740558354556
5727.5390625	56.3986398496905	145.546613818309
5827.1484375	58.1829227218264	145.655505366387
5929.6875	54.7296165236161	146.135031266218
6032.958984375	58.5085460083816	146.287373385256
6138.427734375	57.0027660141681	146.203960145308
6246.09375	57.9508643769766	146.234303275097
6355.224609375	57.0142502107521	146.807297976466
6466.552734375	56.5281232621979	147.199099139799
6579.345703125	55.7281348240554	147.687735880407
6694.3359375	56.4705250603151	148.085476392789
6811.5234375	55.5473422547548	148.334390473268
6930.908203125	55.0843398595424	148.958823334874
7051.7578125	55.5885930505633	149.554730801858
7175.537109375	55.2974017863721	150.069524648577
7300.78125	53.9430830123486	151.047697559546
7428.22265625	52.9762638235017	151.901764792589
7558.59375	54.0496034893949	152.72588280419
7690.4296875	52.8545075977918	153.510260122397
7825.1953125	53.214741337171	154.635270134886
7962.158203125	54.4386465066568	155.89831106925
8101.318359375	54.8744217151668	156.805783389446
8242.67578125	52.7460324893071	158.156579926638
8386.962890625	50.9921192542402	159.286192916454
8533.447265625	50.4106052485173	160.796458839135
8682.861328125	51.4536316628894	161.894193785551
8834.47265625	51.9922337659319	163.179120791931
8989.013671875	52.018781419682	164.428549692682
9146.484375	52.2949427771181	165.455438972472
9306.15234375	54.7173153919252	166.581107069423
9468.75	54.9255597894963	167.934609961809
9634.27734375	55.7517436674587	169.086935311232
9802.734375	54.959875108802	170.25422060413
9974.12109375	54.775780129978	171.441894019732
10149.169921875	53.7548757944164	172.816862520969
10326.416015625	53.1429277846118	173.980505368291
10506.591796875	54.2439960724053	175.146649362837
10690.4296875	53.3146541584043	176.837077817784
10877.9296875	52.8256067356377	178.186936083847
11067.626953125	52.9038498807084	179.8319799732
11260.986328125	53.185059267555	-178.40495658308
11458.0078125	52.1239740397735	-176.746529928387
11658.69140625	51.473717017688	-175.251925120606
11862.3046875	50.4484430029275	-173.442801944196
12069.580078125	52.4526042441575	-171.607273175183
12281.25	52.2935275715647	-169.360815909153
12495.849609375	53.4954566716364	-167.623845508532
12714.111328125	52.733576917642	-165.696040633963
12936.767578125	52.4080201163214	-163.212524594736
13162.353515625	51.5077186653339	-161.158978322087
13393.06640625	48.2532945454481	-158.841621560553
13626.708984375	46.4172317365227	-156.85583874968
13865.478515625	43.6733739607331	-154.601821877738
14107.91015625	38.1576186543925	-151.932375960446
14354.00390625	38.9986701453082	-150.164182240293
14605.224609375	35.388612895887	-148.048487853697
14860.83984375	39.743387745291	-146.084743533181
15120.1171875	37.8558423009335	-143.39256109607
15384.521484375	36.862809694278	-141.674910263943
15654.052734375	34.9936099858494	-141.109008504014
15927.24609375	34.2827403151117	-139.423230997043
16205.56640625	35.3174686586492	-138.483865023089
16489.013671875	32.3176649755643	-137.402737834188
16777.587890625	37.7122992911134	-139.390833327439
17070.556640625	35.8518072911473	-13.8364409460628
17369.384765625	36.1158223096198	169.995722306399
17673.33984375	30.8502653148036	9.80376788102205
17981.689453125	34.8405870108262	-104.634891637731
18296.630859375	40.3573745177154	-107.669255459056
18615.966796875	41.1022355227417	-109.60828785651
18941.89453125	43.8387875720459	-108.925244869859
19272.94921875	43.2694783077765	-107.442984573737
19609.86328125	43.955948692461	-106.612456711937
19952.63671875	42.2198901746532	-104.697362403358
20301.26953125	44.2845841610158	-104.347388370382
20656.494140625	41.3298539716178	-104.096976086662
21017.578125	39.4197705797551	-103.039262124378
21385.25390625	35.5687301290829	-104.692276621138
21758.7890625	37.5758473505321	-103.720631131929
22138.916015625	39.1679500530585	-104.265371705585
22526.3671875	39.5580522595636	-106.64454477972
22920.41015625	41.3051193729226	-109.204518137502
23321.044921875	40.384819488815	-112.762943963587
23728.271484375	39.5373465392344	-117.189581529719
24143.5546875	38.0694512432523	-121.905714736694
24565.4296875	35.4919955543131	-129.349946267495
24994.62890625	32.5806594399434	-135.560882203726
25431.884765625	28.4879059289767	-168.574539834161
25876.46484375	28.8452130566124	-167.301851053991
26329.1015625	30.230017334118	172.741216376325
26789.0625	29.4998813880648	152.274569707693
27257.8125	25.3554891268757	122.398487292011
27733.88671875	25.367545392041	62.556256173685
28218.75	27.4861388011016	69.6452412246026
28712.40234375	26.7345490636443	51.5780047006088
29214.111328125	28.2977659807287	30.3262704342769
29724.609375	28.7372341252995	11.5399472249686
30244.62890625	27.5816888477055	-4.3615012188336
30773.4375	24.0322559303412	-29.7104454336802
31311.03515625	22.5311001408902	-165.784950677113
31858.88671875	16.7457221700812	66.4219113384736
32415.52734375	16.8586491684611	112.254146583161
32982.421875	19.4377940589935	-98.3558076432567
33558.837890625	19.8770164006233	-131.31266053105
34145.5078125	19.1754091135806	109.260764057526
34742.431640625	15.4170140705992	55.4327429130525
35349.609375	16.2061629616438	168.270388844276
35967.7734375	16.1061073224161	160.424509253746
36596.19140625	17.7243748851135	-6.47966171975898
37236.328125	17.4543160526809	-38.7047143177778
37887.451171875	16.9968661735946	12.9694397577713
38549.560546875	18.0414190586994	79.0626745662825
39223.388671875	18.5566478125995	55.7377150026492
39908.935546875	21.2614290136337	69.1947144093943
40606.93359375	26.5572987389721	-159.432908666549
41316.650390625	26.5678352016506	-154.685114640286
42038.818359375	26.5536064538737	-155.460123666284
42773.4375	26.5709336038182	-158.605259770062
43521.240234375	26.5543743579116	-162.996760914272];

Data_Format = 'LeveldB_Phase';
Data_Domain = 'Frequency';
Data_AbscUnit = 'Hz';
Data_BaseUnit = 'V';
Data_xScale = 1;
Data_vScale = 1;
