CurveFormat = 6;
TDelayRemovedTRF = -0.00183333333333333;
SourceDesc = 'Fundamental + Minimal phase';
%[Hz]    dB-[V]    [deg]
Curve = [
19.04296875	65.084494788543	105.302472134728
19.775390625	66.7080228290334	110.757890363653
20.5078125	68.3558858285482	112.83876851541
21.240234375	69.8612454607952	112.456986697138
21.97265625	71.1673742547027	110.478203418189
22.705078125	72.268162879066	107.536239995954
23.4375	73.1771128633844	104.077950354352
24.169921875	73.914780799198	100.418425359358
24.90234375	74.5044394717398	96.7893092406786
25.634765625	74.9709335913135	93.3595800690967
26.3671875	75.3405046243784	90.2494359371519
27.099609375	75.640483509086	87.5287594832071
27.83203125	75.898207690917	85.2160843291395
28.564453125	76.138883636247	83.2739673529934
29.296875	76.3826573755348	81.6153427790828
30.029296875	76.6417994683643	80.1173245944154
30.76171875	76.9192272089992	78.6478062506486
31.494140625	77.2091594598359	77.0915325877524
32.2265625	77.4996950816851	75.372077049701
32.958984375	77.776265776193	73.4593536223073
33.69140625	78.0248050388944	71.3679689507985
34.423828125	78.233969693485	69.1465684151931
35.15625	78.3963379104423	66.8669002629764
35.888671875	78.5088418794683	64.6117832610163
36.62109375	78.5727463239425	62.4664365205447
37.353515625	78.5933802805568	60.5095975699031
38.0859375	78.5796856504955	58.8068995822561
38.818359375	78.5435276242801	57.403187012016
39.55078125	78.4986562439702	56.3169180757112
40.283203125	78.4592463228685	55.5352154220274
41.015625	78.4380912953998	55.013957941065
41.748046875	78.4447477245101	54.6820851982866
42.48046875	78.4841015636563	54.4526193542983
43.212890625	78.5558045170494	54.2361716975998
43.9453125	78.6547604137711	53.9554623797538
45.41015625	78.8987442418133	53.007491169996
46.142578125	79.0234318116609	52.3109212100239
46.875	79.1376881177223	51.4870753875708
47.607421875	79.2348900128755	50.5742207829395
48.33984375	79.311142314974	49.6213448461969
49.8046875	79.3999772774004	47.805066004254
50.537109375	79.4192639403311	47.0345959442593
51.26953125	79.4302008228839	46.3975273012222
52.734375	79.4591369518824	45.5322501054624
53.466796875	79.4915146744293	45.2539688725142
54.19921875	79.5414737208851	45.0163584319317
55.6640625	79.6897269329149	44.4492712952738
56.396484375	79.777632389053	44.0407294119569
57.12890625	79.8647810435958	43.5307658462999
58.59375	80.0096933373863	42.2888619769821
59.326171875	80.0598341361337	41.6387442257863
60.791015625	80.1208845607586	40.5145731011254
61.5234375	80.1430461024486	40.106089090678
62.98828125	80.2091786271196	39.6035600884503
64.453125	80.3424838845768	39.2760132919607
65.185546875	80.4366992750112	39.0457664602055
66.650390625	80.6563863888097	38.2451573353913
68.115234375	80.8706994814571	36.9319017552893
68.84765625	80.9612609601573	36.1257041268862
70.3125	81.0968742403058	34.3704946348297
71.77734375	81.1761584157217	32.6051714296709
73.2421875	81.214996533366	30.9414499851942
73.974609375	81.2235422898472	30.1540620448958
75.439453125	81.2222938756471	28.6646796393967
76.904296875	81.1978474236298	27.3076067145371
78.369140625	81.1555317282451	26.1299131821063
79.833984375	81.1077077760869	25.1554948794094
81.298828125	81.0670305367998	24.3430265126341
82.763671875	81.0372802447154	23.6115207649494
84.228515625	81.0127985016837	22.9077082408538
85.693359375	80.9871385704885	22.2383657239082
87.158203125	80.9606421754376	21.6352173411951
89.35546875	80.9306373331528	20.8470502663248
90.8203125	80.9187142691626	20.3445830555943
92.28515625	80.9078448570207	19.840096011566
93.75	80.8953719148408	19.3573508656641
95.947265625	80.8819955105614	18.6990780383367
97.412109375	80.880452330091	18.2483701174026
98.876953125	80.8766029649288	17.7373446462849
101.07421875	80.8411214777238	16.9420760648041
102.5390625	80.7963628641663	16.5394798225451
104.736328125	80.725996787772	16.244612510222
106.201171875	80.7127364704228	16.2097199706798
108.3984375	80.7081871712184	16.1443244608503
110.595703125	80.7204369058403	16.0997932811134
112.79296875	80.7592329383455	16.1236246552415
114.2578125	80.8066942233842	16.1086571198061
116.455078125	80.8972082805719	15.9242540684345
118.65234375	80.9924004488389	15.5802764965137
120.849609375	81.0952131193141	15.1187790493676
123.046875	81.2013487185292	14.4382871467474
125.244140625	81.2819575183288	13.5478185378582
127.44140625	81.3279698185137	12.6512912979013
129.638671875	81.3613612204709	11.8428430349518
131.8359375	81.3916794297101	11.0413806896643
134.765625	81.4130448239817	9.98660021387263
136.962890625	81.4217082399856	9.28170096033321
139.16015625	81.4331721250326	8.62131388265605
142.08984375	81.4546979985961	7.78236944490747
144.287109375	81.4837526673647	7.13117151967429
147.216796875	81.5221984790658	6.06625757367368
149.4140625	81.5309848927679	5.20864836504573
152.34375	81.5363666175233	4.08917191656511
155.2734375	81.5235684764119	2.81297153450642
157.470703125	81.4811585959565	1.90317940475843
160.400390625	81.426141530061	0.872247943764753
163.330078125	81.3611520474684	-0.323223586649493
166.259765625	81.229066475817	-1.32486739296247
169.189453125	81.1163497112496	-1.85854415964504
172.119140625	81.030376239957	-2.47966472617991
175.048828125	80.9202264200982	-2.96067102265717
178.7109375	80.8330841370627	-3.379226639553
181.640625	80.7547658947214	-3.88120866919615
185.302734375	80.6583096019581	-4.2331652604232
188.232421875	80.6039042422972	-4.64163864721296
191.89453125	80.5067774244485	-5.12781453093565
194.82421875	80.4400698355277	-5.48216875370252
198.486328125	80.3322010323261	-5.97788792582999
202.1484375	80.2163051560342	-6.3571432083477
205.810546875	80.0610859611904	-6.64790164658686
209.47265625	79.9068120453055	-6.46249701765717
213.134765625	79.774819073723	-6.05047760569961
216.796875	79.690465602323	-5.22786820144148
220.458984375	79.6934415658356	-4.42714756241994
224.853515625	79.773526148116	-3.78086249761772
228.515625	79.8666523466908	-3.6901666935316
232.91015625	79.9780546308389	-3.96641280415882
236.572265625	80.0454590973776	-4.51536644051397
240.966796875	80.104769109425	-5.33671552898763
245.361328125	80.1151559139073	-6.46798588419325
249.755859375	80.0630911877207	-7.69940880736162
254.150390625	79.9045329001253	-8.78885359760851
258.544921875	79.7131559709654	-9.03334045010423
262.939453125	79.5975704717771	-8.91978214234691
268.06640625	79.5113145824444	-8.96584677823463
272.4609375	79.4022594739728	-9.16418005941972
277.587890625	79.2812217748365	-8.88733562867566
281.982421875	79.2053926565234	-8.70199105728732
287.109375	79.1350469032601	-8.51102956983851
292.236328125	79.0325704983694	-8.25085680949043
297.36328125	78.9406997085049	-7.78522624415689
302.490234375	78.8793605493863	-6.95924111247473
308.349609375	78.8819756343794	-6.02228694889755
313.4765625	78.9493409870841	-5.17211458384628
319.3359375	79.1031721400574	-4.87920551985704
324.462890625	79.1980616071938	-5.50836176153516
330.322265625	79.1889916296912	-6.13137145622262
336.181640625	79.0643719251711	-6.79502934552704
342.041015625	78.8713535750647	-5.95444549328105
348.6328125	78.8773458417382	-4.22947466331098
354.4921875	79.0642666961006	-2.76959991590782
361.083984375	79.4105505020671	-2.87791020179477
366.943359375	79.5329139756705	-4.32973917886624
373.53515625	79.4608663452154	-5.25195985465079
380.126953125	79.3728630037614	-4.66723954567626
386.71875	79.541386225746	-3.45384150960657
394.04296875	79.8666684829405	-3.74982179860334
400.634765625	80.0993111579665	-5.19739623681911
407.958984375	80.2008246203647	-6.8099951270973
415.283203125	80.2654389939258	-8.89130894634331
422.607421875	80.1691675827587	-10.7407715404526
429.931640625	80.0231701958114	-11.937371576444
437.255859375	79.8873671285059	-12.7543544796122
445.3125	79.7412341031433	-13.3487623863149
452.63671875	79.6313472365905	-13.5919272937144
460.693359375	79.557923238976	-14.0161202565445
468.75	79.4223459996741	-14.3901068729612
477.5390625	79.3062221994064	-14.4001821637168
485.595703125	79.1999564648958	-14.027770733386
494.384765625	79.2195739474893	-13.8433788945006
503.173828125	79.2238987862415	-14.1489315130946
511.962890625	79.1935598889624	-14.5030175802035
520.751953125	79.200117033501	-14.8662496992273
529.541015625	79.1962660983424	-16.0300695954918
539.0625	78.8088986742631	-17.8000634602759
548.583984375	78.5046688381522	-16.267945111378
558.10546875	78.3104779200447	-14.9408984417075
568.359375	78.4012109468711	-10.7570343529539
577.880859375	78.8516710960203	-11.0811085810744
588.134765625	79.00875082248	-12.2757476826988
598.388671875	79.035717144165	-13.417666390558
609.375	78.9973836556616	-14.0278987415161
619.62890625	78.9514746456032	-14.5493984151943
630.615234375	78.8519783504857	-14.3633922816535
641.6015625	78.9394001485321	-14.2060423274825
653.3203125	78.9280275767154	-14.5313595403311
665.0390625	79.0599147597676	-14.60134912162
676.025390625	79.0304851482468	-15.8070409391041
688.4765625	78.9281432840474	-16.7644759715443
700.1953125	78.8590970100558	-16.3053903010409
712.646484375	78.8872120251776	-16.6708000931438
725.09765625	78.7864188386315	-16.881496259315
738.28125	78.8264016074165	-16.0774157124363
750.732421875	79.0388569423725	-16.9038218594319
763.916015625	78.8915800858234	-18.9820299291286
777.83203125	78.6401615964545	-17.7958781780681
791.015625	78.7149819444947	-16.8145229685878
804.931640625	79.256470879882	-18.1880024175474
818.84765625	78.868932887171	-21.1527172611404
833.49609375	78.6074838055546	-19.6189771392563
848.14453125	78.7960067347788	-19.6314806093667
862.79296875	78.7083157602917	-20.9733338296954
878.173828125	78.5731770742694	-21.1661341480569
893.5546875	78.3451412460653	-21.4691858678369
909.66796875	78.1275308071962	-18.8124306681556
925.048828125	78.4869911142785	-16.6098598231304
941.89453125	79.0546989162914	-17.7174298267219
958.0078125	78.9959145216002	-20.1347123660985
974.853515625	78.9762360924715	-20.4795654730857
991.69921875	79.0829332696368	-20.6945590438092
1009.27734375	79.174253812831	-21.5551991565169
1026.85546875	79.4734686688225	-20.9831009799152
1045.166015625	79.7962142056702	-26.5223187762647
1063.4765625	79.4333380862713	-30.5487260434118
1081.787109375	79.000279194329	-31.153094336435
1100.830078125	78.9292461784475	-30.8903028041158
1120.60546875	78.8728642723051	-33.2144566360775
1140.380859375	78.5260975748044	-35.2367076526282
1160.15625	78.0335966214087	-35.521911975845
1180.6640625	77.9234230517249	-33.8562491954636
1201.171875	77.8224269171097	-35.911766829304
1222.412109375	77.4712545591692	-36.2257835509553
1243.65234375	76.8260454965616	-35.4276028482236
1265.625	77.2391122445541	-29.1453758026498
1287.59765625	77.5651142051603	-33.043989615176
1310.302734375	77.0617952401793	-34.9033916516872
1333.0078125	76.9555460896743	-32.4654411771059
1356.4453125	77.3532238568448	-33.9230200487968
1379.8828125	76.8030038587281	-37.7908366528382
1404.78515625	76.3925838855604	-35.3068634405627
1428.955078125	76.3068373232672	-35.0361925954994
1453.857421875	75.9427526326607	-36.261185177997
1479.4921875	75.5277419675094	-32.083792992306
1505.859375	76.0944102584596	-31.5636343505414
1532.2265625	75.5944294712586	-32.2724562426216
1558.59375	75.4392504385114	-29.9653678758977
1585.693359375	75.7021829498192	-27.2887174041603
1613.525390625	75.3867446798795	-30.784425396423
1642.08984375	75.0514425443327	-24.4278023159437
1670.654296875	75.7235425335783	-23.5166366496607
1699.951171875	75.7304032118877	-24.0369703602491
1729.98046875	75.6488854372215	-20.154495569805
1760.009765625	75.9844133649842	-22.3037635997466
1790.771484375	75.920365473526	-18.191546240883
1822.265625	76.8348667913003	-16.7840287015826
1854.4921875	77.2990769922346	-21.0077660331232
1886.71875	77.2489218222198	-21.7537901430402
1919.677734375	77.6507591958011	-25.0621099758646
1953.369140625	77.4583512657268	-24.5683845992416
1987.79296875	77.9146312476618	-26.3513902209388
2022.216796875	77.9150675473575	-29.6090601092622
2058.10546875	77.9346981262343	-31.9462809927304
2093.994140625	77.6221282108783	-33.6942501534315
2130.615234375	77.739015427992	-32.1693264692394
2167.96875	77.8195802211023	-36.9141240894068
2206.0546875	77.7036180212059	-33.9695627910716
2244.873046875	77.5066111308501	-39.4621818319421
2283.69140625	77.1899322012559	-39.2438847485888
2323.974609375	77.0611492370851	-39.0273890306103
2364.2578125	76.8325512973844	-40.6402455605553
2406.005859375	76.8773249407995	-39.9946304682311
2447.75390625	77.0074303574623	-40.9545129304709
2490.966796875	76.4416487831737	-39.9335606867827
2534.1796875	76.3810869753654	-39.0205816710294
2578.857421875	76.9936117477504	-36.9190688361407
2624.267578125	77.4722844919597	-40.0127016129666
2669.677734375	77.7829951766565	-41.8268256426158
2716.552734375	77.6354760696718	-46.5587192674041
2764.16015625	77.7673924720108	-48.908960401549
2812.5	77.5870698419845	-53.6368037052029
2861.572265625	76.9512343083013	-55.840564283137
2912.109375	76.6224366675429	-56.9172094839574
2962.646484375	75.9545225154488	-57.9946377909392
3014.6484375	76.0559967930529	-57.8166385840624
3067.3828125	75.7176685093824	-59.4404169040142
3120.849609375	75.2842823057266	-61.167954541077
3175.78125	74.5936264237638	-62.5366870198648
3231.4453125	74.005952728418	-57.8087447861473
3287.841796875	74.1068941843212	-54.7640441411246
3345.703125	74.4477683714308	-51.4102361362609
3404.296875	74.5233752531189	-52.7176808269564
3463.623046875	75.1252571648764	-52.7204606513771
3524.4140625	75.2016177227742	-55.722640699437
3585.9375	75.0761667556546	-56.9871453935971
3648.193359375	75.2151921213026	-63.7624685132303
3712.646484375	74.9850305646175	-65.0361820845339
3777.099609375	74.5778793680204	-69.9087155367745
3843.75	73.6338042805585	-71.1914446832996
3910.400390625	73.3251500630808	-67.425316834075
3979.248046875	72.9084028576486	-68.9701185430831
4048.828125	72.0986390480235	-69.593342335597
4119.873046875	71.5750450423997	-69.1367798301783
4191.650390625	72.0135272834682	-64.4541374321032
4264.892578125	71.7325456191287	-63.469701652598
4339.599609375	71.6704927455182	-66.1058075740441
4415.771484375	70.8200026362915	-65.1497772170351
4492.67578125	70.8438200373742	-60.2532468263547
4571.044921875	71.3158192439785	-63.2381365225203
4651.611328125	71.3082802094309	-65.2784791155422
4732.91015625	70.4422098914764	-62.3148057294391
4815.673828125	70.2268812657512	-57.0365013867181
4899.90234375	70.6358064601599	-56.3113928252876
4985.595703125	70.6673570111569	-57.9896884661491
5072.75390625	70.7035007499602	-55.9745956524177
5161.376953125	70.796612295952	-57.6941793615495
5251.46484375	70.8046607129575	-57.1267994008929
5343.75	71.1840972450336	-60.2732206272437
5436.767578125	71.1154045807526	-67.263823438452
5531.982421875	69.8037369803917	-69.3464337469129
5628.662109375	68.8067959757946	-63.9258755478403
5727.5390625	69.2812512770498	-64.0339652899748
5827.1484375	68.9228178541658	-62.6817309479923
5929.6875	68.3968115425309	-57.9938361247859
6032.958984375	69.1277742567882	-56.1945800921978
6138.427734375	69.407576299427	-60.4774917292823
6246.09375	69.0333095630466	-61.3061943271676
6355.224609375	68.8542872950354	-62.2465091437754
6466.552734375	68.1045740799572	-61.2610452603761
6579.345703125	67.8996282023047	-58.3794219964008
6694.3359375	68.3779929362476	-58.1931916226416
6811.5234375	67.7253603265375	-58.0198459486187
6930.908203125	68.8016350639734	-55.0916553773854
7051.7578125	68.7738592996777	-63.04464062478
7175.537109375	67.8791553662113	-64.0082247708456
7300.78125	67.377065384148	-61.5924902452808
7428.22265625	66.6070018143655	-65.9855041217956
7558.59375	65.9407292624806	-58.7247694742558
7690.4296875	66.1815494961923	-58.3127217130672
7825.1953125	65.72576928503	-56.4806681666817
7962.158203125	64.9196567080439	-52.5035693489279
8101.318359375	64.0022881890468	-48.0592132932196
8242.67578125	64.5597957052454	-39.8971498942649
8386.962890625	63.5201881126112	-35.8351369365681
8533.447265625	64.9765302816442	-21.4611283962635
8682.861328125	65.8288383041891	-19.0559302323345
8834.47265625	67.557278345593	-6.4301346778589
8989.013671875	69.0580460515725	-10.6548321903511
9146.484375	70.7111121256757	-10.7782942960402
9306.15234375	71.9133988440171	-16.2134595314043
9468.75	73.1153246464201	-20.95457025963
9634.27734375	73.7233082844666	-29.369152024079
9802.734375	75.105785982199	-36.9667819494024
9974.12109375	74.6611304147343	-48.3101806925759
10149.169921875	74.6804147022511	-55.2455107607778
10326.416015625	74.835242436602	-63.5085411042545
10506.591796875	74.9112202184671	-70.2764582809489
10690.4296875	74.3138937684191	-79.5311245093913
10877.9296875	73.6009556243312	-89.1955836671739
11067.626953125	72.780445407724	-95.2903167852972
11260.986328125	72.2605338124576	-99.1629777012663
11458.0078125	69.9631785986259	-105.39971402956
11658.69140625	68.7133696493272	-107.042255547749
11862.3046875	66.3527176183822	-102.996596934272
12069.580078125	66.9052104382177	-98.1716232696387
12281.25	66.0775570268759	-88.8831484945162
12495.849609375	64.7120799180922	-91.5491117413926
12714.111328125	64.5762606481929	-89.9865735236128
12936.767578125	64.8659160259022	-85.9917771996783
13162.353515625	65.5234424650942	-84.3130163411593
13393.06640625	64.9743239989663	-88.2934963577582
13626.708984375	64.0424984094393	-93.9589228990529
13865.478515625	62.8722795277166	-91.1259040986606
14107.91015625	62.3015483711084	-88.5545490564845
14354.00390625	61.2641645771627	-81.9793759013456
14605.224609375	60.0455066425875	-70.8066155022205
14860.83984375	61.0208309961991	-64.3726955362543
15120.1171875	62.1533178230854	-60.0919939956776
15384.521484375	62.9996247800926	-57.6933812580252
15654.052734375	63.4180898427156	-57.8473445885504
15927.24609375	63.5157118444102	-58.152856379612
16205.56640625	63.2493875913466	-56.590187262685
16489.013671875	63.7233518620603	-54.8054806044949
16777.587890625	64.2678708324099	-49.2179984245661
17070.556640625	65.5390020456502	-47.6843653336377
17369.384765625	66.1559044252121	-49.690071995844
17673.33984375	68.003456499043	-50.2648456313308
17981.689453125	69.78059253627	-57.7738568023263
18296.630859375	70.4609182904828	-70.9133158356256
18615.966796875	70.6379103445999	-82.30992649044
18941.89453125	70.3726797402414	-95.4025749791391
19272.94921875	69.4307509091206	-103.871120285417
19609.86328125	68.7009334889162	-113.117755860691
19952.63671875	67.3829427429555	-121.407669576218
20301.26953125	66.3579928089658	-124.302571865741
20656.494140625	65.2877278742647	-131.065239795284
21017.578125	63.7832952160995	-134.989599505762
21385.25390625	61.5005142971035	-136.554366946408
21758.7890625	60.6226699658577	-128.256319646724
22138.916015625	60.5414324115962	-130.825816565018
22526.3671875	59.5810401861938	-132.146771738528
22920.41015625	59.0300705729775	-125.993073864938
23321.044921875	58.9864569140622	-125.179654551278
23728.271484375	58.9578709755346	-133.012866255565
24143.5546875	57.6087020090524	-146.955678712011
24565.4296875	53.8173578011323	-147.845473714874
24994.62890625	52.7334210163574	-138.954677398887
25431.884765625	50.7088754130136	-136.725065733104
25876.46484375	47.1898959245197	-133.415074850348
26329.1015625	42.1024786932781	-75.1513502447904
26789.0625	51.3984216285338	-42.3031782134911
27257.8125	55.862427804404	-63.1741575332977
27733.88671875	56.1951288681566	-84.2202948069776
28218.75	55.5001975934082	-93.9849410674102
28712.40234375	55.3310088283822	-102.841165703604
29214.111328125	53.1487274452422	-97.4859235387055
29724.609375	54.5712800414832	-104.740553391304
30244.62890625	53.2280980883628	-119.5508773259
30773.4375	50.1715094874368	-127.835728455153
31311.03515625	46.2834890542582	-115.946939803165
31858.88671875	46.2759795029765	-92.673918143626
32415.52734375	47.7032354256902	-83.785604301255
32982.421875	49.2031926374453	-94.0325899418931
33558.837890625	46.5986120007449	-107.526639728965
34145.5078125	42.3957455683006	-106.43814716737
34742.431640625	39.948953022397	-59.3437446284785
35349.609375	44.0449199842894	-44.1446192735234
35967.7734375	46.0156904799552	-49.0219541929771
36596.19140625	46.8591541811213	-48.8569009213497
37236.328125	48.95821130279	-62.5667254422532
37887.451171875	47.383135243793	-88.3329619814776
38549.560546875	39.0881290389176	-113.398677088837
39223.388671875	34.2856319637718	-20.4610455479241
39908.935546875	43.4652654770318	2.19662141121033
40606.93359375	44.2093338731442	-19.0608150189472
41316.650390625	44.2081572327332	-20.8827406047376
42038.818359375	44.2114343796766	-20.0130344587803
42773.4375	44.2087242025783	-18.1309806382014
43521.240234375	44.2076969173847	-15.8588980699215];

Data_Format = 'LeveldB_Phase';
Data_Domain = 'Frequency';
Data_AbscUnit = 'Hz';
Data_BaseUnit = 'V';
Data_xScale = 1;
Data_vScale = 1;
