CurveFormat = 6;
TDelayRemovedTRF = -0.00183333333333333;
SourceDesc = 'Fundamental + Minimal phase';
%[Hz]    dB-[V]    [deg]
Curve = [
19.04296875	65.056862445276	102.826483229533
19.775390625	66.680882427403	108.232331705148
20.5078125	68.3321535699566	110.248927677795
21.240234375	69.8418941180444	109.786442072817
21.97265625	71.1523699788632	107.7138566681
22.705078125	72.2570100600804	104.667875647979
23.4375	73.1690700418089	101.097842203091
24.169921875	73.9089311578226	97.3205312226526
24.90234375	74.4997169216765	93.5695574436234
25.634765625	74.9661554403083	90.0157740076332
26.3671875	75.3344415509301	86.7819657078792
27.099609375	75.6319847798292	83.9405885082775
27.83203125	75.8863785704303	81.5129967095569
28.564453125	76.1232769145581	79.4635088416175
29.296875	76.3634044149823	77.7056207825598
30.029296875	76.6196003906664	76.1147370703344
30.76171875	76.8951701454991	74.5556308326343
31.494140625	77.1844234260456	72.9088199213654
32.2265625	77.4752467087479	71.0943289847807
32.958984375	77.7526465805492	69.0794572059347
33.69140625	78.0020467052554	66.8780937042294
34.423828125	78.2116215847897	64.5393321989223
35.15625	78.3735703714837	62.1368324633079
35.888671875	78.484594106614	59.7557673890453
36.62109375	78.5459002875244	57.4843978577088
37.353515625	78.5629490827297	55.4041287508775
38.0859375	78.5450004287014	53.5830361035977
38.818359375	78.5043924659563	52.0669591933273
39.55078125	78.4554226162788	50.8740153771616
40.283203125	78.412751887912	49.9886988686535
41.015625	78.3894310748663	49.3628960617187
41.748046875	78.3949057138077	48.9204685428258
42.48046875	78.4335458363427	48.5704271395021
43.212890625	78.5041895743931	48.2211850762609
43.9453125	78.6008492052523	47.7965468613537
45.41015625	78.8339588656531	46.5432748814018
46.142578125	78.949689644575	45.6965144526802
46.875	79.0530132037653	44.7311875500475
47.607421875	79.137922998057	43.6887731461499
48.33984375	79.2012556166356	42.619825116329
49.8046875	79.2650801576155	40.6071098560988
50.537109375	79.2731924478961	39.7502824827855
51.26953125	79.2740118483946	39.0297034411509
52.734375	79.2847397517706	37.9929814622424
53.466796875	79.3080429601841	37.6245100752989
54.19921875	79.3483215464073	37.2956549373948
55.6640625	79.4748527129193	36.55563657997
56.396484375	79.551182187922	36.0716298727078
57.12890625	79.6269403363578	35.495717840883
58.59375	79.7517791309469	34.1456748947004
59.326171875	79.7939653135163	33.4476751895667
60.791015625	79.8434125587921	32.221900786392
61.5234375	79.8612924506553	31.7534913825542
62.98828125	79.9192890455614	31.106984265547
64.453125	80.0420093483457	30.6141498813942
65.185546875	80.1296317387035	30.3004913079204
66.650390625	80.3346146253914	29.3429386495839
68.115234375	80.5343633361906	27.8868965803384
68.84765625	80.6182020639824	27.0116631167143
70.3125	80.7413738049536	25.1151679525535
71.77734375	80.8084151075392	23.1995666333116
73.2421875	80.8338626815621	21.3791909537001
73.974609375	80.8351216106533	20.5133634000521
75.439453125	80.8183763698631	18.8709490429424
76.904296875	80.7777741328906	17.3668068328892
78.369140625	80.7189234862635	16.046060096837
79.833984375	80.6539034653426	14.9316548361835
81.298828125	80.5950687864559	13.9848770779656
82.763671875	80.5463795547497	13.1287779995838
84.228515625	80.5027356870081	12.31225276482
85.693359375	80.4582385388947	11.5419611852228
87.158203125	80.4136765990597	10.8487250133458
89.35546875	80.3590783658289	9.94126326329268
90.8203125	80.3328019877455	9.36266695697836
92.28515625	80.3086399347511	8.77881177526025
93.75	80.282925149574	8.21390320247199
95.947265625	80.2492551079994	7.44121932301409
97.412109375	80.2354154645059	6.92511208514522
98.876953125	80.2214172723348	6.34876603083829
101.07421875	80.1723687862251	5.43311637809783
102.5390625	80.1163939880177	4.93976609189817
104.736328125	80.0220517840727	4.5260175035856
106.201171875	80.0003050541493	4.46303153754344
108.3984375	79.9852913198087	4.34167639647324
110.595703125	79.9905507108857	4.20407527003225
112.79296875	80.0185754920484	4.13038925095678
114.2578125	80.0593252466494	4.07338151536359
116.455078125	80.1468797423793	3.83608912478781
118.65234375	80.2442226213133	3.39892650941177
120.849609375	80.346237025348	2.82220510725223
123.046875	80.4522732956757	2.05175052592144
125.244140625	80.5406982940596	1.06581586720816
127.44140625	80.597911813894	0.0161785977957832
129.638671875	80.6381718354484	-0.982716168893976
131.8359375	80.6727431338414	-1.97308604584277
134.765625	80.7006110951017	-3.29884218733777
136.962890625	80.7109023331479	-4.22686281780028
139.16015625	80.7215146519341	-5.09936556493667
142.08984375	80.7440444886059	-6.21262042449271
144.287109375	80.7747069135323	-7.08248395207276
147.216796875	80.8150652854506	-8.45398740673678
149.4140625	80.8242711198125	-9.55805342987419
152.34375	80.826557334188	-11.003529157718
155.2734375	80.8140691154151	-12.5930507724688
157.470703125	80.7737466855871	-13.772969226618
160.400390625	80.7151119051539	-15.1859466335269
163.330078125	80.6474455864186	-16.7508091614399
166.259765625	80.5116803748738	-18.1860694043425
169.189453125	80.383020072476	-19.1432335183819
172.119140625	80.2862788246098	-20.1466449467745
175.048828125	80.1650318705569	-21.0846337123711
178.7109375	80.0496994971838	-22.0418810367434
181.640625	79.9546002231073	-22.9648290674711
185.302734375	79.8300225957837	-23.892490589304
188.232421875	79.7525766123734	-24.7493964893483
191.89453125	79.6242892583138	-25.8597981157622
194.82421875	79.5275997301056	-26.7388931018846
198.486328125	79.3717305309184	-27.967836137855
202.1484375	79.190206272245	-29.0786321906623
205.810546875	78.9559039130086	-30.1893272838706
209.47265625	78.6781435378288	-30.8212359626125
213.134765625	78.3890547115392	-31.0885304942868
216.796875	78.1008326174634	-30.7084485411666
220.458984375	77.8757948141543	-29.7970574676819
224.853515625	77.7483934164106	-28.2334854744746
228.515625	77.7624219154251	-27.2471461681717
232.91015625	77.8551667887707	-26.5308259467203
236.572265625	77.9617274243677	-26.5514573361112
240.966796875	78.0738104751412	-27.0281032194132
245.361328125	78.1646463810089	-28.0185134430364
249.755859375	78.2059031661218	-29.4152464930859
254.150390625	78.1865372360798	-31.1773947718389
258.544921875	78.0178804065683	-33.2945126475064
262.939453125	77.699227453894	-34.3489761626755
268.06640625	77.4327350396873	-34.6476328190141
272.4609375	77.2038739028958	-35.0171593001996
277.587890625	76.9304426781561	-34.7336273037334
281.982421875	76.7546201512065	-34.33036303693
287.109375	76.6041461006056	-33.7876341138954
292.236328125	76.4496763535298	-33.377352618332
297.36328125	76.2976216230879	-32.8050771256903
302.490234375	76.1874550473758	-31.8412183455872
308.349609375	76.1006333180642	-30.9514631336354
313.4765625	76.0549781948952	-29.6619828933633
319.3359375	76.172377474423	-28.6043376314642
324.462890625	76.283080726621	-28.7452821634031
330.322265625	76.2960949385031	-29.0515412982684
336.181640625	76.1803849438275	-29.583992050335
342.041015625	75.9914992324834	-28.3418817909151
348.6328125	76.0371188795503	-26.286530750508
354.4921875	76.2376987518822	-24.6524211989126
361.083984375	76.5918421997676	-23.8108679635832
366.943359375	76.9389630768953	-23.8558704878118
373.53515625	77.3671204483807	-25.1965217844528
380.126953125	77.6201659077955	-27.9464358178845
386.71875	77.5551055043422	-30.2647312536107
394.04296875	77.5506836576263	-30.8574664007706
400.634765625	77.724801410937	-32.2586897262582
407.958984375	77.7928532871312	-34.088948700131
415.283203125	77.8729296167865	-36.6132409367158
422.607421875	77.7539707691698	-39.3373225666894
429.931640625	77.5209677054789	-41.1719261455047
437.255859375	77.3166874030536	-42.1237711594143
445.3125	77.1941146568012	-42.8367992887337
452.63671875	77.1568503248941	-43.4924845556315
460.693359375	77.190553800302	-45.0922666325736
468.75	77.1425580193104	-47.5460646092872
477.5390625	76.8842687110428	-50.7373392649123
485.595703125	76.3863019183067	-52.8485940981026
494.384765625	75.8724177093716	-53.2481421807619
503.173828125	75.4636136398626	-52.9449832596059
511.962890625	75.0817690789972	-52.402318526041
520.751953125	74.7092629251195	-51.0173824504284
529.541015625	74.4885609354779	-47.9759073192618
539.0625	74.6774808666373	-45.6759359775661
548.583984375	75.1091372786917	-45.6479747117359
558.10546875	75.1103868861589	-48.0246313723448
568.359375	75.050213538448	-46.8536085246921
577.880859375	75.3408447429095	-49.4700899114058
588.134765625	75.0230030766156	-53.7727752280233
598.388671875	74.1430015322415	-54.3113818482455
609.375	73.7291165694979	-49.9185822927832
619.62890625	73.9067158773751	-46.9078041016914
630.615234375	74.2528525236291	-46.4137965073363
641.6015625	74.4102364478104	-47.7634121317343
653.3203125	74.2445661114352	-48.6067677868297
665.0390625	74.2172026401061	-47.3203349939033
676.025390625	74.3910763475763	-47.1308189161812
688.4765625	74.5754306682966	-48.5004677447127
700.1953125	74.5743243563448	-49.1714763332506
712.646484375	74.6622404633564	-50.330055196198
725.09765625	74.6178337531718	-51.5830651875555
738.28125	74.5626584803218	-51.94561799644
750.732421875	74.7303147657626	-52.2098921118213
763.916015625	74.9582493537501	-54.7980872176601
777.83203125	74.7373874940541	-58.1594098303388
791.015625	74.253464662504	-58.7135624483528
804.931640625	74.7093465479942	-57.5675441853787
818.84765625	74.6311203397873	-62.6048744457097
833.49609375	74.0143793564877	-64.3188098555915
848.14453125	73.7720018788459	-63.0833113535136
862.79296875	73.8198693745376	-62.8212414356403
878.173828125	74.0435496518731	-64.3916612757728
893.5546875	73.8971454998952	-68.8212075294035
909.66796875	73.1229945259341	-70.3710501961946
925.048828125	72.794887251124	-67.7506836487657
941.89453125	73.172822945459	-67.4304788433027
958.0078125	73.0208156397598	-70.8923487136829
974.853515625	72.6089437710233	-71.9918456302885
991.69921875	72.3091925639406	-71.427187801981
1009.27734375	72.1159473646426	-71.7404572546186
1026.85546875	71.997633846256	-67.7060180802528
1045.166015625	72.528752227728	-70.9766330068242
1063.4765625	72.4625499625098	-73.0613347864526
1081.787109375	72.6383020285147	-74.9267982703538
1100.830078125	72.4967302052239	-79.6054301956095
1120.60546875	72.0423788571823	-83.5449990564023
1140.380859375	71.4261308187402	-85.4492557722637
1160.15625	70.9972626940582	-86.3690731373692
1180.6640625	70.5741021515415	-87.4817820057438
1201.171875	70.2784609064138	-90.0923040734956
1222.412109375	69.3814322264774	-93.2628208351132
1243.65234375	68.0594402069443	-90.9260325400033
1265.625	68.3197706815927	-83.9510682994535
1287.59765625	67.5983909706699	-89.3931129768818
1310.302734375	66.6832177534415	-85.345151570352
1333.0078125	66.3973261891603	-79.9157781816721
1356.4453125	66.625038773395	-76.5737091080172
1379.8828125	66.7222639625211	-78.0589098760537
1404.78515625	65.9349301630056	-74.9847571183558
1428.955078125	66.1920112528515	-73.2188490660483
1453.857421875	65.9568282147168	-72.5710903962389
1479.4921875	65.6046371135865	-66.3059041494453
1505.859375	66.855520045708	-66.8819309335169
1532.2265625	65.8861979095913	-68.3106314406723
1558.59375	66.1361853038579	-63.7417084823377
1585.693359375	66.1930888116327	-63.9529377069757
1613.525390625	65.822088105369	-61.7804599307913
1642.08984375	66.8619338889342	-55.8191216746101
1670.654296875	67.5454109253662	-62.1907173873903
1699.951171875	66.7794080066211	-61.5794536949554
1729.98046875	67.8440984377718	-59.0473072835096
1760.009765625	67.8445715591458	-67.9229404414683
1790.771484375	66.9411580078495	-66.5935706504348
1822.265625	67.62133264295	-63.7863138521068
1854.4921875	67.5759047507826	-69.8759416322967
1886.71875	67.2727946013845	-67.9572033314001
1919.677734375	67.9369442326892	-64.8747616318211
1953.369140625	67.8596686798247	-69.2994387498088
1987.79296875	68.2329938421896	-74.0699832050656
2022.216796875	68.238647072104	-78.7154703279029
2058.10546875	67.7107319895895	-82.147658671887
2093.994140625	66.5468551658524	-82.654062564066
2130.615234375	66.6429767508529	-82.3136315393754
2167.96875	65.8224224924858	-81.3351262472232
2206.0546875	66.0287371963156	-79.1742047041367
2244.873046875	65.3075312266416	-85.5242048390609
2283.69140625	65.0878449540907	-76.9529292992097
2323.974609375	65.5548862861514	-83.429635470008
2364.2578125	65.0379636731712	-78.372456427565
2406.005859375	65.2188222799478	-77.5066201295869
2447.75390625	65.7488383104968	-77.378795617805
2490.966796875	65.2802843342661	-84.7208671684117
2534.1796875	64.6633068989948	-79.8176407959913
2578.857421875	65.062956810612	-77.2686911115928
2624.267578125	64.9414137975718	-76.8753596926092
2669.677734375	65.8395519385013	-75.3986294474021
2716.552734375	66.6199829116049	-81.8166170465734
2764.16015625	65.9630110778589	-86.0670094987058
2812.5	66.5110851397037	-88.3494329135362
2861.572265625	66.0216164607048	-100.030573443378
2912.109375	64.5954595468061	-107.296296226584
2962.646484375	62.7179087170496	-107.915937476884
3014.6484375	61.5167992630909	-93.7529613286433
3067.3828125	61.8997698962677	-91.5032797085549
3120.849609375	62.9387532905544	-90.4012261768198
3175.78125	63.1907477496809	-92.1478998695561
3231.4453125	61.7418482915128	-101.297354764751
3287.841796875	60.0061962142191	-94.0815024829882
3345.703125	61.0250291370513	-77.881946742479
3404.296875	61.8720868986679	-81.3549862511514
3463.623046875	62.6737630126842	-79.8534179171773
3524.4140625	64.0882584120852	-89.6705680130584
3585.9375	61.919730415293	-95.2136224058517
3648.193359375	62.602328153337	-88.5626353341269
3712.646484375	63.0400099558001	-101.349801110974
3777.099609375	61.9260996282557	-101.965400703684
3843.75	61.8772877245772	-106.110392915817
3910.400390625	57.9181674271094	-104.395690098674
3979.248046875	60.7805946257644	-93.1757855519126
4048.828125	60.4747912876505	-105.775009738534
4119.873046875	59.2865096721538	-104.203531943632
4191.650390625	56.8642489597119	-97.1000822457489
4264.892578125	58.0996321094884	-91.2172181126205
4339.599609375	58.7454261277912	-86.992709557902
4415.771484375	60.751909978416	-91.3804366545283
4492.67578125	58.6175072425629	-94.4353295788867
4571.044921875	59.2109207860934	-89.065149678489
4651.611328125	58.8275816665131	-83.6891628514246
4732.91015625	60.4184261727935	-93.4633874174507
4815.673828125	58.6124493593335	-97.8947795306795
4899.90234375	58.6502791628489	-91.970077538361
4985.595703125	59.7503217904405	-89.3834568391743
5072.75390625	59.6338857919375	-96.7732954038775
5161.376953125	58.4351610265225	-97.8301051816985
5251.46484375	60.0630555985584	-97.2508820242278
5343.75	60.2223955482128	-110.882893005863
5436.767578125	57.7732929130328	-108.82314087724
5531.982421875	59.1476686816841	-105.931076189588
5628.662109375	58.6189785937159	-117.882909094076
5727.5390625	53.2100268474651	-123.037881477787
5827.1484375	56.7285193827988	-97.5099612656181
5929.6875	58.1338732974462	-110.14044102653
6032.958984375	55.0248075711464	-106.844123143147
6138.427734375	55.2119123188195	-100.801838151906
6246.09375	56.9039908991085	-103.12659272569
6355.224609375	57.2053779080332	-111.091987922483
6466.552734375	55.9023949289077	-106.194182110061
6579.345703125	55.0848237893033	-103.467507698949
6694.3359375	55.5801702856571	-119.077374014944
6811.5234375	54.5248808435987	-112.605069916978
6930.908203125	55.3242011562776	-121.803146863308
7051.7578125	54.2387932562112	-118.343816658737
7175.537109375	55.6362221887917	-125.836837864695
7300.78125	54.5508732411311	-126.014961422915
7428.22265625	51.446856679919	-113.2697663408
7558.59375	51.0404738767081	-108.556113198237
7690.4296875	48.3479231999486	-116.306926068825
7825.1953125	47.8107070784266	-100.622007215533
7962.158203125	51.114862471663	-116.686760521393
8101.318359375	51.4664934613229	-104.393207470872
8242.67578125	51.2527685837578	-102.075247673751
8386.962890625	49.3011491693069	-102.247682843797
8533.447265625	50.6637881237755	-102.794663958632
8682.861328125	51.2921142282003	-97.2620543417381
8834.47265625	53.2010620695998	-77.8892315179585
8989.013671875	52.4604566139956	-89.5235278998008
9146.484375	55.1921389619379	-92.0417804815225
9306.15234375	55.6201856677903	-97.9153023824338
9468.75	55.2808691743292	-93.8534525297989
9634.27734375	55.1176433704087	-112.336572392164
9802.734375	56.8536633566517	-114.173550289232
9974.12109375	54.6524296972993	-124.856397441984
10149.169921875	54.1699577149824	-141.088680967391
10326.416015625	52.8474875060175	-140.785884202701
10506.591796875	52.3059040313938	-135.822609056969
10690.4296875	51.7432732318151	-148.980954002438
10877.9296875	52.4662281027481	-160.887019951231
11067.626953125	54.4872235792725	-168.647562366218
11260.986328125	49.9237996916701	-162.952419007661
11458.0078125	45.0756458242111	176.747675276717
11658.69140625	42.7649726971165	-146.002326261938
11862.3046875	46.501865911426	-126.423082050869
12069.580078125	45.6511549667449	161.88607348654
12281.25	45.257490563241	-87.5873902184277
12495.849609375	42.1706521632149	-125.366757257255
12714.111328125	45.7506893641091	-145.792909651964
12936.767578125	45.2492326351252	-138.556038032397
13162.353515625	41.1485923733631	-120.200980499388
13393.06640625	40.4349974339554	-171.332569224562
13626.708984375	40.6604741768564	-129.415046441742
13865.478515625	40.4264679670605	-144.714653369072
14107.91015625	36.3499872731861	-120.618602583324
14354.00390625	37.4028305760892	-84.1656653771672
14605.224609375	37.8542803832164	-131.840114317265
14860.83984375	39.9184355024325	-73.2007230897283
15120.1171875	35.7903045951726	-57.5551974419642
15384.521484375	40.53691362403	-100.5708326761
15654.052734375	36.5674666028894	-77.3171602615091
15927.24609375	34.9118429591279	-52.4454076116677
16205.56640625	37.9770409264448	-53.7394582564858
16489.013671875	39.0659449578464	-49.4219444278604
16777.587890625	40.5437134303391	-56.6683323553712
17070.556640625	44.3068666324383	-46.5894324359925
17369.384765625	44.5912678412239	-58.9960697199079
17673.33984375	46.8320652107878	-52.4676199915835
17981.689453125	47.9780501226102	-65.6578169898769
18296.630859375	46.0126713251352	-64.7717184049185
18615.966796875	47.4026819886764	-82.3935781148228
18941.89453125	45.7836453865042	-103.4906706586
19272.94921875	45.4263150482291	-111.566188560184
19609.86328125	46.0356709490648	-115.166794020214
19952.63671875	46.227390047312	-115.516660487889
20301.26953125	45.9317876510749	-123.676863323331
20656.494140625	46.3144724780935	-123.533383392711
21017.578125	45.5672453264378	-141.632589971487
21385.25390625	41.4006644781282	-150.238929826561
21758.7890625	39.2632509544191	-152.722214578623
22138.916015625	33.0462817531656	-173.872317393818
22526.3671875	31.9837670247107	-108.940562471123
22920.41015625	36.0410646762136	-84.119588683517
23321.044921875	39.513418808169	-154.525854516672
23728.271484375	32.5050238960355	-106.998441469461
24143.5546875	37.0065113199982	-127.722706108613
24565.4296875	31.434822661677	-122.154722218727
24994.62890625	38.5210730527843	-142.023661752309
25431.884765625	26.9502406270863	-153.568227929086
25876.46484375	35.3827022278403	-104.758942135018
26329.1015625	29.7612196994124	-120.588686083019
26789.0625	33.4055691673966	-105.990023242209
27257.8125	34.6697689968522	-121.008621531438
27733.88671875	28.9838621057154	-122.540102697612
28218.75	28.9649807786562	-111.162236082673
28712.40234375	23.4701739204355	-110.772624472224
29214.111328125	23.9807849652116	-101.469993679505
29724.609375	21.544937017572	-94.6527646968704
30244.62890625	19.356243246398	-107.411132759776
30773.4375	16.3776177647218	-84.3130365150502
31311.03515625	20.0438476557935	-63.9992336299209
31858.88671875	25.8880694210585	-30.0329452480586
32415.52734375	28.628568618584	-68.4100505831827
32982.421875	22.3996872327281	-73.5759627797468
33558.837890625	18.5384701292731	-78.0414263457294
34145.5078125	20.7466522606727	-77.47557181582
34742.431640625	21.9923236204493	-53.1473977254019
35349.609375	14.9075507018424	-25.7674196347955
35967.7734375	16.7008031882025	-12.0583774827665
36596.19140625	18.6870159858089	28.9878187883574
37236.328125	25.1379229805302	-19.972203936005
37887.451171875	17.8482157484022	6.95543106006714
38549.560546875	19.3177659671558	30.606779191668
39223.388671875	25.8293609245879	46.3770002063411
39908.935546875	24.4412997056024	89.0041726218672
40606.93359375	33.4779453904859	45.6044653473808
41316.650390625	33.4693780808512	29.6273078104526
42038.818359375	33.4787280247206	21.3159530322176
42773.4375	33.4678879598616	15.8556291360833
43521.240234375	33.4727898552967	11.8666009831742];

Data_Format = 'LeveldB_Phase';
Data_Domain = 'Frequency';
Data_AbscUnit = 'Hz';
Data_BaseUnit = 'V';
Data_xScale = 1;
Data_vScale = 1;
