CurveFormat = 6;
TDelayRemovedTRF = -0.00183333333333333;
SourceDesc = 'Fundamental + Minimal phase';
%[Hz]    dB-[V]    [deg]
Curve = [
19.04296875	65.0774102436976	106.06787871351
19.775390625	66.6984933588049	111.590100472417
20.5078125	68.3470377841424	113.731698476989
21.240234375	69.8545241447035	113.4002508236
21.97265625	71.1632634255213	111.462981849071
22.705078125	72.2667108559156	108.555854265445
23.4375	73.1781762574987	105.12744612278
24.169921875	73.9181173093258	101.493923594368
24.90234375	74.5097347119784	97.8877739451321
25.634765625	74.9778034245857	94.478613490271
26.3671875	75.3484952246134	91.3874156193808
27.099609375	75.649084633316	88.6849414448811
27.83203125	75.9068905051205	86.3908764589474
28.564453125	76.1471659169277	84.4689708477636
29.296875	76.3901836043282	82.8332673210073
30.029296875	76.6484076709735	81.3614896660918
30.76171875	76.9249719298692	79.9215339154186
31.494140625	77.2142781718168	78.3974613968516
32.2265625	77.5045323157557	76.7117944980292
32.958984375	77.7811849623415	74.8332656882638
33.69140625	78.0301143209363	72.7755087300025
34.423828125	78.2398737245231	70.5864806602744
35.15625	78.4029153801208	68.3376374132305
35.888671875	78.5160435439919	66.1118285915299
36.62109375	78.5804090515563	63.9946537189252
37.353515625	78.6012554695845	62.06548356986
38.0859375	78.5874823725468	60.3908261183418
38.818359375	78.5509700654857	59.0164882350964
39.55078125	78.505550488362	57.9618583708314
40.283203125	78.465543981215	57.2146981844372
41.015625	78.4439306269747	56.7310617682865
41.748046875	78.4504530034664	56.4394443835748
42.48046875	78.4901331114213	56.2519023151605
43.212890625	78.5626718500407	56.0777774829721
43.9453125	78.6629276907975	55.8385984607211
45.41015625	78.9104108803263	54.9684724483522
46.142578125	79.0370233897846	54.3080581154197
46.875	79.1531929958684	53.5190725957031
47.607421875	79.252269071802	52.6403944746753
48.33984375	79.3303839821811	51.7215617251168
49.8046875	79.4232026513781	49.9739098201378
50.537109375	79.4447791330895	49.2376551675349
51.26953125	79.4582785934251	48.633947154475
52.734375	79.4930523454674	47.8294735426754
53.466796875	79.5284898198924	47.5772929033195
54.19921875	79.5813860325251	47.3626767561159
55.6640625	79.7345483861615	46.834561129394
56.396484375	79.8242742141671	46.4439932832479
57.12890625	79.9128426441883	45.9524002526874
58.59375	80.0597880519373	44.7511381997954
59.326171875	80.1107841289755	44.1237120819739
60.791015625	80.1737042868767	43.0482812995332
61.5234375	80.1969574921258	42.6647479047934
62.98828125	80.2654499099316	42.2108164025789
64.453125	80.4008819796461	41.929418765388
65.185546875	80.4959338705056	41.722031177122
66.650390625	80.7168563336366	40.9690032133208
68.115234375	80.9321695223988	39.7074914131811
68.84765625	81.0232885637288	38.9286232920887
70.3125	81.160278568425	37.2296093759156
71.77734375	81.2412024915938	35.5207045556933
73.2421875	81.281639404051	33.9131370392104
73.974609375	81.2908905102885	33.1542727757827
75.439453125	81.2909144560189	31.7247057905013
76.904296875	81.2679618463267	30.4328497515793
78.369140625	81.2280372864224	29.3248532315487
79.833984375	81.1839214352381	28.4199214445556
81.298828125	81.1479912633341	27.6708424551744
82.763671875	81.1231096758695	26.9939692140616
84.228515625	81.1027017915411	26.3390674033179
85.693359375	81.0801168434066	25.7195096079916
87.158203125	81.0563670470847	25.1719973831838
89.35546875	81.0319297389231	24.4752697869156
90.8203125	81.0250584158313	24.0303565771835
92.28515625	81.0195377789861	23.5757689620255
93.75	81.0118658668778	23.1370949343651
95.947265625	81.0044363147952	22.5448189730974
97.412109375	81.0068633198125	22.1410101873936
98.876953125	81.0074994835418	21.6757751665791
101.07421875	80.9789557421106	20.9395832772945
102.5390625	80.938103689004	20.5710377540257
104.736328125	80.8731422430795	20.3359637125728
106.201171875	80.8620265997797	20.3263524652454
108.3984375	80.8609957948569	20.3062185228039
110.595703125	80.8739959465828	20.3061907823873
112.79296875	80.911513142152	20.3937484828779
114.2578125	80.9588480768903	20.4326306759547
116.455078125	81.0510205971853	20.3283607314208
118.65234375	81.1472565323946	20.0566060346605
120.849609375	81.249458098093	19.6793015689402
123.046875	81.3568236489774	19.0996548365024
125.244140625	81.4410956136871	18.300175114583
127.44140625	81.4886234661333	17.4802274114669
129.638671875	81.5201856419904	16.7677516841381
131.8359375	81.5505108586806	16.0956390439485
134.765625	81.5787736401665	15.2165378331858
136.962890625	81.5939941932988	14.6304110994831
139.16015625	81.6127225997229	14.0913135670877
142.08984375	81.6471710674907	13.402569532211
144.287109375	81.6851107615188	12.8469175674827
147.216796875	81.7335959374985	11.9254919966522
149.4140625	81.7532139049406	11.1837450639618
152.34375	81.7749991123678	10.1844795473662
155.2734375	81.7737098731121	9.02035848639718
157.470703125	81.7401122130215	8.21621816558071
160.400390625	81.7009917692663	7.32382708588085
163.330078125	81.6520113152467	6.24862202804654
166.259765625	81.5352727897421	5.37357949923867
169.189453125	81.4399837777087	4.97220291839076
172.119140625	81.3739303230009	4.47654752624354
175.048828125	81.2846385216396	4.10417246733209
178.7109375	81.2217700856547	3.81972967843041
181.640625	81.1654912118938	3.43907566877354
185.302734375	81.1017697669678	3.21701556575293
188.232421875	81.0746876709952	2.89137273517604
191.89453125	81.013264167997	2.48741370712922
194.82421875	80.9757579787385	2.17764665617774
198.486328125	80.9042073810971	1.71467638154506
202.1484375	80.8253850415397	1.34914045306903
205.810546875	80.7090283627238	1.03497508074237
209.47265625	80.5932551224298	1.1540477439046
213.134765625	80.4994836842394	1.43832061603954
216.796875	80.4471986464789	2.04898212858133
220.458984375	80.4653934315993	2.55924169968478
224.853515625	80.5351876429497	2.91492405403909
228.515625	80.6100957195872	2.8174396375026
232.91015625	80.6798517266454	2.45761754904329
236.572265625	80.7208817141365	1.98505568902364
240.966796875	80.7596322459328	1.29965939822343
245.361328125	80.7530982651519	0.317706925741768
249.755859375	80.687644166192	-0.663740701748856
254.150390625	80.5272421560752	-1.41983668364747
258.544921875	80.3785242717301	-1.2717788593831
262.939453125	80.3163542745316	-1.09450696338071
268.06640625	80.2865376781804	-1.0979881292337
272.4609375	80.2223093253443	-1.49152910997553
277.587890625	80.1157299357325	-1.52476762211494
281.982421875	80.0271441087132	-1.52745579764304
287.109375	79.9310986502038	-1.40531573492212
292.236328125	79.8138784092294	-1.13694861225791
297.36328125	79.7028861837272	-0.633886314801474
302.490234375	79.6221730569935	0.226861904814142
308.349609375	79.5927091128791	1.33600606824549
313.4765625	79.6441709109283	2.44827467115564
319.3359375	79.7925280103137	3.01287099900211
324.462890625	79.8878325709341	2.65208485183576
330.322265625	79.895353997946	2.41922093052755
336.181640625	79.8281042173978	1.98955009419257
342.041015625	79.6742611697883	2.71905701544965
348.6328125	79.6687150938798	4.21265914033992
354.4921875	79.7978195963212	5.79337524750477
361.083984375	80.103369046809	6.18317570675298
366.943359375	80.2213338204422	5.30767156444107
373.53515625	80.1980162371209	5.15225534600155
380.126953125	80.2332868922055	6.13159905775173
386.71875	80.4800497330666	6.96833904457537
394.04296875	80.7804199917195	6.57785164958486
400.634765625	81.0045358178726	5.44820992630288
407.958984375	81.129978533535	4.23419276885448
415.283203125	81.239325400016	2.5716218313951
422.607421875	81.2122259975297	1.0312500946487
429.931640625	81.1377962919061	-0.0602973795215405
437.255859375	81.0546148184457	-0.882125635108242
445.3125	80.941287870917	-1.37519293164344
452.63671875	80.8665426008894	-1.50588247212466
460.693359375	80.8240327430456	-1.6115863040451
468.75	80.7689907671103	-1.56909030639948
477.5390625	80.7870287888068	-1.44283100707453
485.595703125	80.7976644871481	-1.31997580644861
494.384765625	80.8934305470547	-1.63286374220562
503.173828125	80.9420958912668	-2.42100303072116
511.962890625	80.923394125381	-3.34993547246538
520.751953125	80.867467973757	-4.16383741105248
529.541015625	80.7477153784992	-5.11022792907182
539.0625	80.3459737602503	-5.61988849907833
548.583984375	80.2148555294358	-3.38021495787591
558.10546875	80.1861487071892	-2.19773828451339
568.359375	80.3566688858398	1.40208900776765
577.880859375	80.9151964854426	0.74265805415207
588.134765625	81.1222559362637	-1.66857508386349
598.388671875	80.9963333592763	-3.5822457619176
609.375	80.8204676585163	-3.6642338319127
619.62890625	80.7642967907588	-3.19180279573234
630.615234375	80.8017749082341	-2.38013404747836
641.6015625	81.0030308620051	-2.43555781952578
653.3203125	81.0514789021054	-3.08888966108273
665.0390625	81.1949675848482	-3.56970497963707
676.025390625	81.1449425294707	-4.76945081727961
688.4765625	81.0504826205695	-5.57340247814185
700.1953125	80.9882821107617	-5.09604544341785
712.646484375	81.0032025188903	-5.09041771048331
725.09765625	80.9625682013207	-4.6049356293897
738.28125	81.1321478385576	-3.73734745303065
750.732421875	81.3568197741342	-4.58661499386955
763.916015625	81.3141621796664	-5.77953786459451
777.83203125	81.3016611842554	-5.07604081547779
791.015625	81.3782203622212	-5.00726218558024
804.931640625	81.8840040430995	-5.54675456139093
818.84765625	81.8008679181122	-8.1780223576927
833.49609375	81.6903356213237	-8.29966852446997
848.14453125	81.8186957520724	-9.05346326031021
862.79296875	81.7411410520145	-10.2418731439369
878.173828125	81.739640103955	-10.4261259626255
893.5546875	81.6872542223838	-11.5235889169218
909.66796875	81.5081435453676	-10.716169861713
925.048828125	81.6778934283185	-9.35972559382863
941.89453125	82.1647618447764	-9.73548320184645
958.0078125	82.22736055216	-11.9927402345857
974.853515625	82.2972597638672	-13.0004382192273
991.69921875	82.3756693983181	-14.2603202855135
1009.27734375	82.3646636957983	-15.338784552184
1026.85546875	82.5281853855893	-14.5396660250423
1045.166015625	82.9588471537618	-18.3610085289729
1063.4765625	82.8719278976164	-22.3860612450443
1081.787109375	82.6109245954248	-24.4113226449949
1100.830078125	82.4398814632634	-25.3820551911122
1120.60546875	82.40536365298	-26.9750973692152
1140.380859375	82.2718428439029	-29.4279080261068
1160.15625	81.931378946096	-31.3836067718394
1180.6640625	81.6199465245348	-31.6618976388064
1201.171875	81.4196796122525	-32.433186764126
1222.412109375	81.3560756209078	-33.3569293421834
1243.65234375	80.7178447803736	-35.0224307497337
1265.625	80.7195810517238	-29.8328288773608
1287.59765625	80.9967276847103	-31.9261201825646
1310.302734375	80.8153951100731	-34.1057090716787
1333.0078125	80.5498093746383	-34.1803127956312
1356.4453125	80.6959627693067	-34.0044356849892
1379.8828125	80.4961611011232	-37.548706673747
1404.78515625	80.0142797554032	-37.2574501658531
1428.955078125	79.8021892002191	-36.4163452676157
1453.857421875	79.8046719983957	-37.625049187294
1479.4921875	79.275738028015	-36.8356682684558
1505.859375	79.5113308845672	-35.2259802952606
1532.2265625	79.3259127775201	-36.8661781264445
1558.59375	78.9395092782649	-36.4148010552312
1585.693359375	79.0734825961314	-32.6291693468761
1613.525390625	79.2372083329658	-36.8925872038102
1642.08984375	78.5517625454273	-35.3745195466267
1670.654296875	78.9040725371764	-32.5995876749555
1699.951171875	79.1260053540375	-35.080910798635
1729.98046875	78.442069500737	-33.9091368237923
1760.009765625	78.8482376244331	-32.9428323614304
1790.771484375	78.7835936108608	-33.2709649323265
1822.265625	78.9158686961685	-31.7664843189711
1854.4921875	79.35465904919	-34.2245114288865
1886.71875	78.9973190907502	-36.8839039976411
1919.677734375	79.101534191804	-36.5035470656986
1953.369140625	79.0232212183667	-37.5059788281756
1987.79296875	79.0240725985144	-38.3236739057835
2022.216796875	79.0584391374454	-40.9191150866222
2058.10546875	78.5642256325056	-42.0678707101308
2093.994140625	78.6137407294139	-42.0899559837706
2130.615234375	78.3143715507548	-41.221309864976
2167.96875	78.6083256888625	-43.447942656497
2206.0546875	78.0770724708559	-42.9166491279984
2244.873046875	77.8657322398157	-44.0945735460821
2283.69140625	77.489756355702	-45.3857172918113
2323.974609375	77.306117572899	-41.9080465106708
2364.2578125	77.2940628827113	-44.5539877643748
2406.005859375	77.0186711133302	-41.9328755239999
2447.75390625	77.3483891320801	-42.2992924900163
2490.966796875	76.6449122317164	-40.4779475647418
2534.1796875	76.9587345282912	-39.9021501867894
2578.857421875	77.2794673708723	-37.2453155469051
2624.267578125	77.9103973957349	-40.1789006295557
2669.677734375	77.948890599837	-41.1365548914326
2716.552734375	77.9758418884344	-46.2701873573822
2764.16015625	78.077514182951	-47.7301759313758
2812.5	77.9804831795095	-52.7988693818157
2861.572265625	77.184628961942	-56.697110008342
2912.109375	76.6504080341217	-56.5580250400446
2962.646484375	75.4668927444085	-58.6125079586977
3014.6484375	75.6297467305534	-55.8859441001876
3067.3828125	75.1451513740382	-55.4185503030433
3120.849609375	74.5950070519528	-57.431802524787
3175.78125	73.7682882013736	-59.1124096183557
3231.4453125	72.9364258011927	-51.1925848249401
3287.841796875	72.9642068748049	-46.8759705909862
3345.703125	73.0398390195092	-39.7213358508984
3404.296875	73.1588720658591	-40.7279934126337
3463.623046875	74.0568625856604	-36.3587355211004
3524.4140625	73.7380350460876	-38.7382126870022
3585.9375	73.5064136446989	-36.8450396894207
3648.193359375	74.1694022011016	-39.7784897301839
3712.646484375	74.3822560664726	-36.636445875599
3777.099609375	74.00407768877	-41.4694354753481
3843.75	73.4311085226392	-40.7515697863914
3910.400390625	73.5630411322987	-35.3771802299848
3979.248046875	73.4894487550409	-35.4310259503003
4048.828125	73.1527184723613	-35.5412215453638
4119.873046875	73.2451659436479	-34.0413037306953
4191.650390625	74.0470532312117	-30.3241065199825
4264.892578125	74.0194798577805	-27.6831633793228
4339.599609375	74.0239298314353	-31.97824402839
4415.771484375	73.7886880258448	-32.291961420632
4492.67578125	74.3165379214907	-29.549295977871
4571.044921875	74.7499707643405	-33.3925224183221
4651.611328125	74.6213291283693	-35.1619058125875
4732.91015625	73.9762671169202	-32.2983778117191
4815.673828125	73.8392060020379	-28.7172239037735
4899.90234375	74.2225950526733	-29.9863457283886
4985.595703125	74.0733775257618	-31.176032859547
5072.75390625	74.5138487326214	-29.0269438595544
5161.376953125	74.9958771860732	-31.3810594480903
5251.46484375	74.8277868659509	-32.4681722420444
5343.75	75.2137235355939	-32.9390588215842
5436.767578125	75.3584497970988	-37.100275492855
5531.982421875	74.7745846841555	-39.1918606862735
5628.662109375	74.2844321896299	-36.3047569472061
5727.5390625	74.5994885098558	-34.3314426304626
5827.1484375	75.1172900567399	-33.5892105229108
5929.6875	75.092363114161	-33.9561349326979
6032.958984375	75.6474274989073	-33.5161728921325
6138.427734375	76.213399020301	-38.8700857890529
6246.09375	75.9735976842981	-44.5105983469796
6355.224609375	75.3417449252677	-46.8298238005613
6466.552734375	75.0379803227618	-45.2522400383425
6579.345703125	74.9064181222707	-45.4363803061682
6694.3359375	75.0694526219048	-46.2410622228522
6811.5234375	74.7797745714032	-45.2524263137605
6930.908203125	75.4666541297679	-45.6276544991
7051.7578125	75.5043538861005	-51.7118129076106
7175.537109375	74.8350077647943	-54.3206861811703
7300.78125	74.4062790721468	-52.56579034409
7428.22265625	74.0271257482819	-54.3241084147467
7558.59375	73.6964552221467	-50.3422154075345
7690.4296875	74.3800252599243	-48.7313856500227
7825.1953125	74.2629713071891	-51.2522102820266
7962.158203125	74.0375898643055	-54.2193242424488
8101.318359375	73.8299743502178	-56.8161332774413
8242.67578125	73.521674776681	-53.7323013489166
8386.962890625	73.222603589381	-56.37613450948
8533.447265625	72.9420632590572	-51.6151504491079
8682.861328125	73.3984068206196	-51.4380785003174
8834.47265625	73.1226578492058	-48.5245153597841
8989.013671875	73.3158820397063	-47.5885510254401
9146.484375	73.4608001664468	-48.4180393564601
9306.15234375	73.9592489817208	-46.2374691007201
9468.75	74.6517802445124	-46.6321753693223
9634.27734375	75.0083634790381	-51.1853033129285
9802.734375	75.4277072688229	-53.9000356520518
9974.12109375	75.1431851411626	-61.0487909322956
10149.169921875	74.6679340840927	-63.0322154253162
10326.416015625	74.8504992604974	-63.1600111705477
10506.591796875	74.7291500091078	-64.1778741199592
10690.4296875	74.5830591380908	-64.9915621933428
10877.9296875	74.6271160763488	-67.7396958926157
11067.626953125	74.8523253777241	-68.4932081830023
11260.986328125	75.4785722831034	-70.0882268977967
11458.0078125	74.7560068716908	-74.1755609550459
11658.69140625	74.6689571454668	-80.7536016384294
11862.3046875	73.7922739889874	-82.7433313424576
12069.580078125	73.963602983122	-80.7621387655953
12281.25	73.2792867985291	-79.8766498540863
12495.849609375	73.1966684510386	-87.1872537642093
12714.111328125	73.5421829917278	-88.0230877084663
12936.767578125	73.3399993541742	-88.040620950156
13162.353515625	73.6476314783327	-92.4108214313233
13393.06640625	73.3240181948061	-99.4488239052577
13626.708984375	72.8105146823908	-106.608644825554
13865.478515625	72.1706692089671	-110.322826343417
14107.91015625	71.7282995714794	-114.093879788009
14354.00390625	70.5172865503902	-120.429459654141
14605.224609375	68.4987722722608	-123.872297197077
14860.83984375	67.3672299048407	-125.258783446564
15120.1171875	65.6895322900139	-127.709653877304
15384.521484375	63.3572126660357	-121.697143826442
15654.052734375	60.9287929339158	-106.712589394519
15927.24609375	60.5222801398784	-86.9664872285854
16205.56640625	61.6279238315878	-70.9979008871279
16489.013671875	63.5916520204805	-63.2959931953347
16777.587890625	64.4436530284276	-63.030662244736
17070.556640625	65.1949300704749	-60.3966218194501
17369.384765625	66.7430511547469	-64.6923874325321
17673.33984375	67.4213246017431	-62.9595725851871
17981.689453125	68.2983422831757	-64.9200656178423
18296.630859375	68.8922583783176	-67.5054195620069
18615.966796875	68.790792027999	-70.3977921754193
18941.89453125	69.8428761972588	-73.4455979248479
19272.94921875	70.1138312521416	-80.6424959791089
19609.86328125	70.6090515232494	-86.301324784471
19952.63671875	70.7947412445747	-95.4178650324449
20301.26953125	70.6395553539711	-104.53571343295
20656.494140625	69.7487760565225	-116.520907649734
21017.578125	67.9807486120473	-122.387868175203
21385.25390625	66.6832024343846	-122.256191950814
21758.7890625	65.9063719890923	-121.340297102864
22138.916015625	65.5701850335896	-124.251575650214
22526.3671875	64.154859667818	-123.631124285422
22920.41015625	63.6819074894842	-114.553538544019
23321.044921875	64.8533991318583	-115.90003874197
23728.271484375	64.880999050071	-125.356855834828
24143.5546875	64.2538304308174	-137.963547144472
24565.4296875	60.4934366428094	-142.8365771892
24994.62890625	59.2858226834532	-122.64017431446
25431.884765625	60.8987603589685	-119.643790425732
25876.46484375	60.3365957910545	-129.996729286792
26329.1015625	57.7270733867997	-127.757193741182
26789.0625	56.9892586745369	-107.06973151068
27257.8125	59.4831730407881	-94.204819788571
27733.88671875	62.5361176376329	-105.645689175805
28218.75	62.3319973437067	-124.048979976938
28712.40234375	61.4949714298957	-132.726847258178
29214.111328125	60.4482835090851	-142.517174165404
29724.609375	58.6733550085053	-152.820093497325
30244.62890625	55.588548608769	-153.542455341485
30773.4375	55.3808588990241	-137.750895242501
31311.03515625	56.3378993701283	-144.85475405807
31858.88671875	55.996680507928	-153.402320524773
32415.52734375	55.1238699690678	-174.2235157527
32982.421875	52.0904588714256	166.062271448816
33558.837890625	44.448589351998	125.153130531111
34145.5078125	37.14928347292	-125.055694692726
34742.431640625	38.7862615881082	-140.696114486878
35349.609375	22.58660906747	-82.3393283826025
35967.7734375	43.3141834520564	-42.7344634366972
36596.19140625	44.9935209637632	-82.0236942777754
37236.328125	39.7966938952956	-76.124039431065
37887.451171875	41.8928016858008	-57.3779988469275
38549.560546875	41.5825550486894	-50.329083076259
39223.388671875	44.2437094814466	-55.8970049750225
39908.935546875	41.2938462449428	-64.3554743643873
40606.93359375	41.3770600589084	-49.8516596159713
41316.650390625	41.3806154541306	-43.5071831939995
42038.818359375	41.3773263573454	-37.9742295656589
42773.4375	41.3814044636817	-32.7475638483873
43521.240234375	41.3772024507374	-27.7035435274116];

Data_Format = 'LeveldB_Phase';
Data_Domain = 'Frequency';
Data_AbscUnit = 'Hz';
Data_BaseUnit = 'V';
Data_xScale = 1;
Data_vScale = 1;
