CurveFormat = 6;
TDelayRemovedTRF = -0.00183333333333333;
SourceDesc = 'Fundamental + Minimal phase';
%[Hz]    dB-[V]    [deg]
Curve = [
19.04296875	65.0326437722395	101.806146001105
19.775390625	66.6652769747129	107.144023648634
20.5078125	68.3224723697153	109.075600452853
21.240234375	69.8357050311196	108.52503235782
21.97265625	71.1480766600172	106.367147793424
22.705078125	72.2537079766828	103.240381201423
23.4375	73.1663398937381	99.5939288351149
24.169921875	73.9066928908919	95.7438978895803
24.90234375	74.4981291274699	91.9226054293571
25.634765625	74.9655279964695	88.2994979334655
26.3671875	75.33513536248	84.995426496841
27.099609375	75.6342845390173	82.0810695007146
27.83203125	75.8903447459375	79.5760153812538
28.564453125	76.1286117447345	77.4439157970727
29.296875	76.3693904837801	75.5986654726108
30.029296875	76.6251645523167	73.9178801713547
30.76171875	76.8990770178351	72.2693738408005
31.494140625	77.1855373217891	70.5372608050248
32.2265625	77.4727693666486	68.6441693651101
32.958984375	77.7462624843033	66.5590218576832
33.69140625	77.9919597641072	64.2955537475563
34.423828125	78.1985049079817	61.9017309189137
35.15625	78.3584593601482	59.4487312204938
35.888671875	78.4687425579876	57.018849881799
36.62109375	78.5306060421056	54.6966820204795
37.353515625	78.5493506548234	52.5602293919192
38.0859375	78.5338536441426	50.6742233562487
38.818359375	78.4958566060098	49.0826109348226
39.55078125	78.4489131024042	47.8031004717664
40.283203125	78.406935452812	46.8225847867431
41.015625	78.3824256888497	46.0974265616698
41.748046875	78.3846848430161	45.5579640386756
42.48046875	78.4184513708308	45.1192667186981
43.212890625	78.4833854929025	44.6942863689117
43.9453125	78.5745549766219	44.2076955820998
45.41015625	78.8010165432614	42.859651985825
46.142578125	78.9165098352784	41.9683059218255
46.875	79.0215048204464	40.9515649940647
47.607421875	79.1093871767338	39.8461800364192
48.33984375	79.1761430042625	38.6997793235099
49.8046875	79.2445309652078	36.4914485252253
50.537109375	79.2523453643685	35.5236897750766
51.26953125	79.2507325095551	34.6908662090419
52.734375	79.2515635669754	33.4491402503716
53.466796875	79.2690114619368	32.9944952995008
54.19921875	79.3041218930554	32.5892556963821
55.6640625	79.4248001067939	31.705592120486
56.396484375	79.5004144222527	31.1412449102693
57.12890625	79.5761051274956	30.4721948340028
58.59375	79.698786932737	28.8934311773784
59.326171875	79.737041410957	28.0651076115081
60.791015625	79.7705468971851	26.575688259991
61.5234375	79.7767743997893	25.9875260556285
62.98828125	79.8080761066786	25.148600223677
64.453125	79.9064514295581	24.5203837675429
65.185546875	79.9843761877189	24.147753241335
66.650390625	80.1739266188785	23.0593191129983
68.115234375	80.3585875182627	21.4394500551875
68.84765625	80.4332465731827	20.4737303099431
70.3125	80.5335358680314	18.4002781913629
71.77734375	80.5735419702808	16.3371359678335
73.2421875	80.57209620965	14.4058596709354
73.974609375	80.561014008335	13.493329512469
75.439453125	80.5218568072348	11.7590736342798
76.904296875	80.4596032580193	10.1545488293467
78.369140625	80.3770565817712	8.73267017688842
79.833984375	80.2862889735929	7.53719799765006
81.298828125	80.2027317675293	6.53984303022727
82.763671875	80.1334969994138	5.65076014177371
84.228515625	80.0735664913268	4.79413055198784
85.693359375	80.0141100678647	3.96323164486152
87.158203125	79.9529048869603	3.19721829129222
89.35546875	79.8699523329069	2.19827127276783
90.8203125	79.825769127193	1.58157520171948
92.28515625	79.7866328956122	0.968461690353273
93.75	79.7489609040544	0.371897236649474
95.947265625	79.702059153754	-0.464856556494184
97.412109375	79.6823948301177	-1.04281701632918
98.876953125	79.6642176062003	-1.70760264528386
101.07421875	79.6073277300221	-2.81737311595562
102.5390625	79.5420557980829	-3.47085227636623
104.736328125	79.4232932843157	-4.19072345206051
106.201171875	79.3882133880708	-4.39904016309264
108.3984375	79.3369162122465	-4.84270507722968
110.595703125	79.2845311314307	-5.28547139955474
112.79296875	79.2399260069649	-5.52839015627706
114.2578125	79.234396767577	-5.61556291162294
116.455078125	79.2613375108847	-5.85719867957353
118.65234375	79.2977689346442	-6.2825118044256
120.849609375	79.3375594038544	-6.74566196452508
123.046875	79.3995924172397	-7.30480583880886
125.244140625	79.4657594090105	-8.14082277689494
127.44140625	79.4995218642991	-9.16636499628992
129.638671875	79.5012341118589	-10.1557734440442
131.8359375	79.4910301105555	-11.0607126132062
134.765625	79.4637590193017	-12.1754969694418
136.962890625	79.4391767072074	-12.8793732844903
139.16015625	79.4270996746183	-13.4912133441792
142.08984375	79.4355853264769	-14.2947696870335
144.287109375	79.4605530678554	-14.9499273495285
147.216796875	79.5088789945365	-16.0494127040784
149.4140625	79.5331436462134	-17.0503030348147
152.34375	79.5419690914131	-18.4668029448482
155.2734375	79.5255715910041	-19.9714577873514
157.470703125	79.4889868485672	-21.0726999223671
160.400390625	79.4380387153646	-22.4366489491862
163.330078125	79.3740393411958	-23.9809721637779
166.259765625	79.2379255908083	-25.4045647656691
169.189453125	79.1044056406351	-26.3195084572894
172.119140625	79.0056884565655	-27.2389285678511
175.048828125	78.8853560167089	-28.0598661032346
178.7109375	78.7886634696863	-28.7964788027313
181.640625	78.7270377688233	-29.5943910748058
185.302734375	78.6557729762455	-30.4216709804916
188.232421875	78.6418441495277	-31.2889769671488
191.89453125	78.5970512466082	-32.6940874457848
194.82421875	78.5524059487269	-33.9519636818311
198.486328125	78.4459555062473	-35.7776981221879
202.1484375	78.2858340459049	-37.6151346185688
205.810546875	78.0349689851916	-39.4611731279367
209.47265625	77.7146700151145	-40.7095472011509
213.134765625	77.3641868239189	-41.474329760144
216.796875	77.0104341768828	-41.3488570846675
220.458984375	76.7382818217962	-40.617774176086
224.853515625	76.5646285298666	-39.0837895911381
228.515625	76.5880527044976	-38.1785835859732
232.91015625	76.6863078685931	-37.8248326534023
236.572265625	76.7860499981018	-38.209682082428
240.966796875	76.8775273636333	-39.0823850045673
245.361328125	76.9568885808748	-40.3989854020581
249.755859375	77.0175555768623	-42.2621065026796
254.150390625	76.9705903072646	-44.7160062500181
258.544921875	76.7874084549848	-47.0822153137231
262.939453125	76.5370177390016	-48.6940482693168
268.06640625	76.3310874219332	-50.3804961316872
272.4609375	76.1153860866447	-52.3145863302984
277.587890625	75.7480725383983	-54.384507818393
281.982421875	75.376915256809	-55.8432456429257
287.109375	74.9131440246147	-56.9681714819456
292.236328125	74.4145866366186	-57.7023140722601
297.36328125	73.9113106447338	-57.960179844638
302.490234375	73.3838995011243	-57.4367651918066
308.349609375	72.8334129526098	-56.0097348943907
313.4765625	72.4650448687046	-53.8939783747632
319.3359375	72.2538909021749	-51.8902628350464
324.462890625	72.1110645812238	-50.7794582063924
330.322265625	71.886342522918	-49.4542935545077
336.181640625	71.6561503390847	-48.2756852957474
342.041015625	71.4333193272766	-45.627899061774
348.6328125	71.6736797830082	-43.1199650927812
354.4921875	71.7474932082047	-44.3946690409754
361.083984375	71.324825089995	-44.6415606028686
366.943359375	71.0012718351987	-41.4233000632541
373.53515625	71.3742867197091	-39.1734225690446
380.126953125	71.3257075640406	-40.6825155422797
386.71875	70.8008517491833	-38.4198957087961
394.04296875	71.0000585182634	-32.8207776279329
400.634765625	71.6135007669383	-31.0883912327214
407.958984375	72.1780193721006	-31.5035428162431
415.283203125	72.5755470795553	-33.3169056765287
422.607421875	72.8010376281098	-35.4904019614504
429.931640625	72.9137886504915	-37.8134353284537
437.255859375	72.9386448426478	-40.0257187618355
445.3125	72.8556960693536	-42.1397913667383
452.63671875	72.7435286012838	-43.3270375874758
460.693359375	72.7684765729924	-44.0408299858372
468.75	72.918096478219	-45.5123627771296
477.5390625	73.1142937232236	-48.2399295101617
485.595703125	73.2270090315126	-51.6143206892001
494.384765625	73.3515599170599	-56.6842493015688
503.173828125	73.2444746633841	-63.6568950115588
511.962890625	72.7029719289448	-71.5291982296256
520.751953125	71.7760035208522	-78.3186255789037
529.541015625	70.5978776040977	-84.5079365539268
539.0625	68.8393309008569	-89.4247537127066
548.583984375	67.1912426425207	-89.917877566426
558.10546875	65.5952429641983	-93.6783701881458
568.359375	61.6605371575512	-89.9012895830591
577.880859375	60.6737915960501	-77.4771892278908
588.134765625	58.3542893382474	-76.3572336645498
598.388671875	52.9040178770494	-49.1892349438061
609.375	56.0432897445851	3.06780714773669
619.62890625	60.1947234136935	11.9625702550727
630.615234375	62.557487897894	8.94608551843516
641.6015625	63.5088371387395	6.25720684329631
653.3203125	64.0904468594968	6.86112714602159
665.0390625	64.7206879314466	7.93800508932309
676.025390625	65.2182159921176	8.28230720673731
688.4765625	65.4428507293554	8.79946002712429
700.1953125	65.8144846296362	12.3054868464348
712.646484375	66.5595283943092	13.7648177766972
725.09765625	66.9274030112286	14.2570010394768
738.28125	67.4115389005885	16.5121468298619
750.732421875	67.9669699972189	17.5453157665848
763.916015625	68.464218160575	19.2511912800375
777.83203125	69.3234867186403	21.9408654667062
791.015625	70.3272701652467	22.8562756187398
804.931640625	72.0162976752388	17.0233285461785
818.84765625	72.1601025588695	8.38798943775377
833.49609375	71.7770565444257	5.55023913518299
848.14453125	72.0941935581326	5.2992890470603
862.79296875	72.4571762336234	1.40882604866369
878.173828125	72.5288947069336	-2.559641405871
893.5546875	72.4544526216451	-8.01965769669788
909.66796875	71.4514233151652	-12.1537021134646
925.048828125	70.5028772261492	-8.21011085769006
941.89453125	70.8587802472218	-2.08536655095646
958.0078125	71.0622158070014	-1.55851712193617
974.853515625	71.4376857044272	0.454346359284965
991.69921875	71.83175548172	-0.468944683955746
1009.27734375	71.6579270544357	0.81687133331144
1026.85546875	72.6562594462563	8.25148973086352
1045.166015625	74.2612496547855	2.75327901053588
1063.4765625	74.8679708555299	-6.0080781598224
1081.787109375	74.6919185246558	-12.9616032563993
1100.830078125	74.3761623895335	-16.3446404420893
1120.60546875	74.2785634022246	-18.9534249412945
1140.380859375	74.3413649420366	-22.3531141902219
1160.15625	74.0828462638723	-28.4139918855836
1180.6640625	73.179280116119	-31.831404085703
1201.171875	72.3008126537353	-30.6894625822764
1222.412109375	72.297633295047	-27.9240514440648
1243.65234375	71.8727650779926	-29.4059955430632
1265.625	71.9062874811902	-22.7651373802605
1287.59765625	72.5635380470924	-23.0547498615741
1310.302734375	72.6802097499208	-27.737531246024
1333.0078125	72.3843796146805	-29.0064474290375
1356.4453125	72.4811151708707	-28.2910136355793
1379.8828125	72.4630618112305	-31.2776305763015
1404.78515625	72.3997283467893	-31.4540545664424
1428.955078125	72.290146941607	-31.7902118066065
1453.857421875	72.8860524023895	-34.8792102047989
1479.4921875	72.0050951838413	-41.8585460592411
1505.859375	71.6447345038079	-36.9336711965071
1532.2265625	71.7588069879303	-39.5524540666204
1558.59375	71.1618287076907	-43.8356341914634
1585.693359375	70.2528624455885	-34.4415382878012
1613.525390625	71.778860171889	-38.9833819498613
1642.08984375	70.1014206563069	-43.5576443479624
1670.654296875	70.3923815881383	-32.8830423977071
1699.951171875	71.4774797722813	-42.0158846359151
1729.98046875	68.5546755975926	-44.4061695458664
1760.009765625	70.0128874973123	-23.6446916088807
1790.771484375	71.0192954077611	-38.0093476699579
1822.265625	69.5149427316511	-30.3310227903592
1854.4921875	72.2448327389162	-29.6112170435438
1886.71875	70.9405440660151	-43.3663143185508
1919.677734375	71.3341568924053	-31.1712377679271
1953.369140625	72.4495113743099	-45.7285976468503
1987.79296875	70.0223143647141	-44.4406379138591
2022.216796875	72.1932712444243	-41.4240361140956
2058.10546875	70.6353458380573	-53.4794129461964
2093.994140625	71.2864395906278	-50.8640651498127
2130.615234375	69.6960856518182	-54.357987186972
2167.96875	70.6543361020362	-50.5010096795858
2206.0546875	69.164502639419	-55.1706608157947
2244.873046875	70.7461439814214	-49.1304371484222
2283.69140625	68.7030615262232	-71.7680343444502
2323.974609375	68.7172130670405	-45.5579480794466
2364.2578125	67.5746386560813	-65.4670691271739
2406.005859375	68.0335143675297	-42.4532295433305
2447.75390625	67.449096459192	-60.8928396097989
2490.966796875	66.7735205800904	-35.0894130107289
2534.1796875	66.9264220890095	-52.7966548085012
2578.857421875	67.5488837110795	-29.5783493141477
2624.267578125	69.0970662583431	-43.5220692281596
2669.677734375	69.2095342495092	-30.9704347641553
2716.552734375	69.6946782013407	-44.6765707143493
2764.16015625	70.2555995708142	-44.7671928760615
2812.5	69.8059658866515	-56.6003662917379
2861.572265625	68.6703374122509	-56.2035413814594
2912.109375	68.8220950041862	-62.0134799080244
2962.646484375	66.607426788928	-45.2030015632084
3014.6484375	67.9762875300681	-57.0296972475457
3067.3828125	69.4733140753462	-52.6688751949737
3120.849609375	68.3819649760317	-64.4263368560917
3175.78125	66.6444937837826	-72.8288727672921
3231.4453125	65.0711277120439	-64.9435880358248
3287.841796875	66.2732417133217	-56.4006391165335
3345.703125	65.9773943088554	-51.9186431985072
3404.296875	65.5038109630414	-50.6488064933337
3463.623046875	66.9525405024992	-49.5878761050135
3524.4140625	66.6234488872726	-42.574882668065
3585.9375	67.4023493935592	-59.7613706269674
3648.193359375	68.2542377942949	-62.4754377047102
3712.646484375	68.1757715230822	-60.5096144387481
3777.099609375	65.5711973567099	-69.5103468936488
3843.75	65.2357707552878	-67.7791525562629
3910.400390625	63.5859289070765	-65.2556825448344
3979.248046875	61.295990842381	-59.7941362898656
4048.828125	63.4202352979099	-56.7630893518978
4119.873046875	64.6130271311209	-57.0566142290657
4191.650390625	64.7335880721832	-46.8130745870698
4264.892578125	63.8515006334368	-40.1055332162354
4339.599609375	64.0570086384017	-41.6737645458972
4415.771484375	64.3303009932524	-53.6176449444958
4492.67578125	64.5718883572863	-51.3785078508748
4571.044921875	65.6279309832323	-56.0207450955499
4651.611328125	65.1592159499584	-58.8916999042149
4732.91015625	63.2512024818288	-57.5305582322248
4815.673828125	64.2618158653244	-41.6191339775919
4899.90234375	63.6898611284346	-50.9088015337091
4985.595703125	63.32561753892	-46.6808511785001
5072.75390625	62.2338111206891	-39.3487086127136
5161.376953125	62.811689096448	-39.4120678761436
5251.46484375	64.8869197324093	-31.1882682688329
5343.75	66.027410724321	-45.3964039926022
5436.767578125	65.3045046522938	-59.8197024544347
5531.982421875	62.5324213608266	-53.6212861174384
5628.662109375	63.963012518952	-43.2343098746794
5727.5390625	64.159360530955	-49.9628312586516
5827.1484375	65.2547545057207	-44.0869955359142
5929.6875	64.853428086563	-55.3941760233749
6032.958984375	65.2787646571515	-52.281509284784
6138.427734375	65.8309524465776	-56.5652155134864
6246.09375	64.5436302508116	-67.0380293906176
6355.224609375	63.6057004222519	-51.9590638781171
6466.552734375	65.2187147252349	-55.8539742608791
6579.345703125	63.177025302104	-59.8160582883875
6694.3359375	64.877201071216	-63.5230582620864
6811.5234375	62.7057307042684	-56.2741727975411
6930.908203125	65.0356504038295	-53.0702110332083
7051.7578125	63.3849694873234	-63.6911705219152
7175.537109375	63.6261283269094	-53.7720938446364
7300.78125	64.2110600941184	-71.8285292139291
7428.22265625	63.4765495975268	-71.0061026622037
7558.59375	62.7530469282491	-48.9285489992741
7690.4296875	65.005512544827	-60.8668679592581
7825.1953125	62.5356688320455	-58.8461166336209
7962.158203125	63.7842946537989	-47.9733150912202
8101.318359375	62.3457271670947	-64.5589353470362
8242.67578125	62.9877982620699	-57.1305139332226
8386.962890625	63.111786491124	-53.3465445408797
8533.447265625	63.2261983718352	-47.8263650363607
8682.861328125	64.0042209616522	-49.8139706442317
8834.47265625	65.4548745787079	-50.6722981862109
8989.013671875	65.8463844708706	-48.9058802101506
9146.484375	66.115676003147	-58.9932480137999
9306.15234375	67.900932917717	-58.9855042284441
9468.75	68.1054243670595	-64.7530140419065
9634.27734375	67.1578646271163	-70.1090309194901
9802.734375	68.2707700529515	-76.9534641078009
9974.12109375	68.2066069569098	-82.6840723832732
10149.169921875	67.4418354931599	-91.2576240935867
10326.416015625	67.663960788169	-93.8888455322118
10506.591796875	67.2128353555505	-106.786028897354
10690.4296875	67.745986232095	-106.051938013239
10877.9296875	66.1475915859794	-120.636822112865
11067.626953125	65.7708901802863	-110.474146249136
11260.986328125	64.146328872465	-125.704441462396
11458.0078125	63.2622447604396	-121.253973632785
11658.69140625	61.7731265733447	-125.940409800255
11862.3046875	62.0610079635661	-120.738061167079
12069.580078125	61.5232803325489	-116.219792630986
12281.25	61.4726848804771	-120.852187450536
12495.849609375	62.3285446130998	-121.07332132211
12714.111328125	60.2574105196004	-126.129375199516
12936.767578125	59.9137124416769	-126.070733768885
13162.353515625	59.026155050791	-128.580054040185
13393.06640625	58.7605168962175	-127.723565735564
13626.708984375	57.6201500874682	-131.231735169834
13865.478515625	57.706049868884	-134.808970996432
14107.91015625	57.3970861629978	-134.214607392022
14354.00390625	57.1915262342872	-138.544840248616
14605.224609375	55.2011600530248	-136.402014512357
14860.83984375	52.8456169454763	-143.099538257601
15120.1171875	52.9268344511324	-137.11019676093
15384.521484375	53.220431628748	-128.565900498453
15654.052734375	52.4546814108603	-131.151730393043
15927.24609375	51.4285288473528	-138.751943851442
16205.56640625	51.836219756609	-123.816825544049
16489.013671875	47.6143437330397	-113.101624646056
16777.587890625	47.2691568985187	-97.5500910658823
17070.556640625	49.1047645750345	-120.144228869539
17369.384765625	51.6743899187855	-92.0359615913414
17673.33984375	52.6456631348948	-66.6485178404944
17981.689453125	54.2468559570158	-75.3520881698092
18296.630859375	55.9424058933304	-81.0169300272347
18615.966796875	57.540767633263	-103.860338131897
18941.89453125	56.8159225687671	-104.328203457571
19272.94921875	58.750798299823	-116.337539613063
19609.86328125	58.4531475533461	-138.586914851011
19952.63671875	54.6021394226362	-149.693757574083
20301.26953125	51.9247629643523	178.357518438353
20656.494140625	36.7189243004076	-125.543393530658
21017.578125	46.4542646771213	-85.9116875156938
21385.25390625	52.4067381282131	-103.999792677539
21758.7890625	52.505835026359	-113.153403466222
22138.916015625	54.5715438325271	-135.531861993009
22526.3671875	52.2395213650027	-156.274627493317
22920.41015625	49.6705389228892	-175.483263079304
23321.044921875	41.6955480645874	160.356200512906
23728.271484375	38.4298500338124	-93.4462736413972
24143.5546875	47.6703840253087	-118.043281495613
24565.4296875	46.9408945920301	-161.480818649445
24994.62890625	40.8590939745133	176.470643088329
25431.884765625	34.1426265339686	-138.712511160921
25876.46484375	38.2929152664875	-105.604252294748
26329.1015625	38.0310080739301	-126.486956870958
26789.0625	34.1863844785538	-50.6265283064374
27257.8125	45.7371757619039	-76.8824612498834
27733.88671875	46.1958897077807	-118.651814699858
28218.75	42.7871523451467	-138.493882132944
28712.40234375	38.8918529561044	-132.137515349136
29214.111328125	38.9035109457073	-156.210929467722
29724.609375	29.3415062793426	-110.055365781463
30244.62890625	33.825385344952	-103.128136370999
30773.4375	31.535479782814	-117.431075418896
31311.03515625	27.9790391943707	-60.8132967239835
31858.88671875	33.0326510649716	-43.0601430717823
32415.52734375	36.4302601135138	-47.0052506661519
32982.421875	37.4340999194132	-59.2196088053892
33558.837890625	37.025383013239	-56.8584258741985
34145.5078125	37.4496890524493	-61.6924049070107
34742.431640625	37.8522844524128	-63.8587633227539
35349.609375	36.8008803156239	-70.4105286894223
35967.7734375	35.3836877919507	-69.6800869423961
36596.19140625	34.4006985584856	-58.6048880256962
37236.328125	36.3312932041569	-50.2757152440231
37887.451171875	37.3597388405506	-62.608196942978
38549.560546875	36.4972415371476	-75.2929800751516
39223.388671875	32.3023069477356	-85.4455485817225
39908.935546875	27.1339925716915	-33.023775638597
40606.93359375	31.9009572537195	-38.0762673864136
41316.650390625	31.9074599220078	-35.2433740028312
42038.818359375	31.8948864899757	-31.1533458424855
42773.4375	31.9094228354018	-26.950615703089
43521.240234375	31.8951962884449	-22.7844860189125];

Data_Format = 'LeveldB_Phase';
Data_Domain = 'Frequency';
Data_AbscUnit = 'Hz';
Data_BaseUnit = 'V';
Data_xScale = 1;
Data_vScale = 1;
