CurveFormat = 6;
TDelayRemovedTRF = -0.00183333333333333;
SourceDesc = 'Fundamental + Minimal phase';
%[Hz]    dB-[V]    [deg]
Curve = [
19.04296875	64.2910880019099	104.271202284199
19.775390625	65.9788247133626	109.758786541475
20.5078125	67.684807471259	111.63765681512
21.240234375	69.2322172995821	110.929638852627
21.97265625	70.5649745234099	108.57116005579
22.705078125	71.6795729777232	105.229497063844
23.4375	72.5915973701456	101.368149150139
24.169921875	73.3228826659411	97.3111549273888
24.90234375	73.8974039694406	93.2978340727954
25.634765625	74.3404517756478	89.5053966952631
26.3671875	74.6787997685171	86.0642036107706
27.099609375	74.9407466361205	83.0557030358289
27.83203125	75.155318661249	80.5095331453974
28.564453125	75.3502075813266	78.3958281456669
29.296875	75.548547612316	76.6277598103498
30.029296875	75.7654254813029	75.073774504929
30.76171875	76.0056027595835	73.5852385359029
31.494140625	76.263660649849	72.0276736636474
32.2265625	76.5266152744105	70.3078658203676
32.958984375	76.7778613743539	68.3859488346988
33.69140625	77.0009778743561	66.2744951997794
34.423828125	77.1824750739438	64.0277317160634
35.15625	77.3133282971705	61.7283763930373
35.888671875	77.389608940845	59.4746307487247
36.62109375	77.4126119061616	57.3693961191184
37.353515625	77.3887430467368	55.5104865785075
38.0859375	77.3292235863624	53.9811334207247
38.818359375	77.2494745886046	52.8397572015521
39.55078125	77.1679215749564	52.1094743019065
40.283203125	77.1039875677351	51.7696061348445
41.015625	77.0753081881588	51.7527503013045
41.748046875	77.0946818243234	51.9515273501085
42.48046875	77.1677002881125	52.2354334392001
43.212890625	77.2919846190642	52.4743790401336
43.9453125	77.4583259392236	52.5607331585955
45.41015625	77.8615852504255	52.033435837342
46.142578125	78.0694594547327	51.3958821642904
46.875	78.2652470553476	50.5446851617602
47.607421875	78.4406411706551	49.5313757511352
48.33984375	78.5908246295966	48.4165485560187
49.8046875	78.8131088816061	46.1283392738619
50.537109375	78.8914709640783	45.0610853869329
51.26953125	78.9560947733508	44.0934687642428
52.734375	79.075270017187	42.4859166473565
53.466796875	79.1438848327954	41.8066749251129
54.19921875	79.2242139304629	41.1554459244338
55.6640625	79.4168026943183	39.7407669652794
56.396484375	79.5193993278661	38.9030904148251
57.12890625	79.6165460780011	37.9611758017903
58.59375	79.7667308452213	35.8476126981094
59.326171875	79.8111887772084	34.7608839548098
60.791015625	79.841265743342	32.7881493101985
61.5234375	79.8376492171564	31.9870521759395
62.98828125	79.8351178872353	30.8218533056817
64.453125	79.8900479211275	30.0470307585971
65.185546875	79.947524041525	29.6717952149781
66.650390625	80.1071739055326	28.6848689774676
68.115234375	80.2808948706333	27.2362927096151
68.84765625	80.3566070008875	26.3579245053526
70.3125	80.4680531455022	24.4339406250838
71.77734375	80.5255348873636	22.4759482316249
73.2421875	80.5428309035907	20.6154894137316
73.974609375	80.5408758875497	19.7320582981976
75.439453125	80.5197226691335	18.0552040905936
76.904296875	80.4767973381647	16.5137985509661
78.369140625	80.4169560337128	15.1550632689565
79.833984375	80.352771913954	14.005849580499
81.298828125	80.2977086339839	13.0216575761217
82.763671875	80.2552389962905	12.1110267929397
84.228515625	80.217407939834	11.2164051567073
85.693359375	80.1754346100943	10.3596814555636
87.158203125	80.130542921384	9.60031006007029
89.35546875	80.0801453576984	8.65746207819219
90.8203125	80.0659610129513	8.06436496759228
92.28515625	80.0603097054502	7.42913403217274
93.75	80.0542428813003	6.76129734862276
95.947265625	80.0437739844321	5.78020447971646
97.412109375	80.0427311472043	5.12663611286602
98.876953125	80.043900898749	4.41503374207257
101.07421875	80.0248043265903	3.24200132410814
102.5390625	79.9892873397206	2.50696762941377
104.736328125	79.9161055147829	1.54567165959807
106.201171875	79.8949066086127	1.22426447978042
108.3984375	79.8677561596292	0.586104763772882
110.595703125	79.8446513836733	-0.0404623711320342
112.79296875	79.8308176807607	-0.552806725618508
114.2578125	79.8373483103007	-0.866120345518025
116.455078125	79.8653843473452	-1.41819381820927
118.65234375	79.8976140894665	-2.05505075721956
120.849609375	79.9398858302387	-2.71289342942173
123.046875	79.9980802147148	-3.51809652606514
125.244140625	80.0424492578062	-4.54487856449621
127.44140625	80.0536340473187	-5.58949628775115
129.638671875	80.0567743468647	-6.50480085755424
131.8359375	80.0705770401687	-7.4195721662859
134.765625	80.0757230457525	-8.75259195979119
136.962890625	80.064387455684	-9.69246322223588
139.16015625	80.0570906775676	-10.5698400916949
142.08984375	80.0537542372057	-11.7545736920793
144.287109375	80.0532928314557	-12.6559396457202
147.216796875	80.0553556084939	-13.9284558222754
149.4140625	80.0508174662365	-14.9270136706235
152.34375	80.0463637909159	-16.293792813153
155.2734375	80.0296210611408	-17.8654831016018
157.470703125	79.9856217980308	-19.0516977501506
160.400390625	79.9245020153323	-20.4768886989889
163.330078125	79.8610999833393	-22.100594900638
166.259765625	79.7283932857575	-23.6735833837327
169.189453125	79.598829082352	-24.8280259546563
172.119140625	79.4903185112464	-26.112521294762
175.048828125	79.3358773832516	-27.3169675220911
178.7109375	79.17452031245	-28.4979334714662
181.640625	79.0377138842786	-29.6188364320603
185.302734375	78.8451652138538	-30.6958771459442
188.232421875	78.7152275650644	-31.5902042030059
191.89453125	78.5251800132546	-32.6719906728148
194.82421875	78.3888604210197	-33.5144767581989
198.486328125	78.1821715719343	-34.7321482476876
202.1484375	77.9442050861055	-35.8363922467051
205.810546875	77.6408168746186	-36.8100212702777
209.47265625	77.3322490746185	-37.2475160278816
213.134765625	76.9913169519578	-37.6050002839226
216.796875	76.6225198139056	-37.0790358923732
220.458984375	76.3179604587942	-35.9647248509621
224.853515625	76.1007425581432	-33.7964454326587
228.515625	76.0639287222477	-32.3074391257359
232.91015625	76.1244158585004	-30.6945022829317
236.572265625	76.2583151029712	-30.0916829943485
240.966796875	76.435592478175	-30.1933021627201
245.361328125	76.5254616203749	-31.1361819011387
249.755859375	76.5384634538683	-32.2764179786907
254.150390625	76.4805180101244	-33.1295388162175
258.544921875	76.4488350013703	-34.6439863100169
262.939453125	76.181309160939	-35.7579599872964
268.06640625	75.9585484876035	-36.161780495307
272.4609375	75.7162642066033	-36.3472995107147
277.587890625	75.4569333592414	-35.919878166137
281.982421875	75.2766738799533	-35.2663164150721
287.109375	75.1156181273084	-34.2416185280516
292.236328125	74.9752098980389	-33.1928735040405
297.36328125	74.8707177114437	-31.6178972162925
302.490234375	74.8984615163451	-29.5920685663057
308.349609375	75.0836077509566	-27.6997960464002
313.4765625	75.4094339855123	-26.6614038695697
319.3359375	75.776711934872	-26.8257833190906
324.462890625	76.0440196801716	-27.9005713053746
330.322265625	76.2787315347663	-29.7561205909164
336.181640625	76.3108496274241	-32.0579955301315
342.041015625	76.2532388965687	-33.3670871370882
348.6328125	76.1375123042838	-34.4536395722479
354.4921875	76.1665669853575	-34.7834978062226
361.083984375	76.1323987223752	-35.1889485321077
366.943359375	76.3053626646194	-34.9724137789603
373.53515625	76.6627000318654	-36.5000806032949
380.126953125	76.9537783594313	-39.6726430384991
386.71875	76.996001722518	-44.4095987954536
394.04296875	76.6044309692135	-49.1668949472623
400.634765625	76.1248027944442	-51.4698200174948
407.958984375	75.7903765729133	-53.2919270665655
415.283203125	75.320134428796	-55.9672704551953
422.607421875	74.6527006738392	-57.9786118046365
429.931640625	73.8488119745185	-58.3071054061818
437.255859375	73.0974537181856	-56.540547875561
445.3125	72.527756353502	-52.858609301139
452.63671875	72.3243281134637	-49.1510679856999
460.693359375	72.3158527999285	-46.1290590475904
468.75	72.4125114843947	-44.0563917626069
477.5390625	72.4641569457028	-43.5056889822083
485.595703125	72.2774311258292	-42.1606694836899
494.384765625	72.2359522670838	-39.2331832143129
503.173828125	72.480380717508	-36.8214985975371
511.962890625	72.7915191736221	-35.6449517972986
520.751953125	73.0209257096314	-35.2570050465273
529.541015625	73.239215299429	-34.4259603782345
539.0625	73.6400534918839	-32.6777172797971
548.583984375	74.3440472012253	-34.5296810321602
558.10546875	74.6265515376572	-37.6690172615093
568.359375	74.9565410102687	-40.409701789795
577.880859375	74.9781957278047	-44.6212676102828
588.134765625	74.8177738022849	-47.9217010217978
598.388671875	74.5899509723274	-50.7954665639181
609.375	74.2169165287692	-53.2084898646369
619.62890625	73.835076319236	-54.5682028999784
630.615234375	73.3646545162905	-54.7708214879441
641.6015625	73.0965068934775	-53.8593596627472
653.3203125	72.9924078569522	-52.8855689493805
665.0390625	72.9535643115738	-53.0978449876273
676.025390625	72.8695666721833	-52.2537793402898
688.4765625	72.9220815534165	-52.4767342890605
700.1953125	72.9708794935206	-52.9720464558319
712.646484375	73.0219508774052	-53.647195311253
725.09765625	73.0364370809154	-55.3279564029526
738.28125	72.8944427458479	-57.0061192838374
750.732421875	72.6510741640941	-57.8709983156447
763.916015625	72.4550324645096	-57.2473511896177
777.83203125	72.6485194262919	-56.7209547327997
791.015625	72.8878631322438	-57.8298181162122
804.931640625	72.7659604848745	-62.716141497363
818.84765625	72.5866651457503	-64.3163492205337
833.49609375	72.0876578868474	-67.338867716532
848.14453125	71.3818750793449	-66.8687981702912
862.79296875	71.0629977646961	-63.8578935506567
878.173828125	71.2462905754657	-61.1048766125164
893.5546875	71.6824365232405	-62.1486798335067
909.66796875	71.5539363123078	-64.631877316403
925.048828125	71.5007479620555	-63.8820055182206
941.89453125	71.8445820419183	-65.3100039944357
958.0078125	72.1294957121208	-68.6294217210188
974.853515625	71.9771357367317	-74.0207691763498
991.69921875	71.4929988507715	-78.0964526553337
1009.27734375	70.9506032506517	-79.7534500659299
1026.85546875	70.7097042719304	-83.7230616884772
1045.166015625	69.825594630332	-85.7405638331319
1063.4765625	68.7831618353394	-87.0213630836899
1081.787109375	67.8331114449769	-82.4218894501488
1100.830078125	67.9501572560165	-79.0482287866816
1120.60546875	67.7574555979984	-80.2331106128769
1140.380859375	67.2505719448897	-78.5668557860143
1160.15625	67.0960822702553	-77.6939755200945
1180.6640625	67.2485520135149	-75.0578252660181
1201.171875	67.031022081318	-81.4216529410776
1222.412109375	66.1852054884632	-78.3654188850439
1243.65234375	65.9498877652491	-81.2874722289697
1265.625	64.3509013846295	-79.8557262167506
1287.59765625	63.5308230867873	-72.1514521407991
1310.302734375	63.3331407916118	-61.3340000565987
1333.0078125	64.549855982634	-55.1372026822924
1356.4453125	65.1526257135772	-53.9333784592318
1379.8828125	65.7945767108783	-51.9956229165971
1404.78515625	66.8929566082898	-54.8259475887529
1428.955078125	67.0042594773649	-62.4719532382648
1453.857421875	66.2369099293812	-65.1570168460706
1479.4921875	65.8778471276989	-64.7071983509049
1505.859375	65.9008597838303	-65.1568360715004
1532.2265625	65.1516582416364	-64.1117077655114
1558.59375	64.9229139765806	-58.8746283217555
1585.693359375	65.7412446597893	-58.7890236950351
1613.525390625	65.7327700141788	-61.045903231424
1642.08984375	65.8587604326279	-60.8181872541087
1670.654296875	65.3749627052585	-65.1193066465369
1699.951171875	65.0200549248026	-61.2281609724375
1729.98046875	64.9929288249879	-60.5593564845938
1760.009765625	64.567789679077	-55.4509712512574
1790.771484375	65.888215382398	-51.8906650126963
1822.265625	66.4476209317582	-58.4590019556488
1854.4921875	66.3541160042121	-65.8905300744394
1886.71875	65.1747416795096	-66.8849040651591
1919.677734375	64.345189092261	-60.4136053115653
1953.369140625	65.2789310638523	-53.1206359037528
1987.79296875	66.4341315103565	-58.8352086012912
2022.216796875	66.8111008566246	-62.3224054718399
2058.10546875	66.5303892685454	-70.5326160794152
2093.994140625	65.4394634856702	-69.0948787285364
2130.615234375	65.9503477859323	-71.374339810889
2167.96875	65.0979384057017	-67.5147052810294
2206.0546875	65.578803174395	-74.687209352284
2244.873046875	64.606646561823	-69.9290141106635
2283.69140625	65.7325984950998	-75.4813377494142
2323.974609375	64.5336873949042	-81.6060512138266
2364.2578125	64.7615676636544	-76.3758293366744
2406.005859375	64.0410455303554	-79.175545092775
2447.75390625	63.366177507462	-73.8138940094464
2490.966796875	63.5906035891063	-79.8292055589905
2534.1796875	63.2123194497941	-69.9678764537993
2578.857421875	64.6025702356583	-76.1572818175826
2624.267578125	64.0430392110506	-82.4657074421436
2669.677734375	62.303713445292	-92.1625679575996
2716.552734375	61.9042314408409	-79.3257343611025
2764.16015625	61.0531534726735	-83.152050135779
2812.5	60.511879536346	-71.4004058285088
2861.572265625	61.8594156194785	-70.3440798072269
2912.109375	61.937376831915	-71.9170184920996
2962.646484375	61.1352270472899	-71.8915288079004
3014.6484375	61.6354071088402	-66.8402123870198
3067.3828125	62.7755711964507	-67.8662345329339
3120.849609375	62.9888241561244	-75.0080938527392
3175.78125	62.2773595304137	-77.5730092878649
3231.4453125	60.8970953546357	-86.7090350520743
3287.841796875	60.1329034455874	-62.3515286237488
3345.703125	62.22283441228	-60.1678009244867
3404.296875	63.1872001051215	-69.0776979003411
3463.623046875	63.3191977762691	-79.5369175769569
3524.4140625	61.7167730868316	-80.1777492032488
3585.9375	62.7859189805157	-77.4725759529618
3648.193359375	63.1545242381844	-85.553275401801
3712.646484375	62.1741691289386	-91.3076256205475
3777.099609375	60.144770835012	-97.6493025657368
3843.75	60.1088814119875	-95.1916898564385
3910.400390625	58.7616645237037	-101.551701317674
3979.248046875	57.8013159163881	-76.9212827671122
4048.828125	58.7230595560264	-81.8462704426981
4119.873046875	58.3794505947853	-77.1191029132156
4191.650390625	58.4617314630156	-69.4647123452218
4264.892578125	59.9806707833798	-63.8329313175498
4339.599609375	59.1976727689344	-75.0903480769631
4415.771484375	59.2189588932528	-73.6024948442116
4492.67578125	59.6096690086279	-77.0287225979393
4571.044921875	59.5878960449235	-79.4249896775304
4651.611328125	59.2172918647888	-85.8259462397441
4732.91015625	58.6020502493326	-76.1183978942952
4815.673828125	59.652311477343	-74.5824740538491
4899.90234375	58.6348852983121	-89.287370985102
4985.595703125	58.8980874494043	-74.2586908380645
5072.75390625	59.4563549861709	-79.8878528165525
5161.376953125	57.8917359622125	-86.0196024069453
5251.46484375	59.1081224532006	-76.4281338325589
5343.75	59.7317488103349	-82.0107385005984
5436.767578125	58.608029198699	-82.0244599478542
5531.982421875	59.1454496084519	-91.9838303898807
5628.662109375	57.7121553149268	-94.5732460219569
5727.5390625	56.8452634799501	-86.4420010052976
5827.1484375	57.2713667345499	-94.3203971414677
5929.6875	56.9322146693329	-72.8289385299041
6032.958984375	57.676437255867	-90.39295773932
6138.427734375	57.2162716453338	-80.8398911961301
6246.09375	58.8655050253097	-82.4905033437437
6355.224609375	58.614294788661	-84.1886963498342
6466.552734375	59.0023012103075	-88.7634400752311
6579.345703125	58.8061499593299	-92.4952844171244
6694.3359375	57.4774313995392	-96.2151274413477
6811.5234375	57.762685743608	-94.4172698837601
6930.908203125	56.6206386585639	-96.2581938484174
7051.7578125	56.3267735869634	-105.430591314417
7175.537109375	56.6909179806336	-105.702295751206
7300.78125	56.2398902494577	-99.2312137196954
7428.22265625	54.85882960762	-93.681649713516
7558.59375	55.531388798456	-102.118228680714
7690.4296875	55.3744948287048	-97.9322950790118
7825.1953125	54.4076919928202	-102.316000628796
7962.158203125	54.2395101523118	-112.071647363822
8101.318359375	54.5020753800084	-115.416403371813
8242.67578125	54.4593555056496	-100.722787196493
8386.962890625	54.4823857218006	-88.6432928549494
8533.447265625	52.2507170406747	-81.3268701392416
8682.861328125	53.4221680098227	-76.0373761018733
8834.47265625	54.6055525017174	-70.9621108123128
8989.013671875	55.4501202940244	-77.5480032978359
9146.484375	56.0624888805996	-79.3249658804055
9306.15234375	56.143705706776	-94.9690549176428
9468.75	56.3242212781114	-95.6446126987892
9634.27734375	55.2175159773332	-96.813097477039
9802.734375	54.3281149316805	-101.848332851695
9974.12109375	56.9455154948125	-103.133007716568
10149.169921875	57.0691583270129	-104.819596643667
10326.416015625	56.1684994478896	-113.55454025821
10506.591796875	56.722953662321	-124.754251034516
10690.4296875	56.167505113657	-125.439171338261
10877.9296875	54.1204770014856	-127.456670974505
11067.626953125	53.3245164161082	-120.98875270199
11260.986328125	53.5991716044129	-116.825759920545
11458.0078125	53.7990668033147	-118.086935794281
11658.69140625	54.0258243086542	-122.661350240232
11862.3046875	54.5856596766661	-116.056997937081
12069.580078125	54.2822266089018	-124.857891702029
12281.25	54.3026111557276	-123.39408164894
12495.849609375	55.4989172448265	-141.251767400682
12714.111328125	54.8744434245718	-149.298549668437
12936.767578125	54.3139446700876	-165.126748773388
13162.353515625	52.7019558043946	-176.1971718456
13393.06640625	52.0238391714259	-178.138370882953
13626.708984375	48.7146111819696	170.518072752118
13865.478515625	46.2428721189586	163.598947591305
14107.91015625	41.5385851075494	173.82381941471
14354.00390625	35.0437766686612	-172.425948004267
14605.224609375	41.4283856202982	-133.968818006849
14860.83984375	38.840391342939	-149.169328586026
15120.1171875	39.9462977021679	-142.466755648274
15384.521484375	40.7019245672301	-141.40547142059
15654.052734375	37.9658979979508	-138.801317347063
15927.24609375	37.8300466579256	-135.123667404895
16205.56640625	36.6153970391719	-117.339119033255
16489.013671875	38.4052581747684	-124.339490740075
16777.587890625	35.7121402279465	-112.112921445573
17070.556640625	38.0412929707426	-109.22229119523
17369.384765625	38.1096406264143	-110.483997736491
17673.33984375	32.2535553129105	-104.849404737291
17981.689453125	38.4442282459386	-46.9139019560713
18296.630859375	40.0515781185733	-61.4050731794335
18615.966796875	44.6355569242331	-59.14408270722
18941.89453125	43.213047070738	-84.1446362407174
19272.94921875	46.0727784630636	-71.8495258617416
19609.86328125	46.3942652968693	-100.434396236518
19952.63671875	47.1432041503659	-110.502787953911
20301.26953125	43.6411557805848	-122.364204671917
20656.494140625	44.0314333205205	-130.867700241952
21017.578125	40.9017873312345	-122.563112415039
21385.25390625	39.8763516734752	-133.869362829303
21758.7890625	40.4310544027103	-120.05755718467
22138.916015625	40.060830822505	-114.982334470744
22526.3671875	41.6577165881208	-109.823477021092
22920.41015625	43.3791305041422	-122.418646956974
23321.044921875	43.1725663620967	-139.304715495796
23728.271484375	42.0789300857006	-151.861093378257
24143.5546875	40.1157300676957	-166.229564851746
24565.4296875	36.7990514687729	-172.731096423398
24994.62890625	33.0634200503958	-172.387870583141
25431.884765625	30.4453293136941	-153.233766252083
25876.46484375	31.7067617666176	-134.385771581315
26329.1015625	31.1492862927614	-137.162789229631
26789.0625	30.4816183825758	-134.256481876849
27257.8125	27.9077603422278	-125.160743001749
27733.88671875	29.1396569201397	-109.989688355301
28218.75	31.2194634121106	-114.897575367665
28712.40234375	29.6136462490062	-121.703668144102
29214.111328125	29.8088473173721	-116.684033355264
29724.609375	30.7181410920563	-125.54842626366
30244.62890625	29.0844258073005	-137.661935146997
30773.4375	25.6493692167974	-144.88316374215
31311.03515625	22.5529624622495	-138.255208421832
31858.88671875	19.0542753459144	-130.435735673434
32415.52734375	16.2439144022213	-88.8900064903787
32982.421875	21.1315521376181	-83.1670628155735
33558.837890625	21.1456971778782	-81.373782881511
34145.5078125	20.3263652017193	-76.7930156563916
34742.431640625	20.649537622967	-80.9573405113324
35349.609375	17.0868919235526	-47.1919499893919
35967.7734375	15.8683387647138	-41.6080913554552
36596.19140625	18.9756199701207	-12.3290414719955
37236.328125	18.9567769894935	-35.4266599537342
37887.451171875	19.4584444620756	-26.4066702393461
38549.560546875	19.0090642615041	-4.01496885163683
39223.388671875	21.1910601692665	29.9757489385778
39908.935546875	22.879975709641	38.9898331020086
40606.93359375	27.8197179255829	12.9988622828035
41316.650390625	27.8278625807752	4.80880093190394
42038.818359375	27.8256266125242	0.97998125582208
42773.4375	27.8293100494534	-0.794301344302765
43521.240234375	27.8156365881559	-1.79149591543735];

Data_Format = 'LeveldB_Phase';
Data_Domain = 'Frequency';
Data_AbscUnit = 'Hz';
Data_BaseUnit = 'V';
Data_xScale = 1;
Data_vScale = 1;
