CurveFormat = 6;
TDelayRemovedTRF = -0.00183333333333333;
SourceDesc = 'Fundamental + Minimal phase';
%[Hz]    dB-[V]    [deg]
Curve = [
19.04296875	64.2834010522013	107.103216744892
19.775390625	65.9769841987727	112.688522224475
20.5078125	67.6866547361204	114.653943946502
21.240234375	69.2359198407719	114.032049290332
21.97265625	70.5693818647859	111.763484052523
22.705078125	71.6840635836033	108.516757479272
23.4375	72.5959175387124	104.755388234115
24.169921875	73.3270503766911	100.803152901708
24.90234375	73.9016577859947	96.8987258084478
25.634765625	74.3452175985799	93.218533782768
26.3671875	74.6846516018342	89.89165916869
27.099609375	74.948340980288	86.9980343507483
27.83203125	75.1652902076848	84.5653903267241
28.564453125	75.3630330620018	82.5621811394411
29.296875	75.5644138832798	80.9003860035935
30.029296875	75.7841597258578	79.448502977967
30.76171875	76.02671083347	78.0590982686087
31.494140625	76.2864696755563	76.5999414019102
32.2265625	76.5504638544593	74.9801944820761
32.958984375	76.8022669718684	73.1620543503283
33.69140625	77.0257385313306	71.1592275686314
34.423828125	77.2077001497171	69.0262630204873
35.15625	77.3394139973509	66.8452800015736
35.888671875	77.4171761155455	64.7133200756937
36.62109375	77.4424161288062	62.7315584839667
37.353515625	77.4215605494084	60.9959108062514
38.0859375	77.3657173760533	59.5876608338004
38.818359375	77.2900557978119	58.5638140660845
39.55078125	77.2126403880862	57.9469564724614
40.283203125	77.152506228435	57.7173592693984
41.015625	77.1270057833957	57.810004723639
41.748046875	77.1488979995339	58.1209579531415
42.48046875	77.2240512638331	58.5229881676726
43.212890625	77.3506281985014	58.8879745851854
43.9453125	77.5200643987216	59.1080423144355
45.41015625	77.9338952224529	58.8604510190829
46.142578125	78.1495957010858	58.3609424949182
46.875	78.3546877083061	57.6414269670399
47.607421875	78.540452180327	56.7507195191911
48.33984375	78.7015588467804	55.7479456766304
49.8046875	78.9452626712235	53.6529716967376
50.537109375	79.0332582803302	52.6700879420911
51.26953125	79.1064448517245	51.7821226047796
52.734375	79.2395149038361	50.3314924276042
53.466796875	79.3138653151101	49.73428785245
54.19921875	79.3995649067548	49.1690975921379
55.6640625	79.6030826263764	47.9368800000601
56.396484375	79.7116203882133	47.1930162641246
57.12890625	79.8150658116167	46.3446341364048
58.59375	79.9784869532745	44.4134643477401
59.326171875	80.029596854268	43.4150413489816
60.791015625	80.0725065172702	41.6149413696954
61.5234375	80.0749975273937	40.8994728824253
62.98828125	80.0842099629637	39.9069213501752
64.453125	80.1506696250969	39.3080418623102
65.185546875	80.2139565193467	39.0219435894564
66.650390625	80.3854465679085	38.2152772552101
68.115234375	80.5714832657974	36.9496690658804
68.84765625	80.6536509580848	36.1637042300784
70.3125	80.7788845383017	34.4248224116183
71.77734375	80.8514422184581	32.6483835169761
73.2421875	80.8846801734971	30.9613783230226
73.974609375	80.8907570570763	30.1612287522169
75.439453125	80.8853614993222	28.6461948030967
76.904296875	80.8578118450991	27.264761923961
78.369140625	80.8136729569296	26.0666620917476
79.833984375	80.766242439779	25.0750284909195
81.298828125	80.7288246769894	24.2384093317498
82.763671875	80.7038451885114	23.4622040969695
84.228515625	80.6824065088594	22.6927205157334
85.693359375	80.6557498208131	21.9581192486097
87.158203125	80.6258255178793	21.3195808432428
89.35546875	80.5977800986787	20.5460709274044
90.8203125	80.5973303037778	20.0534563728005
92.28515625	80.6034528728451	19.5131841057789
93.75	80.6072250685273	18.9415103741071
95.947265625	80.6090909619758	18.1119508974102
97.412109375	80.6147446746222	17.5632170893088
98.876953125	80.6209529186929	16.9632328499478
101.07421875	80.6075823418302	15.9877019177584
102.5390625	80.5773402543008	15.4071893572762
104.736328125	80.5203142654179	14.7199827217923
106.201171875	80.5073189272563	14.5028548894427
108.3984375	80.4946142786414	14.0593346422154
110.595703125	80.483466920775	13.6374235263671
112.79296875	80.48367269684	13.3434875451046
114.2578125	80.5010935174377	13.1697574957734
116.455078125	80.5454040002845	12.8142299605917
118.65234375	80.5939542067272	12.3693188816813
120.849609375	80.6539151351071	11.8863151234651
123.046875	80.7275123243265	11.2247175704179
125.244140625	80.7817660140837	10.3361125312061
127.44140625	80.8003664804945	9.4453262512578
129.638671875	80.8103214536686	8.68192534766791
131.8359375	80.8267708129646	7.91295160786923
134.765625	80.8285500218378	6.81608677019885
136.962890625	80.8149672202891	6.09193376612353
139.16015625	80.8069717788808	5.44536188571586
142.08984375	80.8051257409593	4.58512526261869
144.287109375	80.8078579128086	3.92127110572587
147.216796875	80.8100814962155	2.95217702360716
149.4140625	80.8024715833285	2.20961509131188
152.34375	80.7970796238584	1.2101071139497
155.2734375	80.7767867657088	0.0055170750083295
157.470703125	80.7283236527542	-0.862245246386427
160.400390625	80.6692276830654	-1.83589918082882
163.330078125	80.6063826910765	-3.03780303222965
166.259765625	80.4688210560587	-4.11795990421402
169.189453125	80.3451336530533	-4.72970742110409
172.119140625	80.244907004973	-5.49478344009185
175.048828125	80.0983510908354	-6.14520685374253
178.7109375	79.9501639388473	-6.62400335012065
181.640625	79.8202416131974	-7.13025471959399
185.302734375	79.6444651868915	-7.36211805064399
188.232421875	79.5293923798839	-7.52535300369046
191.89453125	79.372207332096	-7.58101244071051
194.82421875	79.2708286766705	-7.56856234251224
198.486328125	79.1222107270529	-7.57000586028971
202.1484375	78.9752183501289	-7.34995560834433
205.810546875	78.8116469115384	-6.9008604136843
209.47265625	78.694544827449	-6.06655783476451
213.134765625	78.5888273701145	-5.15588896392512
216.796875	78.5488164053888	-3.71214006663707
220.458984375	78.6147548245939	-2.39961951008516
224.853515625	78.8067331578512	-1.22956939453041
228.515625	78.982631871292	-1.04610367910687
232.91015625	79.17310405116	-1.06644685062833
236.572265625	79.3302027561576	-1.48242151416363
240.966796875	79.4879274217724	-2.41057643603043
245.361328125	79.5548220101205	-3.61381104648317
249.755859375	79.5702549684823	-4.79748518697439
254.150390625	79.5167534923577	-5.81046110712659
258.544921875	79.4094165806373	-6.72209895737649
262.939453125	79.2564009320186	-6.59128832531035
268.06640625	79.2699348287004	-6.29287940921338
272.4609375	79.2760424598965	-6.54308925229214
277.587890625	79.25502050497	-6.75933966079685
281.982421875	79.232460769115	-6.92078067548966
287.109375	79.2075198492914	-6.92802699517152
292.236328125	79.1816966735574	-6.78261134497686
297.36328125	79.197459209674	-6.39181793054149
302.490234375	79.2900821536553	-5.92285160090769
308.349609375	79.4581406595745	-5.83371393845402
313.4765625	79.6697490505534	-6.30133358257692
319.3359375	79.8638099637607	-7.6367779101575
324.462890625	79.9143541939825	-9.38693832236152
330.322265625	79.8754589319152	-10.9904578460517
336.181640625	79.7451662467875	-12.4349976214046
342.041015625	79.5887880926766	-12.6888501845175
348.6328125	79.5610660133103	-12.7214284479602
354.4921875	79.6417342077732	-13.093199705639
361.083984375	79.6552288367361	-14.2874376755567
366.943359375	79.6681696130455	-15.425880900182
373.53515625	79.5577868879631	-17.3663577514866
380.126953125	79.2804190420259	-18.3515453114474
386.71875	79.0355399261308	-17.9071582041507
394.04296875	79.0083893348348	-17.2343403611745
400.634765625	79.0259196796749	-17.4577876429059
407.958984375	79.0535533229326	-18.0479935904087
415.283203125	78.959088113719	-19.2866603365685
422.607421875	78.7632360251409	-19.9438189390447
429.931640625	78.5555790095949	-19.9229889844835
437.255859375	78.4080757255694	-19.3685671897644
445.3125	78.3351480079181	-18.4957827216019
452.63671875	78.3424824833814	-17.9976983777304
460.693359375	78.3666165378657	-17.7752803286498
468.75	78.3587676808791	-17.6928453429862
477.5390625	78.3181091895816	-17.3973582083036
485.595703125	78.3701888162319	-16.1992651681399
494.384765625	78.5794922900797	-15.8254140307827
503.173828125	78.8041207564232	-16.2641597424385
511.962890625	78.9626953077553	-17.3139724521153
520.751953125	79.0511019878373	-18.4059296620865
529.541015625	79.1526436876477	-19.5488287285308
539.0625	79.1672439497326	-20.3333729569584
548.583984375	79.3280056053281	-22.3120616385709
558.10546875	79.2653440970752	-24.2517843714525
568.359375	79.3673967058251	-25.2725173179382
577.880859375	79.3491657108415	-28.6321775499781
588.134765625	79.0454371076417	-31.3316187843688
598.388671875	78.654551862051	-32.6687800269551
609.375	78.3751366534553	-33.1130832936501
619.62890625	78.1197418140791	-33.859459374649
630.615234375	77.8035316735075	-33.5300438737496
641.6015625	77.7162805037234	-33.2859366248158
653.3203125	77.653496375768	-33.5326192046809
665.0390625	77.5632322144948	-35.0984658213287
676.025390625	77.3069016471087	-35.7019970962584
688.4765625	76.9631463812067	-36.7843244068149
700.1953125	76.5842641573198	-36.6913492383726
712.646484375	76.3291287910898	-35.2084671612404
725.09765625	76.2813021441423	-34.8835597784894
738.28125	76.0616899413935	-35.9567022001111
750.732421875	75.552390750848	-35.8159207050092
763.916015625	75.1523426364857	-33.0899438070592
777.83203125	75.0665209062681	-30.2949415619677
791.015625	75.0369580286631	-26.9269407162949
804.931640625	75.2852050505309	-26.7291047897959
818.84765625	75.4883986237898	-25.6552396380478
833.49609375	75.5113117063547	-25.8783408025725
848.14453125	75.4430055598117	-24.9583738358108
862.79296875	75.5706592884399	-22.9450043012339
878.173828125	76.1238480221843	-21.7529251661083
893.5546875	76.6430672800504	-25.780379496368
909.66796875	76.2362786830723	-29.9167963605374
925.048828125	75.8681953288671	-29.0005165901913
941.89453125	75.8248608096856	-29.2372777326427
958.0078125	75.846981963193	-29.1123977363024
974.853515625	75.7914070703745	-30.5237347646449
991.69921875	75.4507264626625	-32.25389152658
1009.27734375	74.8862728574376	-29.2251233292455
1026.85546875	75.4021350640829	-26.9721725211535
1045.166015625	75.4711301482783	-27.0477293404512
1063.4765625	75.5557593873796	-28.7920413230863
1081.787109375	75.3243953662864	-27.7053703272332
1100.830078125	75.7634606809611	-27.3003334209712
1120.60546875	75.9871802284058	-30.282668824313
1140.380859375	75.8419357569536	-33.7867201322063
1160.15625	75.3878133571208	-35.4504277865906
1180.6640625	75.3129204611591	-34.2451978578512
1201.171875	75.1980974356294	-38.7006862552356
1222.412109375	74.454684483136	-38.7873327605027
1243.65234375	73.747668754623	-38.8438617587874
1265.625	73.2607946951126	-33.1132378603974
1287.59765625	73.681462282772	-29.8801786120592
1310.302734375	73.7812724959229	-31.0353445716607
1333.0078125	73.7177553821114	-31.0912287241064
1356.4453125	73.6465673164679	-28.8337583971768
1379.8828125	73.9997700404447	-29.3210689299154
1404.78515625	73.6478753097975	-32.7012020016058
1428.955078125	73.4047265876333	-30.7655855744331
1453.857421875	73.1734043715621	-30.6743064132746
1479.4921875	72.9587457622709	-29.8505737499059
1505.859375	72.7176192994861	-26.244898522132
1532.2265625	73.2846714346554	-27.1693133993553
1558.59375	72.6042304124825	-26.9003178001257
1585.693359375	72.6705101429844	-24.3402778641408
1613.525390625	72.8616191313728	-25.2638985706972
1642.08984375	72.2179748092072	-22.5628580269763
1670.654296875	72.4432081584658	-16.4225638921856
1699.951171875	73.1647789120291	-18.5040960680344
1729.98046875	72.8346080229469	-14.7045049637092
1760.009765625	73.69169506935	-13.930712938938
1790.771484375	73.8715900332263	-17.206377429971
1822.265625	73.7016224313211	-14.4730771344648
1854.4921875	74.4711490623677	-18.1964642623627
1886.71875	73.8663575397106	-17.6975290631694
1919.677734375	74.2906469575588	-15.1798327754104
1953.369140625	74.5028208315411	-15.7260301625337
1987.79296875	74.9595942369041	-17.9286898131396
2022.216796875	75.4811283524651	-21.9221101915185
2058.10546875	75.0411132577698	-24.0889223238222
2093.994140625	74.8353115550566	-25.2906465977874
2130.615234375	75.1399609960732	-24.1548297969483
2167.96875	75.1968700026056	-28.1947762716725
2206.0546875	74.3364028734802	-30.5459018620616
2244.873046875	74.5368689177168	-27.9012556993329
2283.69140625	74.0825872794242	-28.9116212806987
2323.974609375	74.4330485463723	-28.1140794075403
2364.2578125	74.003218391338	-31.9028042950288
2406.005859375	74.0796119755511	-28.6156984876337
2447.75390625	73.5026524969244	-26.5484920861938
2490.966796875	73.8996690343922	-23.7113144025191
2534.1796875	74.2874651543836	-23.5707669320667
2578.857421875	75.0318466854263	-23.2787439408454
2624.267578125	75.3607071248335	-26.4105332809338
2669.677734375	75.3734473369219	-29.1148998212213
2716.552734375	75.6794707954405	-31.5535074605238
2764.16015625	75.4307009004989	-34.6692543606617
2812.5	75.7214458100975	-37.4404808949703
2861.572265625	75.5280006021018	-40.3385872674343
2912.109375	75.6367221790223	-46.7671684196061
2962.646484375	75.0942774608429	-47.9029639149154
3014.6484375	73.9892948389982	-52.8185399452202
3067.3828125	74.0277360095522	-52.6345790550536
3120.849609375	72.949686155821	-48.1073194895015
3175.78125	72.9378988763317	-51.0122883888595
3231.4453125	72.7796604751457	-52.0539038079115
3287.841796875	71.5742712703955	-50.5574586854614
3345.703125	71.5561666269116	-48.655944226892
3404.296875	71.9489337983418	-42.9699425762321
3463.623046875	71.4908595648964	-46.0116139296524
3524.4140625	71.2697445394843	-48.5739139006549
3585.9375	71.2951013776974	-43.586177543281
3648.193359375	70.9595484342059	-44.4417380328716
3712.646484375	71.063500606509	-48.4823769867817
3777.099609375	69.9161467022399	-45.0851276390345
3843.75	69.7081712602155	-41.7420945418764
3910.400390625	68.9019374916044	-43.4290175658303
3979.248046875	68.7661889594112	-33.0885958659323
4048.828125	69.3444446634	-28.6709484616482
4119.873046875	70.0482115875902	-27.8475783098827
4191.650390625	70.1479600881198	-26.559920739228
4264.892578125	71.1953604948831	-24.0387407119691
4339.599609375	71.8268300828022	-26.8068426920748
4415.771484375	71.5690218194513	-26.8765938520924
4492.67578125	71.4104991112871	-27.4892318249117
4571.044921875	71.9705676181666	-28.6363490442121
4651.611328125	71.7575301859256	-35.0677073935792
4732.91015625	70.9935384287056	-31.4063537222941
4815.673828125	71.7078539818715	-27.8197687224377
4899.90234375	71.410075635744	-32.0835318964114
4985.595703125	71.7556781117106	-26.7020413451524
5072.75390625	72.0840671401575	-28.4229042450544
5161.376953125	72.7365357141717	-30.3320034943357
5251.46484375	72.4808104579334	-32.4983783490922
5343.75	72.8953847767773	-35.2860113741588
5436.767578125	72.7130569871337	-39.7518603260901
5531.982421875	72.3255984605549	-42.6399443900502
5628.662109375	71.5092452845397	-41.1901670461713
5727.5390625	71.6297174088475	-39.6547459162622
5827.1484375	71.3806286852294	-39.458680576948
5929.6875	71.5870319532933	-33.287866192722
6032.958984375	72.4761495830937	-38.0511947522756
6138.427734375	72.0431383268114	-40.1654197030722
6246.09375	72.6478820805438	-38.5605561917065
6355.224609375	72.3479781704556	-45.4854160587014
6466.552734375	72.0837604835404	-44.3092841688535
6579.345703125	72.1205383345386	-43.8463045197474
6694.3359375	71.9777815521118	-43.0599706289143
6811.5234375	72.693748387367	-40.9747424612118
6930.908203125	73.1397360212525	-46.4785362145563
7051.7578125	73.3936672445916	-51.2274099671481
7175.537109375	73.1314796090596	-57.2309209217294
7300.78125	72.5193372475275	-60.9370854760238
7428.22265625	71.7938818288565	-62.3092102240214
7558.59375	71.5373595414384	-63.0780925182524
7690.4296875	70.9682622393853	-63.9104694947685
7825.1953125	70.8279932627361	-66.7620587768453
7962.158203125	70.3213195531125	-66.3217005028399
8101.318359375	69.8321806361455	-65.7175333374856
8242.67578125	69.1060509073747	-62.9671313145935
8386.962890625	68.6566279832533	-61.7488170288333
8533.447265625	68.0317967984337	-58.1150913502673
8682.861328125	67.6705041050596	-54.1903301752317
8834.47265625	67.617259403894	-48.9646417977947
8989.013671875	68.0668035661804	-42.9413324271235
9146.484375	68.7242355923311	-39.1422327936554
9306.15234375	69.5181558790995	-42.2405922569851
9468.75	70.1783349601344	-40.5390527252067
9634.27734375	70.814687798384	-45.1864051965482
9802.734375	71.5017807181841	-50.5579697602789
9974.12109375	71.5009795644293	-52.2619005917972
10149.169921875	71.454468012791	-54.1599791368143
10326.416015625	72.0532175341434	-54.5709857823381
10506.591796875	72.6640389256562	-55.9949690613555
10690.4296875	72.7444291304746	-61.8942548701935
10877.9296875	72.3995739974493	-68.3468655352323
11067.626953125	72.2687239203125	-69.7846622117536
11260.986328125	72.5138046448291	-73.3253647997326
11458.0078125	72.6627671222904	-79.2966968318469
11658.69140625	72.2721211173941	-84.1531974395291
11862.3046875	71.731676760113	-86.7079627760116
12069.580078125	71.9018098422571	-89.920942466573
12281.25	71.9052018965148	-96.6844497001025
12495.849609375	71.4760838298459	-103.644385789426
12714.111328125	70.4728690489674	-112.807910330389
12936.767578125	69.3844815360115	-115.590521163249
13162.353515625	68.5710095152806	-116.86142708249
13393.06640625	67.6492012468415	-120.323426582065
13626.708984375	66.3023556754318	-122.551995405678
13865.478515625	65.4300009336906	-121.484166645263
14107.91015625	64.5104215173642	-124.665573383092
14354.00390625	62.6529445527322	-124.40448639953
14605.224609375	62.1337815681495	-115.65142954201
14860.83984375	61.851012894412	-120.68641610697
15120.1171875	60.2285080919628	-122.268255686165
15384.521484375	58.2356540039703	-119.898951468515
15654.052734375	55.5374298470234	-102.70151622951
15927.24609375	56.563675781717	-81.3701190874565
16205.56640625	58.6391119146743	-76.8322061584482
16489.013671875	59.2459401640296	-80.6488434706105
16777.587890625	59.3801441209235	-85.877656400314
17070.556640625	58.2907878782929	-88.8372897804866
17369.384765625	57.2094129496976	-80.6387092796933
17673.33984375	56.8868599638012	-66.3983154772821
17981.689453125	58.5602533095384	-59.9348622164777
18296.630859375	59.2033808864784	-63.5058736032461
18615.966796875	61.5571594082802	-61.4441913457149
18941.89453125	61.846202568989	-76.5476522004977
19272.94921875	61.2823022543917	-86.753086039489
19609.86328125	58.7169203897185	-94.7045195003216
19952.63671875	55.4581270582527	-79.7147332490295
20301.26953125	57.3528106389661	-62.5001069625185
20656.494140625	57.9726433747	-69.1238584980968
21017.578125	56.1625629515515	-58.4618869783667
21385.25390625	58.6351219276018	-45.6221693100797
21758.7890625	60.4125033881549	-54.5304501287877
22138.916015625	60.6800219977127	-55.3984019628944
22526.3671875	61.7432755926267	-59.8208112901835
22920.41015625	62.0083554500089	-68.8670119004959
23321.044921875	61.7070526151678	-76.8300053055611
23728.271484375	61.0636113192101	-80.9316553087259
24143.5546875	60.613440462969	-85.3812272679457
24565.4296875	59.3949202303812	-88.4272809054495
24994.62890625	58.2867520466653	-82.7329164223499
25431.884765625	58.558301549089	-78.4993522397688
25876.46484375	59.4668427514963	-78.4075976466322
26329.1015625	59.4480387457179	-84.4124341400198
26789.0625	59.2621758670492	-88.2031788890633
27257.8125	58.9551975495028	-90.5407305621684
27733.88671875	59.0139440101989	-96.1351347550505
28218.75	58.4807013576696	-103.943722914665
28712.40234375	57.0942598190421	-111.483138190624
29214.111328125	55.6190621683334	-106.606830349899
29724.609375	56.0131389440118	-114.5196290086
30244.62890625	53.4774799787742	-123.512269634384
30773.4375	51.0406908048139	-117.95113846459
31311.03515625	49.4491014782335	-113.023480267897
31858.88671875	47.9327316341439	-99.9839100341394
32415.52734375	48.1440161929659	-88.2325064777212
32982.421875	49.515835990708	-87.5687436033125
33558.837890625	49.1545402308381	-94.960597629258
34145.5078125	46.9094272498322	-109.795112375483
34742.431640625	43.026206883939	-104.596961985028
35349.609375	36.8051043409165	-40.6163091294572
35967.7734375	42.9936457635778	-34.7382991942508
36596.19140625	45.6760160941305	-16.0150967150963
37236.328125	49.6731891881829	-30.8549369561335
37887.451171875	49.0544200530729	-58.320320390512
38549.560546875	43.9752696055217	-52.1730147402828
39223.388671875	46.4793736047338	-35.2018610286027
39908.935546875	46.5816074930683	-44.7369864707416
40606.93359375	45.1564254227312	-35.557297350697
41316.650390625	45.1588938315604	-30.4635597446629
42038.818359375	45.1554625358015	-26.3859964339884
42773.4375	45.1592439656957	-22.6621016282936
43521.240234375	45.1555000936227	-19.1257757600675];

Data_Format = 'LeveldB_Phase';
Data_Domain = 'Frequency';
Data_AbscUnit = 'Hz';
Data_BaseUnit = 'V';
Data_xScale = 1;
Data_vScale = 1;
