CurveFormat = 6;
TDelayRemovedTRF = -0.00183333333333333;
SourceDesc = 'Fundamental + Minimal phase';
%[Hz]    dB-[V]    [deg]
Curve = [
19.04296875	64.3259588179687	107.739166427727
19.775390625	66.0192931715834	113.238718114976
20.5078125	67.7222521021198	115.163455667599
21.240234375	69.2636843686307	114.538830740419
21.97265625	70.5901760784239	112.291281323051
22.705078125	71.6991976107823	109.079100684647
23.4375	72.6066405707794	105.359752366044
24.169921875	73.3344242697377	101.453403940924
24.90234375	73.906551687656	97.5967975933963
25.634765625	74.3483352907698	93.9650665898307
26.3671875	74.6865647242994	90.6867532418267
27.099609375	74.9495212402547	87.8412779186033
27.83203125	75.1661388104128	85.4563041690222
28.564453125	75.363905129891	83.4999706284469
29.296875	75.5656336785105	81.884214219215
30.029296875	75.7860223860042	80.4771028187861
30.76171875	76.0294701242107	79.1310345458193
31.494140625	76.2903172515881	77.7133081077338
32.2265625	76.5555089505875	76.1330418918217
32.958984375	76.808523691554	74.35223873888
33.69140625	77.0331233668878	72.3849337112411
34.423828125	77.2160391826754	70.2858892005947
35.15625	77.3484590335524	68.1379559801551
35.888671875	77.4266307270219	66.0387780800871
36.62109375	77.4519742963862	64.0906067847099
37.353515625	77.430960613397	62.3902118093715
38.0859375	77.3748107005056	61.019989355273
38.818359375	77.298881567608	60.0374702320106
39.55078125	77.2214857187349	59.465488714171
40.283203125	77.1619195198058	59.2834147712436
41.015625	77.1377324571697	59.424706137355
41.748046875	77.1617326356571	59.7829821784764
42.48046875	77.239644148548	60.2288777640496
43.212890625	77.3693191384206	60.6326283732195
43.9453125	77.541811159381	60.8862679000176
45.41015625	77.9604113611258	60.6950155124257
46.142578125	78.1775826661208	60.2223872894228
46.875	78.3836374027606	59.5316637037776
47.607421875	78.5700799140656	58.6728647079817
48.33984375	78.7318598071917	57.7057853394744
49.8046875	78.9779820450954	55.6913161529579
50.537109375	79.0681075906093	54.7505013986892
51.26953125	79.1441118442886	53.9033530321852
52.734375	79.2842933023589	52.5231150736984
53.466796875	79.3623678294085	51.9534820039652
54.19921875	79.4514600134802	51.4111866366035
55.6640625	79.6598717040602	50.2170858862465
56.396484375	79.7698347421147	49.4926870915345
57.12890625	79.8742190466352	48.6665193988036
58.59375	80.0391266476942	46.7905491529547
59.326171875	80.0913053048058	45.8243894067311
60.791015625	80.1377766885586	44.0919020966743
61.5234375	80.1427505562658	43.4085743393821
62.98828125	80.1575300180595	42.4710577430282
64.453125	80.2287814225053	41.91533711219
65.185546875	80.2937699643481	41.6491375665965
66.650390625	80.467428834368	40.8863537389299
68.115234375	80.6551211997984	39.6746445810175
68.84765625	80.7383546284655	38.9188709774936
70.3125	80.8665736906948	37.2425694282708
71.77734375	80.9430133329423	35.5266999489349
73.2421875	80.9803400408195	33.8964888393531
73.974609375	80.9883834842083	33.1240690422562
75.439453125	80.9868235968418	31.6654994476612
76.904296875	80.9634123224976	30.3426646875592
78.369140625	80.9241214998111	29.202714904375
79.833984375	80.8820615553424	28.2648009411395
81.298828125	80.8498705533009	27.4765493955229
82.763671875	80.8295166938958	26.7468885517817
84.228515625	80.8123735616241	26.0265051832772
85.693359375	80.7904280501506	25.3439445643249
87.158203125	80.7660663380483	24.7558626954046
89.35546875	80.7468739468737	24.0447173320152
90.8203125	80.7512892425143	23.5863142829377
92.28515625	80.7610853050346	23.0820230760424
93.75	80.7681201733006	22.5534445387274
95.947265625	80.7764726935269	21.7978017961578
97.412109375	80.7879504136509	21.2939805053079
98.876953125	80.8002330902892	20.7287750616883
101.07421875	80.7939286495723	19.7909336563335
102.5390625	80.7664311540169	19.2362233553062
104.736328125	80.7127472723687	18.6138864961249
106.201171875	80.7017352112044	18.4307991225572
108.3984375	80.6943676111245	18.0545934627971
110.595703125	80.6890342504024	17.6920595800132
112.79296875	80.6942932446972	17.4561589461272
114.2578125	80.7151780779889	17.3236800592474
116.455078125	80.7655952343595	17.0269101551495
118.65234375	80.8197235059847	16.6284406139599
120.849609375	80.8825853435236	16.1924219015916
123.046875	80.9585012531556	15.5971738400387
125.244140625	81.0179766046539	14.7803565022599
127.44140625	81.0426165725429	13.9390952101633
129.638671875	81.0542667165471	13.2147960030073
131.8359375	81.0689539542309	12.514612599721
134.765625	81.0733568744029	11.5556932538817
136.962890625	81.0665915396428	10.9256102354808
139.16015625	81.0653413683669	10.3560482457345
142.08984375	81.0710629374545	9.59757457566821
144.287109375	81.0794886920395	9.01203072186129
147.216796875	81.0892084061365	8.15255135382496
149.4140625	81.0883988948336	7.49671206446495
152.34375	81.0929558993086	6.60187845340669
155.2734375	81.0807628609444	5.50550939225027
157.470703125	81.0396080060059	4.73019622020835
160.400390625	80.9918197414863	3.86824902372266
163.330078125	80.9378684986812	2.78632391233679
166.259765625	80.8134909913111	1.85387997850584
169.189453125	80.707338381958	1.35882687679958
172.119140625	80.6205151014561	0.703768591831247
175.048828125	80.4899357813403	0.195562429036552
178.7109375	80.3678978526617	-0.129044496453048
181.640625	80.2587368905524	-0.516003101379972
185.302734375	80.114506384761	-0.598844536490377
188.232421875	80.027700413746	-0.669316494303166
191.89453125	79.905775064644	-0.6367184906127
194.82421875	79.8326730182393	-0.552998474330985
198.486328125	79.7256804266759	-0.479984818191263
202.1484375	79.622416750251	-0.233329503786279
205.810546875	79.5059518669516	0.205535852710539
209.47265625	79.4359500833598	0.972213962686002
213.134765625	79.3826161626111	1.74891225527823
216.796875	79.3848525379812	2.90621049054993
220.458984375	79.474833078594	3.90202675254427
224.853515625	79.6690197615949	4.64125026273334
228.515625	79.8242204877802	4.59205657008058
232.91015625	79.989462236515	4.40612783065674
236.572265625	80.1225153628242	3.9233807254876
240.966796875	80.2546013772315	3.0305871899427
245.361328125	80.3127055235749	1.91079209670894
249.755859375	80.3245439477031	0.781131319825433
254.150390625	80.2616439121507	-0.190343230914266
258.544921875	80.1486890314208	-0.83141621274097
262.939453125	80.0565469664597	-0.551364705046331
268.06640625	80.0998139788721	-0.614636936266425
272.4609375	80.0871680902947	-0.973980314734899
277.587890625	80.0634834911177	-1.15786464334732
281.982421875	80.0559826032568	-1.31756837496476
287.109375	80.0514590156108	-1.51096225452616
292.236328125	80.0225871593898	-1.64614697152583
297.36328125	80.0087565374398	-1.57497771857867
302.490234375	80.0381593467936	-1.29157264740456
308.349609375	80.1166125933089	-1.16588457347688
313.4765625	80.2548783490726	-1.23504482567834
319.3359375	80.4151876532483	-2.02777606269167
324.462890625	80.4748925337216	-3.26047394411235
330.322265625	80.472268598913	-4.49842502920228
336.181640625	80.3814741028545	-5.72104714527726
342.041015625	80.2609859192574	-5.85220421750506
348.6328125	80.2951692759857	-6.12166618172339
354.4921875	80.2990851693486	-6.77403144105888
361.083984375	80.2772228928185	-7.58590560909176
366.943359375	80.2549562155044	-8.48102426734003
373.53515625	80.1055087019788	-9.70875618538957
380.126953125	79.8807850403396	-9.70044367840925
386.71875	79.8110407108208	-8.83083641507551
394.04296875	79.8898683954503	-8.72890831256566
400.634765625	79.9211144247301	-9.21686660892328
407.958984375	79.9629474061761	-9.83671735464138
415.283203125	79.9065962877962	-11.110855844747
422.607421875	79.7503994987792	-11.9899873394488
429.931640625	79.5605883165341	-12.292672574063
437.255859375	79.3959477726534	-12.1119640163387
445.3125	79.2799250570277	-11.4786113561706
452.63671875	79.2243955558938	-10.9788792477515
460.693359375	79.1922556000146	-10.5004217354796
468.75	79.1643375448075	-9.97453756566553
477.5390625	79.1692666755354	-9.33165104856749
485.595703125	79.2579378169779	-8.32052171374838
494.384765625	79.4402619631116	-8.13018030736388
503.173828125	79.6267234274704	-8.57227374055994
511.962890625	79.7474142287536	-9.56003139483783
520.751953125	79.7964556702857	-10.6299896668334
529.541015625	79.8095662841482	-11.7449402454083
539.0625	79.6896937279084	-11.9048635696109
548.583984375	79.8030255710808	-12.6883308222738
558.10546875	79.7800638434492	-13.6654591970659
568.359375	79.9319227338008	-13.92585137759
577.880859375	79.9777599930872	-16.7030392647087
588.134765625	79.7403285800767	-18.9335636333759
598.388671875	79.4137179954941	-19.9995565271991
609.375	79.1292464431259	-20.2668959413861
619.62890625	78.8498652608215	-20.1494733911231
630.615234375	78.6334296231091	-18.6174001516094
641.6015625	78.7018453959201	-17.8819403464037
653.3203125	78.7567170756199	-17.8683919635445
665.0390625	78.753938015438	-19.1604199052921
676.025390625	78.5957947046323	-19.3645239369451
688.4765625	78.3710543620698	-19.9904225409106
700.1953125	78.1496126908273	-19.3531643799963
712.646484375	78.1343840819879	-17.9846738048195
725.09765625	78.2204201181482	-18.3898523012597
738.28125	78.0631677895865	-19.7096220393161
750.732421875	77.6732760463108	-19.3624784425235
763.916015625	77.4918530383896	-16.9244787241894
777.83203125	77.5652075246538	-15.4035508369889
791.015625	77.5753120579395	-12.9633449765433
804.931640625	77.8930030603473	-13.4168671419096
818.84765625	78.1244336368638	-13.4415261488833
833.49609375	78.1039918208539	-14.5688341563879
848.14453125	77.9961020702689	-13.8449065959165
862.79296875	78.1908034105687	-12.373143622429
878.173828125	78.6764646721988	-12.3619214857453
893.5546875	79.0676467414523	-16.367100403673
909.66796875	78.6758524336108	-20.3476957074428
925.048828125	78.2987904236979	-19.9440837672362
941.89453125	78.1853894563539	-20.2231625765838
958.0078125	78.206216104945	-19.9997544852286
974.853515625	78.2024790814945	-21.6704755508659
991.69921875	77.8433784596404	-24.087297828249
1009.27734375	77.175276016478	-21.9437562031586
1026.85546875	77.4468394169876	-19.2155072526009
1045.166015625	77.5159021643818	-18.3674146901907
1063.4765625	77.6014474211229	-20.0763697835862
1081.787109375	77.2560696187732	-19.1848859335013
1100.830078125	77.5373487642641	-17.3981616602409
1120.60546875	77.8165354241323	-18.8435160566652
1140.380859375	77.7828198786245	-21.4168127927366
1160.15625	77.4554159816608	-22.4458316101723
1180.6640625	77.4255724210051	-20.55778255088
1201.171875	77.6059152185148	-23.5361655648426
1222.412109375	77.218359382422	-24.3396819962954
1243.65234375	76.8324502836481	-25.5736009107078
1265.625	76.3401309792419	-23.7487908956108
1287.59765625	76.4748420945325	-20.3510935013395
1310.302734375	76.5867213657111	-22.2053627643446
1333.0078125	76.2515074932993	-22.051257380559
1356.4453125	76.2660509330364	-19.0751023746507
1379.8828125	76.4813844798357	-19.5035899771671
1404.78515625	76.3112960486907	-21.3301462335765
1428.955078125	76.0722239034933	-19.7405962797685
1453.857421875	76.1157563138707	-19.1056840930899
1479.4921875	75.9887896322396	-20.3339348674964
1505.859375	75.7253190903682	-16.7839171394736
1532.2265625	76.2296450470592	-18.3086802089175
1558.59375	75.5843778911896	-18.9627693451586
1585.693359375	75.4022875968698	-16.2529027540829
1613.525390625	75.7700260635749	-15.6439823377315
1642.08984375	75.1979112847146	-14.9830987761213
1670.654296875	75.250476968674	-8.63736375722613
1699.951171875	76.1346083706951	-9.60407937087348
1729.98046875	75.8052062004441	-8.80303170909195
1760.009765625	76.380348685177	-6.56157410106429
1790.771484375	76.7564620525438	-10.001903875627
1822.265625	76.4465252315108	-8.5496097840428
1854.4921875	77.0618180574217	-10.971129829315
1886.71875	76.5876720058078	-11.2438411172339
1919.677734375	76.865264218309	-8.42624005398832
1953.369140625	77.0508390391109	-9.77434296841677
1987.79296875	77.2954941833261	-11.2792231738213
2022.216796875	77.7290133910876	-14.5374673497991
2058.10546875	77.1573026480727	-15.9714187217491
2093.994140625	77.1428041732117	-15.7940868889631
2130.615234375	77.1173263102376	-14.8632244019702
2167.96875	77.2597557403759	-16.6225771937217
2206.0546875	76.4724581881847	-18.2784751785834
2244.873046875	76.781871681008	-12.4510390892096
2283.69140625	76.6165815168694	-14.4456976168705
2323.974609375	77.0910943825911	-12.0534719729464
2364.2578125	77.1129542839091	-16.4522741235689
2406.005859375	77.1277275910363	-12.7003302735852
2447.75390625	76.9138651053419	-13.0121793225979
2490.966796875	77.2545567254797	-10.048102208947
2534.1796875	77.8330223348015	-10.8240563042935
2578.857421875	78.411017288413	-10.7248112889397
2624.267578125	78.7408195874687	-14.1247232661546
2669.677734375	78.8732666922789	-17.9304433728982
2716.552734375	78.9587647469309	-19.4732780190752
2764.16015625	78.9006739885121	-23.7510986429071
2812.5	79.0537178952618	-25.5851942598078
2861.572265625	78.7036507674666	-28.0267649187797
2912.109375	79.0859992137377	-31.7561223848883
2962.646484375	78.7548903989208	-33.109710132505
3014.6484375	78.0993513362887	-39.1120804817078
3067.3828125	77.9890021173075	-39.4398490588019
3120.849609375	76.7115258747394	-37.5933579148375
3175.78125	76.7835959330323	-37.8856852092407
3231.4453125	76.7635612968709	-37.7705067939352
3287.841796875	75.7426215219991	-37.2289647446623
3345.703125	75.9391525262422	-34.1845193386527
3404.296875	76.4808486176317	-29.088356437661
3463.623046875	76.6060661383601	-33.7482976095118
3524.4140625	76.5750227179095	-37.458006599861
3585.9375	76.3747984753649	-35.7861588898352
3648.193359375	76.2161667438066	-38.6227233321833
3712.646484375	76.3389608582487	-41.5096084385387
3777.099609375	75.3155173522602	-43.7037541027977
3843.75	74.6826034943206	-43.1947837731076
3910.400390625	74.1098374556966	-43.3081247570458
3979.248046875	73.5636122689836	-38.0748661490334
4048.828125	73.3431397532486	-31.2587434278254
4119.873046875	73.8547612484155	-29.4973631349921
4191.650390625	74.0402376032929	-28.9441390103133
4264.892578125	74.5010304149819	-25.066222545863
4339.599609375	74.8453289639807	-23.5823336261399
4415.771484375	74.7651262418697	-25.8181031792323
4492.67578125	74.6713671800951	-27.587494879185
4571.044921875	74.727454318043	-27.5980596031012
4651.611328125	74.8687070425256	-30.0220733786777
4732.91015625	74.211888694889	-29.6233949533174
4815.673828125	74.2555739346791	-24.7170567968604
4899.90234375	74.5452354410667	-25.2072266108493
4985.595703125	74.5434600844872	-19.8391047388565
5072.75390625	75.3152096920623	-20.1090249365126
5161.376953125	75.8198809711377	-21.0514846151205
5251.46484375	75.9823972350656	-22.6618616484831
5343.75	76.5878093838739	-25.6791143143827
5436.767578125	76.6905446575508	-30.8069196311753
5531.982421875	76.3636873395427	-33.772494997986
5628.662109375	75.9209001487316	-35.2716059577686
5727.5390625	75.7673951345165	-33.1155245432279
5827.1484375	75.9352523109089	-33.8885301594219
5929.6875	75.5477339726041	-33.8958920832117
6032.958984375	76.1719935297756	-32.7429129360038
6138.427734375	76.2553778662397	-39.5652273950236
6246.09375	75.6591477345316	-38.297735854386
6355.224609375	75.6550453089475	-41.3557932427481
6466.552734375	74.8523365555431	-40.349976996681
6579.345703125	74.929297990205	-35.7734351995323
6694.3359375	75.1328497662983	-33.9743027947296
6811.5234375	75.5023612597253	-30.6989021405111
6930.908203125	76.5336830725355	-34.3150729543873
7051.7578125	76.7672372610901	-37.4764252841945
7175.537109375	76.7438147004702	-43.4333525351094
7300.78125	76.4261486267726	-45.1407112736011
7428.22265625	75.9595212848479	-46.6296367483798
7558.59375	76.0570685629628	-46.2679621836048
7690.4296875	76.1002025541116	-47.6336500252974
7825.1953125	76.457509866905	-50.5607955891145
7962.158203125	76.1099158841362	-54.2261233404024
8101.318359375	75.614618302343	-56.185710921469
8242.67578125	74.9378342420545	-56.9130550276958
8386.962890625	74.7442556356097	-56.0075599012471
8533.447265625	74.387699234894	-54.2528868154438
8682.861328125	74.4136706874125	-54.5654583024008
8834.47265625	74.5483799180065	-53.5402220637142
8989.013671875	74.5677293971624	-53.4728058148263
9146.484375	74.659262910653	-53.301694782144
9306.15234375	75.0510606292415	-54.2716209037144
9468.75	75.381128655719	-55.9651149324676
9634.27734375	75.8603374635505	-61.2015458446688
9802.734375	75.8716123233218	-66.9294193748618
9974.12109375	74.6457991027546	-73.2007887913543
10149.169921875	73.6150445356938	-74.7939184386962
10326.416015625	72.2940048567065	-69.4227637532241
10506.591796875	71.4017579647174	-65.7724510450867
10690.4296875	70.809410147988	-61.8246179085779
10877.9296875	71.0144400109541	-54.2446145816895
11067.626953125	71.9736409561211	-44.6900327701884
11260.986328125	73.1722876792923	-42.4236985540102
11458.0078125	74.6288880821316	-44.0893052462702
11658.69140625	75.5234236697111	-48.3923534943308
11862.3046875	76.208995174194	-53.6212649382499
12069.580078125	76.9941899670358	-59.2041066538
12281.25	77.6819062708166	-66.4824445334523
12495.849609375	77.6396863109769	-76.9972734138859
12714.111328125	77.1296605476168	-86.3998357100626
12936.767578125	76.3999583413182	-93.5592539816148
13162.353515625	75.5776472031299	-97.8195557843147
13393.06640625	74.8654777296861	-102.018078801201
13626.708984375	73.8423180184928	-104.7970734698
13865.478515625	73.2318916777565	-105.027781600811
14107.91015625	72.5983117427657	-108.406726113701
14354.00390625	71.509377660145	-107.403346847595
14605.224609375	71.2755402874117	-104.572233029484
14860.83984375	71.278562620802	-107.030842550757
15120.1171875	70.8098444680858	-110.245466944044
15384.521484375	70.1868944032807	-112.39514340326
15654.052734375	69.3980025004027	-110.445992491507
15927.24609375	69.3124749562818	-109.490422211045
16205.56640625	69.3096176689744	-112.018068878364
16489.013671875	68.8571782760726	-116.694615380419
16777.587890625	68.4089503209664	-117.484611614938
17070.556640625	68.0154393937242	-125.441637264993
17369.384765625	66.4260888265608	-127.710802463372
17673.33984375	65.4783570015557	-127.98998953998
17981.689453125	64.5153554889471	-126.538545211988
18296.630859375	63.4637622559263	-130.620776120029
18615.966796875	62.2525850165401	-133.495034425283
18941.89453125	59.2782244742748	-137.981173375466
19272.94921875	56.5441464956676	-113.525240917015
19609.86328125	56.0297241113339	-107.11332846754
19952.63671875	54.731577725427	-79.6325722932951
20301.26953125	57.6030525549083	-72.94819509115
20656.494140625	57.8876451760381	-66.810423743493
21017.578125	56.9983947503968	-54.6828970665132
21385.25390625	59.5099128288809	-36.5053850496272
21758.7890625	62.2937103103436	-30.9432192988995
22138.916015625	65.0832411900097	-34.2236807036684
22526.3671875	67.7376027463742	-43.8006161518588
22920.41015625	68.7209721326583	-61.969377741654
23321.044921875	68.3721221774687	-74.8776435052804
23728.271484375	67.9658767840375	-80.5400558989401
24143.5546875	68.381221722753	-88.0448795296914
24565.4296875	67.9331021718532	-99.1914601374411
24994.62890625	67.0996598896431	-105.30108121252
25431.884765625	66.3896082424794	-108.746156612709
25876.46484375	66.5698611041014	-112.616345463918
26329.1015625	66.4466729367481	-123.55540612293
26789.0625	65.5893555870337	-135.001502940356
27257.8125	64.0145174396142	-146.409514291526
27733.88671875	62.148209567036	-153.506192413538
28218.75	60.2300360412885	-165.065468738146
28712.40234375	55.4709636809962	-167.525859697284
29214.111328125	53.0778253296593	-156.117539410604
29724.609375	49.7841701808295	-138.597563605471
30244.62890625	51.429763816603	-113.238289873995
30773.4375	52.6954292861465	-123.210413073437
31311.03515625	49.7346680628237	-132.998550641371
31858.88671875	46.8714946217526	-105.304874341058
32415.52734375	49.7413562412398	-96.1616701040277
32982.421875	48.4281246849717	-103.291071552366
33558.837890625	48.2178681239358	-81.2131437975173
34145.5078125	48.8430970374355	-89.2331152309537
34742.431640625	48.5708838273943	-88.7903611314132
35349.609375	48.3308041244748	-96.3743714722698
35967.7734375	43.8896161720988	-99.2909517863381
36596.19140625	41.4198036301847	-66.5686504058323
37236.328125	44.1201242955057	-53.4055798675242
37887.451171875	42.1279130215586	-49.6241203973378
38549.560546875	44.6597354588334	-19.3136120262705
39223.388671875	47.1796054509231	-27.4730479911424
39908.935546875	47.5462936422073	-33.0070255047227
40606.93359375	46.778332876942	-30.3054819208748
41316.650390625	46.7800826322537	-27.3901984324659
42038.818359375	46.7776872833258	-24.4652626778253
42773.4375	46.7804286161036	-21.4591537452845
43521.240234375	46.7786417215812	-18.3652006454986];

Data_Format = 'LeveldB_Phase';
Data_Domain = 'Frequency';
Data_AbscUnit = 'Hz';
Data_BaseUnit = 'V';
Data_xScale = 1;
Data_vScale = 1;
