CurveFormat = 6;
TDelayRemovedTRF = -0.00183333333333333;
SourceDesc = 'Fundamental + Minimal phase';
%[Hz]    dB-[V]    [deg]
Curve = [
19.04296875	65.0791963737554	106.563422898138
19.775390625	66.7076759370979	112.023477206482
20.5078125	68.3572468533342	114.112957787791
21.240234375	69.8627055897701	113.748782903885
21.97265625	71.1682960818403	111.795464327071
22.705078125	72.2683563940603	108.88484004768
23.4375	73.1765789942871	105.462102028238
24.169921875	73.9136048567123	101.841303828925
24.90234375	74.5027532460267	98.2533357757347
25.634765625	74.9689066542712	94.8667081506611
26.3671875	75.338345427319	91.8011416130868
27.099609375	75.638438296931	89.126065653729
27.83203125	75.8965481051922	86.8593909639091
28.564453125	76.1378776442572	84.9630106426999
29.296875	76.3825259413474	83.3491422938036
30.029296875	76.6426715334545	81.8943990542605
30.76171875	76.9211110154508	80.4664488388834
31.494140625	77.211942704183	78.9502349449894
32.2265625	77.5031727067534	77.2698044705137
32.958984375	77.7801829309378	75.3957564738024
33.69140625	78.028900937126	73.3433745147722
34.423828125	78.2380136374422	71.161940758515
35.15625	78.4001553138794	68.9236808228084
35.888671875	78.5123317784961	66.7117712686339
36.62109375	78.5758922588359	64.6115966328221
37.353515625	78.5962548964571	62.7019098360722
38.0859375	78.5824473477459	61.0481414168771
38.818359375	78.5464063512773	59.6947673502357
39.55078125	78.5019263024182	58.659698020051
40.283203125	78.4631877830673	57.9294655143696
41.015625	78.4429478426413	57.459409287085
41.748046875	78.4506944704806	57.1781756492866
42.48046875	78.4912367685545	56.9987948943863
43.212890625	78.564171511167	56.8322135071551
43.9453125	78.6643933944633	56.601641041752
45.41015625	78.9112321861692	55.7564536019489
46.142578125	79.0377051631587	55.1127275685347
46.875	79.1541269030137	54.3422507535421
47.607421875	79.2539534565532	53.4825733366401
48.33984375	79.333326438111	52.5817291903119
49.8046875	79.4297673053086	50.8618949895827
50.537109375	79.4533322402504	50.1339324411804
51.26953125	79.4686389936395	49.5347117503286
52.734375	79.5057491948988	48.7313033928119
53.466796875	79.541553137099	48.4784314090854
54.19921875	79.5943464879332	48.264157988367
55.6640625	79.7465602281966	47.7427898645748
56.396484375	79.8358011527297	47.3584651182982
57.12890625	79.9240388254037	46.8740344497756
58.59375	80.0707883379344	45.685901284326
59.326171875	80.1217414667049	45.0629538424077
60.791015625	80.1839759875327	43.9917025641948
61.5234375	80.2063335179837	43.6090353188035
62.98828125	80.2717357503173	43.1595856507171
64.453125	80.402968285146	42.8924502088798
65.185546875	80.4959030639282	42.696543179231
66.650390625	80.7131837192167	41.9723842166141
68.115234375	80.9257541157532	40.7421340294946
68.84765625	81.015688285194	39.9783995432075
70.3125	81.1502607229783	38.3085221448148
71.77734375	81.2284026406044	36.6296205579843
73.2421875	81.2658049099426	35.0560800065665
73.974609375	81.2735778834008	34.3161541687843
75.439453125	81.2709711054916	32.9276080793981
76.904296875	81.2459168845324	31.6791476734843
78.369140625	81.2042959720451	30.6155832050803
79.833984375	81.158765457544	29.7564694426549
81.298828125	81.1218071370956	29.0554036222811
82.763671875	81.096532943229	28.428189829048
84.228515625	81.0764699552695	27.8224993043
85.693359375	81.0547713554084	27.2497913866056
87.158203125	81.0321276713579	26.7467856507675
89.35546875	81.009635558486	26.1163402794275
90.8203125	81.0047483176863	25.7163342937048
92.28515625	81.0021943361596	25.3040006361747
93.75	80.9982899372038	24.8997121111368
95.947265625	80.9960093636238	24.3382928278354
97.412109375	81.0000247744324	23.9465692563122
98.876953125	81.000559188927	23.4966119103755
101.07421875	80.9711645021256	22.8012533106783
102.5390625	80.9312902946666	22.4663969681164
104.736328125	80.870749529624	22.2655734097401
106.201171875	80.8604387877401	22.2558393710593
108.3984375	80.8561947459254	22.2321284698358
110.595703125	80.8613500939143	22.2579662581808
112.79296875	80.8924873930082	22.4013397670879
114.2578125	80.9368443462733	22.4762949003419
116.455078125	81.0225493546578	22.4204478745798
118.65234375	81.109097081162	22.2254284712107
120.849609375	81.2050357103904	21.966517636773
123.046875	81.3127066045997	21.5007811621621
125.244140625	81.3973787904566	20.7855935348347
127.44140625	81.4415641518481	20.0589102360348
129.638671875	81.4715144202923	19.4732280920741
131.8359375	81.50557243147	18.9284239685856
134.765625	81.5398899396857	18.1919353061208
136.962890625	81.5593505153533	17.7225386220842
139.16015625	81.5856964151332	17.3031349162561
142.08984375	81.631926851869	16.7491310439973
144.287109375	81.6781225871513	16.2992628585413
147.216796875	81.7431607946207	15.519004373834
149.4140625	81.7765176109911	14.8488828645737
152.34375	81.8113067303822	13.9396210511456
155.2734375	81.825655529216	12.8929866520122
157.470703125	81.8067947565694	12.1549220826029
160.400390625	81.7833572649757	11.3321158077821
163.330078125	81.7501462036097	10.350872773697
166.259765625	81.652941367583	9.5540709286067
169.189453125	81.5749885594452	9.21881060810742
172.119140625	81.5274331885547	8.80452610334302
175.048828125	81.4595326216827	8.50651632055246
178.7109375	81.4265627120923	8.30925740326698
181.640625	81.3985911328846	7.9757891776559
185.302734375	81.3717654251913	7.76982763354952
188.232421875	81.3747792206057	7.42296227324155
191.89453125	81.3486130211759	6.95143762859106
194.82421875	81.3384704529054	6.5594987756513
198.486328125	81.294973422875	5.93919920987465
202.1484375	81.2351670235359	5.42170026328474
205.810546875	81.1365416208291	4.95369347988097
209.47265625	81.0357035649698	4.90403044647032
213.134765625	80.9536452395664	4.97948849556448
216.796875	80.9024484761297	5.35486428100523
220.458984375	80.909358383623	5.62790934155965
224.853515625	80.9491722192725	5.79543912133479
228.515625	80.9981105022131	5.59932561249994
232.91015625	81.0246772830586	5.21792085134769
236.572265625	81.0349156728277	4.88316148886534
240.966796875	81.0657357319864	4.44131702728738
245.361328125	81.0656227326412	3.58753875157271
249.755859375	81.0040111525742	2.76743608426445
254.150390625	80.8733035378147	2.24181379267474
258.544921875	80.7946183797697	2.32471517124922
262.939453125	80.753608030101	2.08680654902043
268.06640625	80.7030278811534	1.80137878525299
272.4609375	80.6245345817075	1.28224975322193
277.587890625	80.4975638689528	1.04338957028154
281.982421875	80.3765885415487	0.922139467803926
287.109375	80.2420792751961	1.0097274205472
292.236328125	80.0879616644826	1.27576007599191
297.36328125	79.9429539373455	1.81294874860188
302.490234375	79.8186845552565	2.72039176085525
308.349609375	79.7362154743443	4.03932454505152
313.4765625	79.7507560104251	5.38159801367918
319.3359375	79.856854141675	6.31411147626483
324.462890625	79.9329284920875	6.4214319525547
330.322265625	79.9571604699672	6.8071968240964
336.181640625	79.9682635214454	6.79525858581762
342.041015625	79.910925513947	7.39892184467688
348.6328125	79.90646478722	8.14397245066912
354.4921875	79.9256855757448	9.43324412089021
361.083984375	80.064023405724	10.274038287372
366.943359375	80.1373666467018	10.9579492613807
373.53515625	80.284046864283	11.7225687632562
380.126953125	80.459131071776	12.5841363695671
386.71875	80.7101345301026	12.8832463740991
394.04296875	80.9507041332001	12.7884287585073
400.634765625	81.1906926615288	12.1677474941141
407.958984375	81.3562070021171	11.4596137562496
415.283203125	81.5413872117009	10.2456363437388
422.607421875	81.6050596906093	8.90697258172406
429.931640625	81.6164270276782	7.83230492929675
437.255859375	81.5990829287058	6.92349842583237
445.3125	81.5402527285563	6.32050117335898
452.63671875	81.5042866244296	6.13829737662585
460.693359375	81.5006381822083	6.11579267262491
468.75	81.5313891587593	6.20886044653573
477.5390625	81.6336903999739	6.11493792355722
485.595703125	81.708556048121	5.95802092075887
494.384765625	81.8646805398295	5.38751499073892
503.173828125	81.984483375363	4.17888757150162
511.962890625	82.0002940469469	2.61806721758645
520.751953125	81.9305077935789	1.44525855375339
529.541015625	81.8504053224097	0.380808089792223
539.0625	81.5630504376534	-0.802252546766803
548.583984375	81.3957657768207	0.0300334883297212
558.10546875	81.2465215146579	0.488079204501422
568.359375	81.1939021464281	4.00676750317164
577.880859375	81.7460573406364	4.19038305222597
588.134765625	81.9947229363768	1.8166920841449
598.388671875	81.8724674321336	-0.206472415244168
609.375	81.7133997434389	-0.304936065981684
619.62890625	81.7065259179807	-0.0125549133107871
630.615234375	81.7860600954944	0.0345462110938487
641.6015625	81.9229216557571	-0.845736060561289
653.3203125	81.8797462205746	-1.99902896101981
665.0390625	81.8817078078736	-2.81705405215274
676.025390625	81.745595905611	-3.66164959068953
688.4765625	81.6375327070476	-4.43476111347606
700.1953125	81.4965181145205	-4.39073753133376
712.646484375	81.3807035362842	-4.19256558439437
725.09765625	81.2833590467233	-3.47811835602528
738.28125	81.3407081564763	-2.56977364158346
750.732421875	81.4495782463397	-2.60204444007425
763.916015625	81.4557244259152	-2.9302830085322
777.83203125	81.4723191015614	-2.57539818578713
791.015625	81.406701377108	-2.69008246736897
804.931640625	81.8076568798186	-1.26804191696906
818.84765625	81.9641855428673	-3.46426879881091
833.49609375	81.9047320252707	-4.47524093374034
848.14453125	81.9357023677975	-5.50782185359095
862.79296875	81.8167998346364	-6.25880723717197
878.173828125	81.8449561775323	-6.07929007283995
893.5546875	81.9243618614154	-7.59837091562906
909.66796875	81.6349201079859	-8.666831492038
925.048828125	81.4859405033716	-7.21772780276864
941.89453125	81.8185393838838	-6.12074501080055
958.0078125	81.9258262431936	-7.88002446816813
974.853515625	81.9523759195233	-8.79090375740836
991.69921875	81.9367772466833	-10.2958217880233
1009.27734375	81.7029665088422	-10.9951972126411
1026.85546875	81.5780530523056	-8.623716158099
1045.166015625	82.1678257154679	-9.49899430836014
1063.4765625	82.3613197543051	-12.9127928259382
1081.787109375	82.1835629882508	-15.9210302175961
1100.830078125	81.8348167431027	-17.1600973555265
1120.60546875	81.7575432764469	-17.3758135169893
1140.380859375	81.7536280755634	-19.0565385881013
1160.15625	81.5092487318356	-21.8236321919977
1180.6640625	80.9585831813636	-22.8104126341526
1201.171875	80.6088009293768	-21.6864712582316
1222.412109375	80.6508082322082	-21.4945070068609
1243.65234375	80.0935383404887	-23.5924344339606
1265.625	79.7398276148252	-18.0489765920235
1287.59765625	80.0256625899679	-17.7273808312572
1310.302734375	80.050763474209	-18.8602843427195
1333.0078125	79.8530288850064	-19.1831179906088
1356.4453125	79.8477212874052	-17.954011649068
1379.8828125	79.8907144295948	-19.9235252520913
1404.78515625	79.5200837645838	-19.9219212342722
1428.955078125	79.350904338926	-19.1561575317369
1453.857421875	79.4599991557383	-19.8990824313299
1479.4921875	78.8625735872454	-20.8087949896461
1505.859375	78.8782186853267	-17.3844386500494
1532.2265625	78.7100129005411	-18.8077527889493
1558.59375	78.2504059489425	-18.2839574938025
1585.693359375	78.0251180920546	-12.4058561865285
1613.525390625	78.637162919432	-14.7166521572298
1642.08984375	77.7203676845214	-14.250782566173
1670.654296875	77.9730593760451	-7.35750332999035
1699.951171875	78.6613240547777	-9.1759248678161
1729.98046875	77.7298218688655	-8.63636503322802
1760.009765625	78.4539110592579	-2.83082266489467
1790.771484375	78.9172198751028	-5.36207262454075
1822.265625	78.7620276060066	-4.04568696210942
1854.4921875	79.5864004099745	-4.11091524157806
1886.71875	79.3054713779549	-10.2023280980526
1919.677734375	79.1063049291865	-6.05436895735756
1953.369140625	79.4592044497881	-7.42557670912108
1987.79296875	79.2409977297573	-7.46141127198242
2022.216796875	79.9080387922842	-8.77736171073576
2058.10546875	79.1949991282944	-12.8104972096597
2093.994140625	79.4060708504041	-10.8538896040571
2130.615234375	78.8144511018107	-12.3724718640106
2167.96875	79.1237889253844	-9.45324812895839
2206.0546875	78.8015477872199	-10.3813618206764
2244.873046875	78.7772311525384	-8.9959667681427
2283.69140625	78.3315131849214	-13.3073932514384
2323.974609375	78.1011725652787	-5.39737097057412
2364.2578125	78.1927414228577	-9.52710020835364
2406.005859375	78.1358740653006	-2.41302816690789
2447.75390625	78.4979619786641	-5.39310100934018
2490.966796875	78.0347604846119	-0.102238344921808
2534.1796875	78.247070307777	-1.09079816569345
2578.857421875	78.8573706100865	5.50360424013043
2624.267578125	79.481700921441	2.73050954128527
2669.677734375	80.0581970145604	4.27897113300375
2716.552734375	79.9836779707225	-0.826843491006523
2764.16015625	80.5239152272484	-0.626773569123407
2812.5	80.4864459192921	-3.69285905593615
2861.572265625	80.4679312751388	-6.03704471107977
2912.109375	80.4113154148811	-5.77139523149275
2962.646484375	79.9125220278878	-7.95909776849456
3014.6484375	80.2462254948835	-6.6892551057516
3067.3828125	80.3023874362706	-7.43308753741018
3120.849609375	80.2116602649015	-9.55240890717638
3175.78125	79.6570228651424	-11.9728438240642
3231.4453125	79.5624986048622	-8.60273826550191
3287.841796875	79.5694731831589	-6.32045689306582
3345.703125	79.8647649982637	-3.87075396151081
3404.296875	80.091418081486	-4.27078887517748
3463.623046875	80.7885682361314	-3.83318853204002
3524.4140625	81.0103673410324	-6.99576242064052
3585.9375	81.1002439847625	-9.33399622472725
3648.193359375	81.4115409051998	-14.0967415017456
3712.646484375	81.2569783433139	-15.8140856246129
3777.099609375	80.6855598432185	-20.6550428691867
3843.75	79.9946669776291	-22.4779323167449
3910.400390625	79.5007213649745	-19.9639323852148
3979.248046875	79.2668011658091	-17.345797363981
4048.828125	78.9757128980452	-16.0980843449212
4119.873046875	78.9887479160126	-14.8878194810547
4191.650390625	79.5587969712732	-11.2513846816369
4264.892578125	79.6140862240847	-9.74948813071856
4339.599609375	79.6856718829181	-12.3293076602084
4415.771484375	79.8128717694348	-14.4993112872066
4492.67578125	79.8983107456372	-14.9137735866353
4571.044921875	80.1100469491451	-17.4352030607161
4651.611328125	79.9073411039586	-19.2513556911623
4732.91015625	79.1658060467212	-18.1064205863025
4815.673828125	78.8798172305947	-14.8810821726209
4899.90234375	78.9371064773846	-14.0936569328082
4985.595703125	79.0124153219696	-14.349561483931
5072.75390625	79.2645280711425	-13.2381869599505
5161.376953125	79.3979844129404	-14.3489361559213
5251.46484375	79.4270039867486	-14.7341268489297
5343.75	79.6641015576845	-15.1307410018367
5436.767578125	79.7587044725986	-17.2420526855338
5531.982421875	79.2303298023548	-19.3268022189501
5628.662109375	78.6418186137113	-15.9195028854718
5727.5390625	78.8786331766257	-12.6773190277802
5827.1484375	79.3002663461934	-10.4981625758405
5929.6875	79.714165153463	-10.1067505388878
6032.958984375	80.1645632396491	-10.742751588734
6138.427734375	80.7779620375544	-13.8324285912091
6246.09375	80.8085873164046	-19.4524474687681
6355.224609375	80.3421740972351	-22.8172602405214
6466.552734375	79.5963481855971	-21.336474169572
6579.345703125	79.6089479999899	-20.0208185307842
6694.3359375	79.8035237588346	-18.8651962899468
6811.5234375	79.6809189260516	-18.8119520438905
6930.908203125	80.204687147576	-16.8539582697871
7051.7578125	80.6196446546313	-22.2274864460782
7175.537109375	80.0052592370998	-24.8717072540292
7300.78125	79.6958161548172	-23.6084403332397
7428.22265625	79.6933490495232	-23.738155964092
7558.59375	79.5811173806566	-20.6897389417263
7690.4296875	80.2506405002278	-18.8296871871181
7825.1953125	80.4672702752744	-23.0320729224475
7962.158203125	80.4602767132402	-27.2144805826367
8101.318359375	80.2623427563854	-29.7811604837072
8242.67578125	79.8556733698071	-27.6822234614395
8386.962890625	79.7449397854077	-29.3556240664635
8533.447265625	79.6278644254063	-26.7546645143881
8682.861328125	80.1623691562512	-26.9962128811606
8834.47265625	80.2403131068023	-26.5485451098243
8989.013671875	80.395497233466	-30.5075284806756
9146.484375	80.6344421271664	-33.2334834376854
9306.15234375	80.304509198072	-35.3814172992155
9468.75	80.0596505493224	-35.3516537558712
9634.27734375	80.0352401569098	-38.9849712486359
9802.734375	80.0089075219641	-39.5093206884512
9974.12109375	79.7778161040574	-43.5032981452059
10149.169921875	79.2399401994648	-45.4362055762143
10326.416015625	78.8414377887797	-45.97720818761
10506.591796875	78.6686269700389	-47.7712352018452
10690.4296875	77.5923105789086	-51.41305380276
10877.9296875	76.2220669901443	-48.9003841320211
11067.626953125	75.3702019641258	-40.4246802067313
11260.986328125	75.6743729360877	-27.3682836590931
11458.0078125	76.218326468609	-22.907957357593
11658.69140625	77.3141291268311	-24.353283669974
11862.3046875	77.5706090594963	-24.6664508796168
12069.580078125	77.7883025555252	-21.5396251188396
12281.25	77.8405795562348	-19.9255866068606
12495.849609375	78.8666972485984	-21.8044041945237
12714.111328125	79.8703353242846	-21.5560764388207
12936.767578125	80.4270162232094	-23.5130609261872
13162.353515625	81.1529520291699	-27.4026533856461
13393.06640625	81.3182975823558	-34.6040407542783
13626.708984375	81.2603797773307	-40.6454419704784
13865.478515625	81.2397200159381	-42.9863707525458
14107.91015625	81.2270320457837	-46.0112623862336
14354.00390625	80.6590024294883	-49.1687000055257
14605.224609375	80.035559087386	-49.7252112306549
14860.83984375	80.4097029783095	-49.3097462768591
15120.1171875	80.6250437690057	-51.7678726027512
15384.521484375	80.8543194189247	-53.9405341035627
15654.052734375	80.8471444619845	-54.6983925808672
15927.24609375	81.2000303818691	-57.9104672205948
16205.56640625	81.3898671917961	-62.6087082134493
16489.013671875	81.3911567143027	-67.4425875728219
16777.587890625	81.7672636974761	-71.2452824409294
17070.556640625	81.990587617491	-79.5996303741745
17369.384765625	81.3706298349388	-88.6479826773181
17673.33984375	80.7329752226196	-95.1269977031245
17981.689453125	80.3367316549726	-102.741111954005
18296.630859375	79.2777053793608	-109.96649450654
18615.966796875	78.1945943332211	-114.311782300091
18941.89453125	77.490368149543	-120.655130666655
19272.94921875	75.9861257012375	-129.16041039001
19609.86328125	73.9684886873314	-134.406480213057
19952.63671875	72.5638931644783	-135.722096841414
20301.26953125	70.9274480234414	-144.821182175388
20656.494140625	66.2239715273751	-158.734990718401
21017.578125	55.8166226955572	-140.630907479917
21385.25390625	57.7682186245493	-36.8506228227101
21758.7890625	65.3567357869088	-33.7061010202624
22138.916015625	69.2775998640535	-42.0416008842922
22526.3671875	70.8628312230547	-55.8707592835667
22920.41015625	71.2707478403272	-66.5927284990079
23321.044921875	71.3176688491662	-74.307069019487
23728.271484375	71.5307888900763	-84.3497298102405
24143.5546875	70.9298427363348	-101.541885020222
24565.4296875	67.2740638843638	-114.109705886309
24994.62890625	65.0111656468497	-106.33279072743
25431.884765625	63.3496237387306	-105.049155290046
25876.46484375	59.9435878494379	-109.442299976538
26329.1015625	54.4308328715897	-69.9122136566631
26789.0625	58.1616200611288	-33.5299097357017
27257.8125	60.7108336245832	-33.0311928405953
27733.88671875	60.8289334181548	-36.9084671554176
28218.75	59.9570104325552	-20.1547811693988
28712.40234375	62.31645998931	-0.799198478824744
29214.111328125	65.6746893783624	-0.972547408506379
29724.609375	68.0648724598714	-13.4961043194996
30244.62890625	68.5569417748225	-26.848792427963
30773.4375	68.1149426215438	-36.9775857237749
31311.03515625	67.2563472453007	-44.3843877508706
31858.88671875	66.1362888461284	-48.2782181448347
32415.52734375	64.548912351116	-48.9636500158783
32982.421875	62.9982681874453	-42.1320861664584
33558.837890625	62.8168802985739	-36.5420804769487
34145.5078125	61.7796130896671	-24.4036508947281
34742.431640625	62.7017148668595	-11.6066671239486
35349.609375	64.7224635845551	-9.23931292120571
35967.7734375	65.5370104964393	-15.6516844277619
36596.19140625	65.3634297675267	-17.0041749808516
37236.328125	65.9224121988774	-18.8148445172806
37887.451171875	65.5632056235949	-24.3866925987444
38549.560546875	64.5943666796006	-25.2717935767199
39223.388671875	63.8735524829783	-20.4791592559086
39908.935546875	64.2174452613396	-16.4684227413168
40606.93359375	64.1158701465353	-14.8321578490472
41316.650390625	64.1168007720008	-13.1094950322764
42038.818359375	64.1155724601098	-11.5041752306861
42773.4375	64.1171590630489	-9.95850719209161
43521.240234375	64.1153402088206	-8.45372539355945];

Data_Format = 'LeveldB_Phase';
Data_Domain = 'Frequency';
Data_AbscUnit = 'Hz';
Data_BaseUnit = 'V';
Data_xScale = 1;
Data_vScale = 1;
