CurveFormat = 6;
TDelayRemovedTRF = -0.00183333333333333;
SourceDesc = 'Fundamental + Minimal phase';
%[Hz]    dB-[V]    [deg]
Curve = [
19.04296875	65.0282969889007	103.410136036224
19.775390625	66.6597880067293	108.858559480256
20.5078125	68.3183639565111	110.891033207804
21.240234375	69.8338897736424	110.429712962151
21.97265625	71.1486002813522	108.351969860157
22.705078125	72.2562132353219	105.298816318812
23.4375	73.170267040337	101.72172245569
24.169921875	73.9113624069873	97.9385915309007
24.90234375	74.502791426166	94.1836610607591
25.634765625	74.969422926227	90.6282871822163
26.3671875	75.337584063002	87.3955175732739
27.099609375	75.6348198433962	84.5580409576342
27.83203125	75.8888626555759	82.137066476991
28.564453125	76.1254955926644	80.0966232036167
29.296875	76.3655383929428	78.3494432647681
30.029296875	76.6218677408741	76.7701798670171
30.76171875	76.8977604100504	75.2227093884535
31.494140625	77.1874473543468	73.5871381598195
32.2265625	77.4787184517009	71.7832473884619
32.958984375	77.7564989644927	69.7786743942662
33.69140625	78.0061675743673	67.587627549586
34.423828125	78.2158965090555	65.2598323464247
35.15625	78.3779211392702	62.8692574460924
35.888671875	78.4890074362539	60.5014899751476
36.62109375	78.5504438612846	58.2447079594011
37.353515625	78.567772274336	56.1802554111367
38.0859375	78.5503165898268	54.3755951585988
38.818359375	78.5104405782375	52.8760427520471
39.55078125	78.4624105995861	51.6988110685456
40.283203125	78.4207925128632	50.8279447609138
41.015625	78.3984913392006	50.2149543532338
41.748046875	78.4047945804752	49.7842377350352
42.48046875	78.4439561870364	49.4455990826616
43.212890625	78.5147888057567	49.1089628695786
43.9453125	78.6113908494808	48.6992910011107
45.41015625	78.8444305997937	47.4865265049574
46.142578125	78.9606246941976	46.6651923421226
46.875	79.0650183383299	45.7274248979317
47.607421875	79.1517234521009	44.7134098126386
48.33984375	79.2176007912611	43.6718060853793
49.8046875	79.2883730095792	41.7046583106521
50.537109375	79.3004851889192	40.8637983851309
51.26953125	79.3053013382314	40.1540033228245
52.734375	79.3230083358327	39.1266318689885
53.466796875	79.3489885254754	38.7596612338831
54.19921875	79.3913972609099	38.4323384229811
55.6640625	79.5211826857315	37.7006940891721
56.396484375	79.5990569719232	37.2241108262585
57.12890625	79.6765347117488	36.6568622183629
58.59375	79.8055346302623	35.3241000875459
59.326171875	79.8500468137281	34.6328524002114
60.791015625	79.9039730668215	33.414874793849
61.5234375	79.9237444612234	32.9483291481512
62.98828125	79.9845979458319	32.3062895570159
64.453125	80.1095007486187	31.8239922810574
65.185546875	80.1983176188281	31.5182744150357
66.650390625	80.4063620520533	30.5783837014663
68.115234375	80.609900936344	29.137361795233
68.84765625	80.6956693899489	28.2676872432393
70.3125	80.8223124633157	26.3802566361756
71.77734375	80.8922301080801	24.4751614507401
73.2421875	80.920561447697	22.6702415919413
73.974609375	80.9235358246263	21.8137145119032
75.439453125	80.9110356922429	20.189303097867
76.904296875	80.8754529362615	18.6978756241551
78.369140625	80.8215413975032	17.3830953212941
79.833984375	80.7608076612137	16.2720350126896
81.298828125	80.7059459589447	15.3310479848598
82.763671875	80.6618177675495	14.4829922439316
84.228515625	80.6237258035299	13.6705005714813
85.693359375	80.585047849717	12.8940799122825
87.158203125	80.5452782410335	12.1854270425684
89.35546875	80.4950035856213	11.255112796085
90.8203125	80.4711173869643	10.6696185092758
92.28515625	80.4502446734631	10.0799774262681
93.75	80.4282646741357	9.50068117393137
95.947265625	80.3971282336048	8.69014079964466
97.412109375	80.3816645935309	8.15727927603768
98.876953125	80.3653957796296	7.58710175815701
101.07421875	80.3183513704336	6.71155115987108
102.5390625	80.2686865128484	6.23402949748302
104.736328125	80.1853781271374	5.77770121378569
106.201171875	80.1645749821391	5.68315224780147
108.3984375	80.1463476134498	5.52567305138461
110.595703125	80.149788970087	5.40055247678622
112.79296875	80.1822972170121	5.33670362774393
114.2578125	80.2266530673601	5.26538306851637
116.455078125	80.3162008214993	4.9934191327328
118.65234375	80.4132511172858	4.53385011414939
120.849609375	80.5159826925335	3.93794851200736
123.046875	80.6218108971773	3.13638340747353
125.244140625	80.7070125657308	2.12362014323136
127.44140625	80.760527251157	1.06652188888145
129.638671875	80.7989450701053	0.0651335591012917
131.8359375	80.8318237525211	-0.936517773782531
134.765625	80.8550676554019	-2.27430772815578
136.962890625	80.8619340505429	-3.19994365727373
139.16015625	80.8700986451037	-4.06987955422267
142.08984375	80.8888320189355	-5.18681872413373
144.287109375	80.9154209354033	-6.05709801537257
147.216796875	80.9498772482091	-7.41781691557534
149.4140625	80.9552038366683	-8.50837921544287
152.34375	80.9526830742146	-9.9371987496271
155.2734375	80.9345463787832	-11.5082448041691
157.470703125	80.8898448385013	-12.6690868820187
160.400390625	80.8253533814378	-14.0543271530142
163.330078125	80.750873240718	-15.5825093042227
166.259765625	80.6096149702827	-16.9655739815764
169.189453125	80.4773383821871	-17.8760062454455
172.119140625	80.3755875569954	-18.8353794333663
175.048828125	80.2494745217297	-19.7147247367849
178.7109375	80.1303957179944	-20.6005568765639
181.640625	80.0313987576626	-21.4732174989412
185.302734375	79.8997866766524	-22.3267230326854
188.232421875	79.8168434882348	-23.1077721314199
191.89453125	79.6820715704544	-24.1190246036858
194.82421875	79.5780956175857	-24.9015243845357
198.486328125	79.4151848800896	-25.9667244472208
202.1484375	79.2303563366189	-26.8884727598495
205.810546875	78.9967125205253	-27.7685412498382
209.47265625	78.7296553324445	-28.1284020405233
213.134765625	78.4657510674601	-28.1230432897976
216.796875	78.215636815283	-27.4982797584079
220.458984375	78.0487474518258	-26.4155033964415
224.853515625	77.9958495236277	-24.9221778921112
228.515625	78.0551602090778	-24.1261903116343
232.91015625	78.1745608325151	-23.7348298264938
236.572265625	78.2815038312461	-23.9632147089186
240.966796875	78.387420167516	-24.6074693778486
245.361328125	78.4676433228619	-25.7469021126306
249.755859375	78.4839223246738	-27.2208776727169
254.150390625	78.4279304636361	-28.991423161776
258.544921875	78.2212030196392	-30.7279378526627
262.939453125	77.9422788088616	-31.4206800381733
268.06640625	77.7148455691618	-31.6617742076352
272.4609375	77.5030484957887	-31.9783836852562
277.587890625	77.2649465776854	-31.6080947906404
281.982421875	77.1106433176016	-31.2116014479204
287.109375	76.9867334749845	-30.6583469149234
292.236328125	76.86066111481	-30.2179639937424
297.36328125	76.7363514418704	-29.6734519054966
302.490234375	76.6481232782261	-28.6773728100337
308.349609375	76.6272321295338	-27.6567738718902
313.4765625	76.6642876117381	-26.6120733927286
319.3359375	76.8283387716573	-26.0796633413696
324.462890625	76.938795615072	-26.6757986379076
330.322265625	76.9473428838707	-27.3179904164899
336.181640625	76.8079648077842	-28.1825002720655
342.041015625	76.579588700393	-27.1126838691961
348.6328125	76.6472538845686	-24.8302476643367
354.4921875	76.9183673629672	-23.6340348082465
361.083984375	77.2547522382082	-23.5990794680419
366.943359375	77.5537862117176	-24.341187817852
373.53515625	77.8147416810706	-26.3124712018683
380.126953125	77.8626295940509	-28.5752251732234
386.71875	77.7676380487195	-29.5315801646039
394.04296875	77.8840226149914	-29.8935277056809
400.634765625	78.0596511278845	-31.4795614211194
407.958984375	78.1184344711009	-33.3695258715328
415.283203125	78.1787668437357	-35.9298086201081
422.607421875	78.0289724895213	-38.577698336614
429.931640625	77.7814992543583	-40.2572906824112
437.255859375	77.5771097252588	-41.1488587196356
445.3125	77.4392868650004	-41.8409980109435
452.63671875	77.3711166022237	-42.5400413036008
460.693359375	77.3732437820522	-43.940703951415
468.75	77.2592049872035	-46.3108709356933
477.5390625	76.9275599562295	-48.9032652913188
485.595703125	76.4109771946916	-50.0836070965292
494.384765625	75.9556956886634	-49.6333681634
503.173828125	75.627090522087	-48.663472359752
511.962890625	75.3589012175644	-47.3976463244803
520.751953125	75.1930379080243	-45.3537189320244
529.541015625	75.3212930824898	-42.8611381312357
539.0625	75.6522029647157	-43.1953420123658
548.583984375	75.8812619519337	-44.9275777852958
558.10546875	75.6919087718134	-47.5279592563378
568.359375	75.4989051465592	-46.3082802680955
577.880859375	75.6090376507408	-48.7469550713365
588.134765625	75.0737580489175	-51.2539765237316
598.388671875	74.376331789872	-48.6369101498246
609.375	74.5036938499878	-43.9777485900498
619.62890625	74.9699120380894	-42.9110141719636
630.615234375	75.2888571327522	-44.6688479916097
641.6015625	75.306690909764	-46.7565652218837
653.3203125	75.0762770197333	-47.6622099083998
665.0390625	75.0712338818439	-46.5992247256632
676.025390625	75.227919007406	-46.9695585144314
688.4765625	75.3552735565545	-48.6855035089741
700.1953125	75.3321113893361	-49.5387647394921
712.646484375	75.3831898332996	-50.9641953242048
725.09765625	75.3142632336107	-52.4293696226221
738.28125	75.2137567209729	-53.1422276498332
750.732421875	75.3318024344569	-53.553580575472
763.916015625	75.4954679737453	-56.3997172632168
777.83203125	75.1980807453271	-59.4845054428025
791.015625	74.7601317847291	-59.7162582784857
804.931640625	75.2564406363517	-59.7768733320878
818.84765625	74.9684807002547	-65.3177177666081
833.49609375	74.2067405247302	-66.0311397754799
848.14453125	74.0856651442803	-64.289160644708
862.79296875	74.1813692952929	-65.0834120027279
878.173828125	74.2429895034836	-67.9198408782804
893.5546875	73.7364498475187	-72.5234607717209
909.66796875	72.686318748422	-71.8139145387234
925.048828125	72.5010426636827	-66.9438969574538
941.89453125	73.0904337536059	-66.9317861968497
958.0078125	72.8784924157298	-70.938765262821
974.853515625	72.3166107841464	-71.6332096970943
991.69921875	71.9733509248807	-69.6025919461013
1009.27734375	71.9329091087954	-68.402735731996
1026.85546875	72.2407346681342	-64.8027642976446
1045.166015625	72.7434669271158	-70.6932268682774
1063.4765625	72.4236176986894	-73.8562001512701
1081.787109375	72.3255111801404	-75.7425200041594
1100.830078125	71.9789018708396	-79.0353232584436
1120.60546875	71.4505883417857	-82.2301065178226
1140.380859375	70.6896395975632	-82.9298799096925
1160.15625	70.1683129154013	-82.1626341771141
1180.6640625	69.8479384135219	-81.0655302623503
1201.171875	69.6928022813928	-83.8808238136454
1222.412109375	68.4436404338811	-84.933808862252
1243.65234375	67.6653192727639	-77.6844459386202
1265.625	68.5095790473423	-73.2746279734864
1287.59765625	67.6163609703852	-76.0734521683203
1310.302734375	67.6047363249471	-71.2356033114915
1333.0078125	67.738168964219	-69.85068064087
1356.4453125	67.8289619997366	-69.8865150592047
1379.8828125	67.6595551683015	-70.9637534776818
1404.78515625	67.5185634502683	-67.6054977571011
1428.955078125	67.5476810181384	-70.3490942743693
1453.857421875	66.9807135722306	-69.1370626604405
1479.4921875	67.1621858728217	-63.5218160842572
1505.859375	68.0204972184369	-68.9738390681573
1532.2265625	66.6635973845401	-68.4179298380814
1558.59375	67.0838323528822	-64.8285867830245
1585.693359375	66.7597650451079	-66.6552020326299
1613.525390625	66.2859390777997	-63.0657961493021
1642.08984375	67.258305214508	-59.8668137999523
1670.654296875	67.2770273726097	-65.7393105449419
1699.951171875	66.5083491483782	-61.5639107541581
1729.98046875	67.4824890102489	-61.3242485611869
1760.009765625	66.873211341515	-69.3219855560435
1790.771484375	65.6117324164028	-62.7990206606144
1822.265625	66.5919396804251	-57.6640819932086
1854.4921875	66.458948815339	-60.635634693068
1886.71875	66.6557556050452	-56.3377420610554
1919.677734375	68.0153374752811	-56.901241189818
1953.369140625	67.4086545246968	-59.7996033098823
1987.79296875	67.9225296982627	-61.3915336583055
2022.216796875	68.038357187527	-66.7032505746257
2058.10546875	67.8446181871379	-67.8168689614076
2093.994140625	67.4646647595932	-67.3340981249364
2130.615234375	67.6760247965496	-67.8304025596543
2167.96875	67.6285136518506	-69.88739916718
2206.0546875	67.5694227910511	-69.480901660745
2244.873046875	66.8285585806121	-74.6888311480118
2283.69140625	67.6459798237369	-70.196364524847
2323.974609375	67.0377641890126	-83.4302667505131
2364.2578125	66.7967414194661	-78.015877350145
2406.005859375	66.5087104670318	-83.9101137275
2447.75390625	66.1467541318173	-81.0457833046839
2490.966796875	65.2082411307121	-88.1874141398933
2534.1796875	64.2480604833834	-81.8004883924366
2578.857421875	64.4598385192638	-78.7188574614346
2624.267578125	63.8588592321666	-70.4022860760497
2669.677734375	65.6899176765841	-71.5293665250702
2716.552734375	65.5248262760683	-77.2991504205486
2764.16015625	65.7420697551628	-79.5443702874585
2812.5	65.6452699651012	-83.4276039233017
2861.572265625	64.398331617633	-90.8802808037965
2912.109375	62.8786040264008	-82.8667668027967
2962.646484375	62.6901407591635	-81.2367266421424
3014.6484375	64.4871147140639	-72.5354885436285
3067.3828125	63.8577845947534	-79.2907360093531
3120.849609375	64.7105537053394	-87.6644390136018
3175.78125	63.5440487797503	-92.8317619777275
3231.4453125	60.8776801811719	-90.7065093432444
3287.841796875	61.2981925491325	-74.6498884764633
3345.703125	62.2011141327449	-72.6421436702041
3404.296875	61.807808402994	-75.6888766429535
3463.623046875	63.3133725152571	-66.704887209791
3524.4140625	63.5658349587594	-80.8624050006832
3585.9375	62.5385489041587	-75.1684720358059
3648.193359375	64.4627892542241	-79.6022878436208
3712.646484375	63.7129548813606	-85.751792076086
3777.099609375	63.247708866877	-88.7974826851367
3843.75	62.0804777387728	-98.7672898444514
3910.400390625	61.7686351319457	-81.0454463747671
3979.248046875	62.6225682787117	-93.1957103339476
4048.828125	59.9197325274525	-96.0266147908903
4119.873046875	58.9645737742816	-95.7661984351964
4191.650390625	59.5390646363775	-80.2235590869997
4264.892578125	60.0199013252266	-79.3823426640883
4339.599609375	60.4159617678149	-81.9775369137406
4415.771484375	59.5325767466531	-92.6839969607712
4492.67578125	58.9774897400246	-75.8314102130969
4571.044921875	60.0401303342308	-80.5588466206206
4651.611328125	61.3715783206107	-80.4655547184905
4732.91015625	59.65282979031	-93.8829004335684
4815.673828125	59.0138380623641	-76.3141041037276
4899.90234375	60.3646786088022	-80.7814447931381
4985.595703125	59.5959960557479	-88.7531684167398
5072.75390625	59.2758586109903	-80.3132984038247
5161.376953125	60.450648709303	-79.448637444143
5251.46484375	60.1223227917703	-89.9397829874598
5343.75	58.7888012263341	-88.7529502786275
5436.767578125	60.0457530334273	-87.6064017111351
5531.982421875	58.6121699760595	-100.497036633733
5628.662109375	57.1943596468971	-95.6302618986418
5727.5390625	58.5714161780398	-73.6530719332898
5827.1484375	58.1479666516594	-89.2027294217114
5929.6875	56.7585153521951	-91.9218756218423
6032.958984375	57.9411335508907	-78.6370761902367
6138.427734375	59.5524793803831	-79.4246454248601
6246.09375	59.06443303322	-92.4870506515279
6355.224609375	57.8654067882153	-97.112715826972
6466.552734375	57.5121316739957	-95.7053487121096
6579.345703125	58.2643281174852	-100.011832762146
6694.3359375	56.1102905937805	-94.7486672821531
6811.5234375	57.2770772631858	-99.184524038242
6930.908203125	56.3871634194594	-90.9066807532643
7051.7578125	56.7491103541698	-99.7009497379137
7175.537109375	55.1784622446341	-109.431704755757
7300.78125	51.6822380099508	-107.29092388651
7428.22265625	54.4478491477716	-107.689502437484
7558.59375	52.0515428773883	-98.4626954290898
7690.4296875	53.941926868783	-88.3870021407286
7825.1953125	54.1207751646768	-83.0269605221673
7962.158203125	52.2152961761136	-78.2003364743721
8101.318359375	51.9623952869099	-78.2467964931136
8242.67578125	50.6792314567382	-73.8437495539996
8386.962890625	53.4965723546732	-67.4385280997121
8533.447265625	53.9388665884086	-54.743975689147
8682.861328125	55.574877248445	-48.8988280139444
8834.47265625	55.090466721761	-61.2423442703696
8989.013671875	57.8966072896337	-62.670983793959
9146.484375	58.3290517410979	-62.2301213952834
9306.15234375	58.4606435611756	-75.1512990389409
9468.75	58.5020187948961	-92.6991960179259
9634.27734375	59.5376469308927	-96.5555799436701
9802.734375	57.3969567019483	-99.2499854443773
9974.12109375	58.0620999874433	-114.831326748342
10149.169921875	56.1658098337565	-116.469499229993
10326.416015625	55.5676940587487	-108.102390792073
10506.591796875	53.6242558343385	-114.561430500109
10690.4296875	56.7485360405921	-113.199644478914
10877.9296875	54.7193585098186	-118.628006754316
11067.626953125	55.048463483159	-99.612685090908
11260.986328125	52.2507755215377	-109.810977896742
11458.0078125	52.5852825131773	-133.283044724946
11658.69140625	49.5840935905963	-139.140766437529
11862.3046875	48.9806244748106	-103.369151144979
12069.580078125	48.052874355609	-114.523886529232
12281.25	43.6636736302286	-153.529195107071
12495.849609375	45.5264277430612	-144.520076220581
12714.111328125	41.2884056341052	-67.9203354487253
12936.767578125	47.5039967344106	-93.4316646027845
13162.353515625	47.7818047007134	-77.2094016780925
13393.06640625	46.7785637083502	-87.2761058074017
13626.708984375	49.4658692077156	-103.081970160035
13865.478515625	48.2225261231588	-103.667245049137
14107.91015625	47.1908342674509	-95.3873581522584
14354.00390625	45.1676787655092	-88.4089705404445
14605.224609375	45.8762811385097	-87.3467372282517
14860.83984375	46.11505318769	-63.4789233728436
15120.1171875	43.6879511029036	-54.6492303270154
15384.521484375	47.8985438146356	-62.2875796437189
15654.052734375	47.237285676415	-49.1024262794589
15927.24609375	48.8485408727631	-49.533151990595
16205.56640625	51.388626986802	-52.9888866922883
16489.013671875	51.6067372062477	-58.322642959586
16777.587890625	52.8907482407936	-70.0706331665176
17070.556640625	52.6743902630941	-75.3133640719402
17369.384765625	52.3745914004214	-79.9903711575342
17673.33984375	52.6647759722458	-70.0054304805525
17981.689453125	54.3497364615045	-78.2057133310827
18296.630859375	54.118113820671	-90.6493631774359
18615.966796875	55.6529343402593	-100.145457081765
18941.89453125	55.6124713074527	-116.60151367922
19272.94921875	55.1009431062289	-124.717657537381
19609.86328125	55.262188223874	-134.081254128668
19952.63671875	54.5938854865334	-142.744045608016
20301.26953125	53.2463309709912	-150.385314219942
20656.494140625	53.2580707859382	-156.486814960479
21017.578125	52.4485367345074	-173.648924583159
21385.25390625	50.1188493662151	170.004085067822
21758.7890625	47.2728953689253	152.89081569443
22138.916015625	41.6806721864061	138.62216902277
22526.3671875	36.4167394127032	143.703288282993
22920.41015625	35.800531440231	-148.30070524103
23321.044921875	37.9562106247157	169.713417089578
23728.271484375	34.0101022528759	-152.088062410133
24143.5546875	34.8512728954022	-167.3658967735
24565.4296875	28.3423528589984	-139.652508556151
24994.62890625	37.6535514018547	-154.437734389183
25431.884765625	23.7676873392373	-161.17028863064
25876.46484375	34.7117959919494	-128.181942199153
26329.1015625	30.6340103029898	-148.357118070646
26789.0625	32.1846208899059	-123.757142395942
27257.8125	32.3257631565703	-131.257894832887
27733.88671875	29.9242409005088	-130.371950415822
28218.75	28.5148281161173	-136.230662308354
28712.40234375	26.0902203198257	-89.2035567262578
29214.111328125	18.6662753832585	-108.889982102302
29724.609375	21.4160151235056	-52.9332715672852
30244.62890625	23.2309107075761	-64.6476440834858
30773.4375	26.8120068270015	-97.5463463765017
31311.03515625	23.144621627454	-46.5333953065394
31858.88671875	28.3256741641054	-32.8304160863882
32415.52734375	31.030755872436	-83.4153873840789
32982.421875	23.5471751439665	-73.8734582759886
33558.837890625	22.8417438331984	-68.6248815604319
34145.5078125	20.298057410102	-121.924458023832
34742.431640625	17.4720914572974	-13.5361685403134
35349.609375	20.1643966336876	-28.7227585555024
35967.7734375	16.4207844194231	-5.1772427044702
36596.19140625	21.0971216443736	23.4033945114159
37236.328125	26.498007730526	-20.6656163369657
37887.451171875	19.6664061921969	10.2680998763473
38549.560546875	18.7022298086169	33.3923067467137
39223.388671875	28.7240750810511	44.8740318580411
39908.935546875	25.5979822537289	134.262792120937
40606.93359375	37.5743334073686	64.033494608732
41316.650390625	37.5721935381666	42.1984738287261
42038.818359375	37.5713944515681	30.842364697474
42773.4375	37.5715575385128	23.2961610167122
43521.240234375	37.575641167266	17.8264344098058];

Data_Format = 'LeveldB_Phase';
Data_Domain = 'Frequency';
Data_AbscUnit = 'Hz';
Data_BaseUnit = 'V';
Data_xScale = 1;
Data_vScale = 1;
