Freq[Hz]     dBSPL  Phase[Deg]
5.00000     -0.638  -143.738
5.07273     -0.625  -142.542
5.14651     -0.592  -141.399
5.22137     -0.507  -140.400
5.29732     -0.422  -139.402
5.37437     -0.336  -138.403
5.45254     -0.251  -137.405
5.53185     -0.171  -136.652
5.61231     -0.097  -136.158
5.69394     -0.023  -135.665
5.77676      0.050  -135.171
5.86079      0.122  -134.680
5.94604      0.092  -134.313
6.03252      0.061  -133.947
6.12027      0.030  -133.580
6.20929      0.000  -133.214
6.29961     -0.126  -132.231
6.39124     -0.272  -131.111
6.48420     -0.419  -129.992
6.57851     -0.566  -128.872
6.67420     -0.682  -126.423
6.77128     -0.793  -123.759
6.86977     -0.904  -121.094
6.96969     -0.984  -118.358
7.07107     -0.832  -115.078
7.17392     -0.680  -111.799
7.27827     -0.528  -108.519
7.38413     -0.286  -105.990
7.49154      0.027  -104.040
7.60050      0.339  -102.091
7.71105      0.622  -100.386
7.82321      0.773   -99.751
7.93701      0.924   -99.116
8.05245      1.075   -98.481
8.16958      0.861   -97.207
8.28841      0.634   -95.908
8.40896      0.407   -94.609
8.53128     -0.042   -88.900
8.65537     -0.519   -82.621
8.78126     -0.996   -76.343
8.90899     -0.379   -64.802
9.03857      0.309   -52.917
9.17004      1.117   -41.789
9.30342      2.880   -36.682
9.43874      4.644   -31.575
9.57603      6.320   -28.739
9.71532      7.863   -29.371
9.85663      9.405   -30.004
10.0000     10.622   -32.454
10.1455     11.748   -35.411
10.2930     12.784   -38.649
10.4427     13.571   -42.671
10.5946     14.358   -46.694
10.7487     14.934   -51.203
10.9051     15.468   -55.810
11.0637     15.879   -60.570
11.2246     16.160   -65.494
11.3879     16.377   -70.420
11.5535     16.365   -75.354
11.7216     16.346   -80.277
11.8921     15.952   -84.561
12.0650     15.558   -88.846
12.2405     14.716   -90.953
12.4186     13.816   -92.778
12.5992     12.639   -88.405
12.7825     11.401   -82.657
12.9684     11.442   -69.456
13.1570     11.781   -54.519
13.3484     13.604   -47.287
13.5426     15.668   -41.306
13.7395     17.445   -43.728
13.9394     19.144   -46.871
14.1421     20.322   -53.039
14.3478     21.333   -59.596
14.5565     21.981   -66.987
14.7683     22.350   -74.380
14.9831     22.505   -81.774
15.2010     22.259   -88.112
15.4221     21.874   -93.705
15.6464     21.180   -96.818
15.8740     20.501   -97.134
16.1049     19.834   -95.218
16.3392     19.925   -90.273
16.5768     20.357   -86.554
16.8179     21.241   -84.777
17.0626     22.118   -87.482
17.3107     22.818   -91.994
17.5625     23.249   -98.378
17.8180     23.117  -105.812
18.0771     22.586  -112.939
18.3401     21.616  -119.292
18.6068     19.904  -122.349
18.8775     17.757  -117.528
19.1521     16.201  -104.298
19.4306     15.984   -83.177
19.7133     18.199   -70.952
20.0000     20.253   -68.369
20.2909     21.867   -70.871
20.5860     22.924   -76.023
20.8855     23.452   -82.164
21.1893     23.380   -87.955
21.4975     22.814   -91.930
21.8102     21.869   -92.238
22.1274     20.942   -86.932
22.4492     20.707   -76.753
22.7758     21.661   -66.600
23.1071     23.302   -63.066
23.4432     24.647   -66.012
23.7841     25.203   -72.036
24.1301     24.887   -77.284
24.4811     23.851   -77.308
24.8372     23.079   -67.820
25.1984     24.034   -55.717
25.5649     25.977   -52.728
25.9368     27.382   -59.166
26.3141     27.392   -70.341
26.6968     25.169   -80.727
27.0851     18.467   -66.841
27.4791     22.801    11.276
27.8788     30.449     8.469
28.2843     34.553    -7.603
28.6957     36.820   -26.149
29.1131     37.764   -44.747
29.5365     37.534   -61.693
29.9661     36.140   -74.355
30.4020     33.776   -77.175
30.8442     32.347   -63.142
31.2929     33.525   -49.706
31.7480     35.262   -48.222
32.2098     36.143   -52.011
32.6783     36.220   -53.429
33.1536     36.390   -50.363
33.6359     37.179   -46.409
34.1251     38.273   -45.724
34.6215     39.109   -47.293
35.1250     39.670   -48.354
35.6359     40.252   -47.828
36.1543     41.043   -47.264
36.6802     41.910   -47.965
37.2137     42.655   -49.578
37.7550     43.275   -50.975
38.3041     43.876   -51.661
38.8613     44.561   -52.071
39.4265     45.345   -52.856
40.0000     46.146   -54.449
40.5818     46.859   -56.785
41.1721     47.419   -59.045
41.7710     47.915   -60.493
42.3785     48.507   -61.183
42.9949     49.216   -62.184
43.6203     49.936   -63.814
44.2548     50.616   -65.646
44.8985     51.311   -67.542
45.5515     52.004   -69.875
46.2141     52.624   -72.503
46.8863     53.178   -74.776
47.5683     53.780   -76.665
48.2602     54.444   -78.922
48.9621     55.068   -81.630
49.6743     55.640   -84.270
50.3968     56.221   -86.748
51.1299     56.823   -89.396
51.8736     57.406   -92.250
52.6281     57.971   -95.133
53.3936     58.534   -98.064
54.1702     59.094  -101.132
54.9581     59.641  -104.342
55.7575     60.171  -107.683
56.5685     60.679  -111.124
57.3914     61.166  -114.637
58.2261     61.631  -118.234
59.0730     62.063  -121.870
59.9323     62.470  -125.444
60.8040     62.864  -128.938
61.6884     63.255  -132.404
62.5857     63.646  -135.897
63.4960     64.030  -139.485
64.4196     64.397  -143.168
65.3566     64.742  -146.870
66.3073     65.077  -150.588
67.2717     65.390  -154.381
68.2502     65.679  -158.166
69.2429     65.954  -161.897
70.2501     66.215  -165.661
71.2719     66.455  -169.380
72.3086     66.691  -173.067
73.3603     66.909  -176.840
74.4274     67.101   179.468
75.5099     67.289   175.780
76.6083     67.442   172.089
77.7226     67.581   168.581
78.8531     67.718   165.100
80.0000     67.834   161.712
81.1636     67.954   158.483
82.3442     68.092   155.241
83.5419     68.214   151.842
84.7570     68.313   148.546
85.9899     68.416   145.234
87.2406     68.490   141.843
88.5096     68.536   138.597
89.7970     68.572   135.429
91.1031     68.585   132.353
92.4282     68.579   129.509
93.7726     68.582   126.940
95.1366     68.610   124.465
96.5204     68.659   122.047
97.9243     68.724   119.430
99.3486     68.752   116.824
100.794     68.788   114.333
102.260     68.811   111.933
103.747     68.870   109.552
105.256     68.885   107.054
106.787     68.921   104.852
108.340     68.973   102.606
109.916     69.028   100.157
111.515     69.081    97.901
113.137     69.126    95.306
114.783     69.156    92.735
116.452     69.104    90.270
118.146     69.075    88.353
119.865     69.110    86.498
121.608     69.145    84.509
123.377     69.202    82.404
125.171     69.240    80.223
126.992     69.272    78.078
128.839     69.301    75.947
130.713     69.335    73.797
132.615     69.364    71.627
134.543     69.380    69.370
136.500     69.387    67.207
138.486     69.396    65.289
140.500     69.411    63.275
142.544     69.447    61.033
144.617     69.460    58.829
146.721     69.437    56.751
148.855     69.432    54.797
151.020     69.479    52.716
153.217     69.489    49.932
155.445     69.313    47.571
157.706     69.211    46.454
160.000     69.210    45.018
162.327     69.223    43.527
164.688     69.267    42.029
167.084     69.345    40.269
169.514     69.431    37.547
171.980     69.282    35.055
174.481     69.318    33.807
177.019     69.370    31.464
179.594     69.283    28.147
182.206     68.995    26.335
184.856     68.828    24.776
187.545     68.662    24.465
190.273     68.738    23.574
193.041     68.705    22.133
195.849     68.718    20.987
198.697     68.750    19.357
201.587     68.729    17.548
204.520     68.649    15.993
207.494     68.594    14.870
210.512     68.603    13.860
213.574     68.638    12.472
216.681     68.654    11.173
219.833     68.718     9.853
223.030     68.812     7.857
226.274     68.807     5.303
229.565     68.693     3.084
232.905     68.555     1.620
236.292     68.422     0.194
239.729     68.325    -0.583
243.216     68.286    -1.167
246.754     68.370    -2.165
250.343     68.431    -3.771
253.984     68.394    -6.007
257.678     68.247    -7.108
261.426     68.235    -7.879
265.229     68.272    -9.224
269.087     68.261   -10.647
273.001     68.214   -12.016
276.972     68.144   -13.329
281.000     68.113   -13.506
285.088     68.250   -14.629
289.234     68.314   -16.255
293.441     68.428   -17.662
297.709     68.400   -20.520
302.040     68.342   -21.472
306.433     68.409   -23.672
310.890     68.227   -26.048
315.412     68.052   -26.839
320.000     68.049   -27.892
324.655     67.925   -29.039
329.377     67.874   -29.557
334.168     68.028   -30.103
339.028     68.133   -31.996
343.959     68.203   -34.938
348.962     67.928   -36.691
354.038     67.883   -38.237
359.188     67.677   -38.886
364.412     67.676   -39.668
369.713     67.713   -40.606
375.090     67.762   -42.380
380.546     67.639   -44.026
386.081     67.627   -45.348
391.697     67.599   -46.844
397.394     67.518   -48.972
403.175     67.225   -50.212
409.039     67.238   -50.662
414.989     67.138   -51.434
421.025     67.206   -52.842
427.149     67.105   -54.302
433.362     66.968   -55.269
439.665     67.061   -55.968
446.060     66.927   -57.717
452.548     66.926   -59.426
459.131     66.770   -59.851
465.809     66.754   -60.904
472.584     66.755   -62.413
479.458     66.629   -63.340
486.432     66.614   -64.104
493.507     66.627   -65.019
500.686     66.659   -66.148
507.968     66.694   -67.557
515.357     66.714   -68.893
522.853     66.675   -70.448
530.458     66.729   -71.284
538.174     66.809   -72.930
546.002     66.867   -74.650
553.943     66.911   -76.425
562.001     66.962   -78.368
570.175     66.983   -80.541
578.469     66.999   -82.579
586.883     67.025   -84.727
595.419     67.033   -87.026
604.080     67.010   -89.381
612.866     66.976   -91.724
621.780     66.929   -94.118
630.824     66.862   -96.508
640.000     66.781   -98.843
649.309     66.684  -101.113
658.753     66.572  -103.347
668.335     66.441  -105.585
678.056     66.300  -107.726
687.919     66.146  -109.790
697.925     65.982  -111.762
708.077     65.815  -113.593
718.376     65.644  -115.306
728.825     65.475  -116.893
739.426     65.313  -118.353
750.181     65.162  -119.692
761.093     65.029  -120.926
772.163     64.919  -122.064
783.394     64.836  -123.162
794.789     64.779  -124.283
806.349     64.753  -125.438
818.078     64.754  -126.697
829.977     64.778  -128.105
842.050     64.822  -129.702
854.298     64.878  -131.515
866.724     64.937  -133.534
879.330     64.995  -135.822
892.120     65.043  -138.347
905.097     65.073  -141.094
918.262     65.079  -144.040
931.618     65.056  -147.155
945.169     64.999  -150.402
958.917     64.904  -153.741
972.864     64.767  -157.125
987.015     64.587  -160.502
1001.37     64.356  -163.861
1015.94     64.081  -167.094
1030.71     63.769  -170.100
1045.71     63.416  -172.886
1060.92     63.029  -175.375
1076.35     62.628  -177.446
1092.00     62.222  -179.085
1107.89     61.826   179.715
1124.00     61.464   178.957
1140.35     61.156   178.573
1156.94     60.915   178.446
1173.77     60.754   178.428
1190.84     60.670   178.358
1208.16     60.654   178.099
1225.73     60.690   177.552
1243.56     60.762   176.671
1261.65     60.851   175.470
1280.00     60.946   173.995
1298.62     61.039   172.306
1317.51     61.130   170.446
1336.67     61.221   168.461
1356.11     61.316   166.392
1375.84     61.423   164.219
1395.85     61.547   161.911
1416.15     61.688   159.440
1436.75     61.845   156.755
1457.65     62.011   153.784
1478.85     62.178   150.500
1500.36     62.333   146.929
1522.19     62.467   143.071
1544.33     62.571   138.978
1566.79     62.639   134.721
1589.58     62.671   130.383
1612.70     62.671   126.076
1636.16     62.646   121.833
1659.95     62.609   117.692
1684.10     62.572   113.658
1708.60     62.550   109.691
1733.45     62.550   105.747
1758.66     62.575   101.677
1784.24     62.619    97.426
1810.19     62.671    92.969
1836.52     62.721    88.232
1863.24     62.755    83.277
1890.34     62.767    78.164
1917.83     62.757    72.968
1945.73     62.728    67.749
1974.03     62.689    62.506
2002.74     62.652    57.262
2031.87     62.621    51.965
2061.43     62.599    46.548
2091.41     62.577    40.914
2121.83     62.544    35.039
2152.69     62.486    29.024
2184.01     62.396    22.876
2215.77     62.270    16.696
2248.00     62.116    10.612
2280.70     61.948     4.672
2313.87     61.779    -1.175
2347.53     61.618    -7.004
2381.68     61.461   -12.877
2416.32     61.292   -18.880
2451.46     61.090   -24.982
2487.12     60.840   -31.056
2523.30     60.538   -36.911
2560.00     60.199   -42.365
2597.24     59.855   -47.299
2635.01     59.535   -51.789
2673.34     59.259   -56.009
2712.23     59.018   -60.150
2751.68     58.786   -64.312
2791.70     58.538   -68.385
2832.31     58.266   -72.155
2873.50     57.993   -75.419
2915.30     57.761   -78.125
2957.70     57.612   -80.456
3000.72     57.563   -82.735
3044.37     57.591   -85.290
3088.65     57.652   -88.308
3133.58     57.694   -91.752
3179.16     57.677   -95.438
3225.40     57.581   -99.049
3272.31     57.415  -102.208
3319.91     57.222  -104.635
3368.20     57.067  -106.256
3417.19     57.009  -107.289
3466.89     57.071  -108.143
3517.32     57.230  -109.153
3568.48     57.453  -110.423
3620.39     57.719  -111.926
3673.05     58.028  -113.650
3726.47     58.378  -115.644
3780.67     58.762  -117.987
3835.67     59.168  -120.724
3891.46     59.590  -123.906
3948.06     60.019  -127.625
4005.49     60.427  -132.011
4063.75     60.766  -137.091
4122.86     60.988  -142.565
4182.82     61.095  -147.998
4243.66     61.145  -153.209
4305.39     61.187  -158.472
4368.01     61.185  -164.345
4431.55     61.016  -170.872
4496.01     60.585  -177.313
4561.40     59.917   177.343
4627.75     59.125   173.579
4695.06     58.271   171.252
4763.35     57.341   170.714
4832.64     56.468   173.124
4902.93     56.043   178.276
4974.24     56.266  -176.854
5046.60     56.860  -174.618
5120.00     57.543  -175.019
5194.47     58.179  -177.801
5270.03     58.610   177.264
5346.68     58.677   171.116
5424.45     58.338   165.273
5503.35     57.710   161.121
5583.40     57.011   159.084
5664.61     56.394   158.403
5747.01     55.830   158.264
5830.60     55.248   158.954
5915.41     54.741   160.945
6001.45     54.415   163.547
6088.74     54.192   166.208
6177.30     54.078   169.580
6267.15     54.271   173.084
6358.31     54.687   174.689
6450.80     55.008   174.442
6544.62     55.178   173.785
6639.82     55.288   172.891
6736.40     55.277   171.552
6834.38     55.065   170.349
6933.79     54.627   170.519
7034.64     54.233   173.867
7136.96     54.437   178.419
7240.77     54.959   179.637
7346.09     55.178   178.946
7452.94     55.239   179.352
7561.35     55.452  -179.828
7671.33     55.752   179.953
7782.91     55.967   178.583
7896.12     55.970   176.768
8010.97     55.783   175.776
8127.49     55.564   175.707
8245.71     55.286   176.403
8365.65     55.125   178.466
8487.33     55.192   179.731
8610.78     55.200   179.664
8736.03     55.085   178.746
8863.09     54.689   177.554
8992.01     54.083   178.027
9122.80     53.562  -179.219
9255.50     53.477  -175.678
9390.12     53.639  -174.436
9526.70     53.709  -174.708
9665.27     53.621  -175.624
9805.86     53.418  -175.404
9948.49     53.472  -174.658
10093.2     53.612  -176.209
10240.0     53.276  -179.091
10388.9     52.475  -177.912
10540.1     52.297  -172.014
10693.4     52.957  -168.733
10848.9     53.558  -171.371
11006.7     53.373  -175.387
11166.8     52.835  -176.255
11329.2     52.536  -174.652
11494.0     52.531  -174.369
11661.2     52.322  -175.436
11830.8     51.926  -175.612
12002.9     51.613  -174.515
12177.5     51.487  -174.469
12354.6     51.081  -175.668
12534.3     50.559  -174.647
12716.6     50.460  -174.002
12901.6     50.176  -178.103
13089.2     48.800   178.377
13279.6     47.186  -176.561
13472.8     46.840  -169.488
13668.8     46.627  -169.936
13867.6     45.206  -170.771
14069.3     44.003  -164.311
14273.9     43.354  -160.907
14481.5     42.109  -161.001
14692.2     39.590  -158.463
14905.9     35.828  -143.718
15122.7     33.830  -101.301
15342.7     37.030   -71.293
15565.8     39.902   -57.725
15792.2     42.926   -50.580
16021.9     45.597   -52.903
16255.0     47.500   -58.597
16491.4     49.119   -68.541
16731.3     49.518   -88.252
16974.7     46.927  -107.186
17221.6     41.322  -102.036
17472.1     40.974   -60.124
17726.2     44.463   -53.982
17984.0     45.445   -58.234
18245.6     45.926   -60.713
18511.0     46.116   -65.441
18780.2     45.647   -69.962
19053.4     44.998   -70.387
19330.5     44.912   -72.519
19611.7     44.151   -78.397
19897.0     42.331   -79.605
20186.4     41.573   -76.516
20480.0     40.464   -77.927
20777.9     39.151   -76.913
21080.1     38.255   -77.740
21386.7     35.253   -85.817
21697.8     29.274   -78.706
22013.4     27.205   -20.130
22333.6     32.359    -9.154
22658.4     32.664   -15.152
22988.0     32.023   -16.030
23322.4     30.709    -8.745
23661.6     30.793    -0.652
24005.8     31.066     2.727
24355.0     31.649    -0.986
24709.2     30.924   -10.920
25068.6     29.700   -23.427
25433.2     28.806   -56.021
25803.2     27.699  -134.549
26178.5     28.192   128.798
26559.3     25.772    62.051
26945.6     17.430   -35.378
27337.5     20.519  -151.285
27735.2     27.194   177.219
28138.6     30.386   153.296
28547.9     31.195   129.539
28963.1     31.040   113.284
29384.4     29.718    98.422
29811.8     28.093    89.635
30245.4     25.419    77.341
30685.3     18.505    86.715
31131.7     20.517   159.305
31584.5     31.159   136.245
32043.9     32.258    88.543
32510.0     30.459    59.752
32982.8     29.019    39.974
33462.6     27.320    23.299
33949.3     22.768     2.154
34443.1     18.266     2.493
34944.1     19.030    30.227
35452.4     19.428     7.585
35968.0      5.783    37.517
36491.2     15.374    97.692
37022.0     16.320    77.514
37560.5     18.960   102.998
38106.8     18.674    67.229
38661.1     16.544    75.652
39223.4     19.260    64.428
39793.9     17.234    59.203
