Freq[Hz]     dBSPL  Phase[Deg]
5.00000     -0.279  -118.314
5.07273     -0.266  -116.756
5.14651     -0.234  -115.243
5.22137     -0.149  -113.855
5.29732     -0.064  -112.467
5.37437      0.021  -111.080
5.45254      0.106  -109.692
5.53185      0.186  -108.537
5.61231      0.259  -107.627
5.69394      0.332  -106.717
5.77676      0.406  -105.808
5.86079      0.477  -104.900
5.94604      0.446  -104.091
6.03252      0.414  -103.281
6.12027      0.382  -102.472
6.20929      0.351  -101.663
6.29961      0.224  -100.215
6.39124      0.077   -98.625
6.48420     -0.070   -97.036
6.57851     -0.217   -95.447
6.67420     -0.334   -92.505
6.77128     -0.446   -89.344
6.86977     -0.558   -86.184
6.96969     -0.639   -82.948
7.07107     -0.489   -79.145
7.17392     -0.338   -75.342
7.27827     -0.187   -71.539
7.38413      0.055   -68.472
7.49154      0.366   -65.972
7.60050      0.678   -63.473
7.71105      0.960   -61.213
7.82321      1.110   -60.001
7.93701      1.260   -58.790
8.05245      1.410   -57.579
8.16958      1.195   -55.701
8.28841      0.966   -53.799
8.40896      0.738   -51.897
8.53128      0.288   -45.560
8.65537     -0.191   -38.652
8.78126     -0.670   -31.743
8.90899     -0.054   -19.548
9.03857      0.633    -7.006
9.17004      1.440     4.782
9.30342      3.201    10.573
9.43874      4.963    16.363
9.57603      6.637    19.893
9.71532      8.178    19.971
9.85663      9.718    20.048
10.0000     10.933    18.329
10.1455     12.058    16.108
10.2930     13.093    13.614
10.4427     13.878    10.355
10.5946     14.662     7.096
10.7487     15.236     3.372
10.9051     15.768    -0.444
11.0637     16.176    -4.402
11.2246     16.455    -8.509
11.3879     16.671   -12.613
11.5535     16.656   -16.703
11.7216     16.634   -20.783
11.8921     16.238   -24.198
12.0650     15.841   -27.613
12.2405     14.996   -28.827
12.4186     14.094   -29.756
12.5992     12.914   -24.465
12.7825     11.672   -17.795
12.9684     11.710    -3.649
13.1570     12.046    12.236
13.3484     13.866    20.440
13.5426     15.927    27.397
13.7395     17.701    25.976
13.9394     19.396    23.838
14.1421     20.571    18.698
14.3478     21.578    13.179
14.5565     22.222     6.842
14.7683     22.588     0.518
14.9831     22.739    -5.795
15.2010     22.489   -11.029
15.4221     22.099   -15.510
15.6464     21.401   -17.488
15.8740     20.718   -16.656
16.1049     20.046   -13.580
16.3392     20.133    -7.450
16.5768     20.559    -2.534
16.8179     21.439     0.456
17.0626     22.311    -1.013
17.3107     23.006    -4.277
17.5625     23.432    -9.396
17.8180     23.294   -15.540
18.0771     22.758   -21.363
18.3401     21.781   -26.396
18.6068     20.064   -28.110
18.8775     17.911   -21.926
19.1521     16.349    -7.316
19.4306     16.126    15.202
19.7133     18.334    28.848
20.0000     20.380    32.873
20.2909     21.988    31.832
20.5860     23.038    28.159
20.8855     23.559    23.518
21.1893     23.479    19.253
21.4975     22.905    16.824
21.8102     21.953    18.084
22.1274     21.017    24.980
22.4492     20.774    36.770
22.7758     21.720    48.556
23.1071     23.352    53.748
23.4432     24.689    52.481
23.7841     25.236    48.164
24.1301     24.910    44.645
24.4811     23.865    46.374
24.8372     23.082    57.641
25.1984     24.027    71.547
25.5649     25.960    76.364
25.9368     27.355    71.780
26.3141     27.354    62.485
26.6968     25.120    54.005
27.0851     18.407    69.825
27.4791     22.729   149.902
27.8788     30.365   149.083
28.2843     34.457   135.028
28.6957     36.711   118.526
29.1131     37.643   102.001
29.5365     37.399    87.156
29.9661     35.993    76.623
30.4020     33.615    75.962
30.8442     32.172    92.187
31.2929     33.336   107.844
31.7480     35.059   111.580
32.2098     35.924   110.072
32.6783     35.986   110.970
33.1536     36.141   116.383
33.6359     36.914   122.714
34.1251     37.992   125.812
34.6215     38.811   126.689
35.1250     39.355   128.105
35.6359     39.920   131.146
36.1543     40.693   134.257
36.6802     41.542   136.139
37.2137     42.269   137.145
37.7550     42.870   138.400
38.3041     43.453   140.406
38.8613     44.118   142.723
39.4265     44.883   144.704
40.0000     45.663   145.913
40.5818     46.355   146.418
41.1721     46.896   147.038
41.7710     47.369   148.508
42.3785     47.939   150.778
42.9949     48.626   152.777
43.6203     49.324   154.185
44.2548     49.982   155.435
44.8985     50.653   156.663
45.5515     51.323   157.496
46.2141     51.919   158.076
46.8863     52.448   159.054
47.5683     53.027   160.461
48.2602     53.665   161.545
48.9621     54.264   162.224
49.6743     54.810   163.015
50.3968     55.365   164.014
51.1299     55.940   164.892
51.8736     56.495   165.610
52.6281     57.033   166.347
53.3936     57.569   167.086
54.1702     58.101   167.735
54.9581     58.620   168.293
55.7575     59.122   168.772
56.5685     59.600   169.202
57.3914     60.059   169.611
58.2261     60.494   169.989
59.0730     60.896   170.382
59.9323     61.272   170.890
60.8040     61.636   171.532
61.6884     61.996   172.260
62.5857     62.357   173.015
63.4960     62.709   173.734
64.4196     63.045   174.413
65.3566     63.358   175.134
66.3073     63.660   175.895
67.2717     63.943   176.645
68.2502     64.199   177.462
69.2429     64.442   178.393
70.2501     64.670   179.356
71.2719     64.877  -179.574
72.3086     65.080  -178.407
73.3603     65.265  -177.263
74.4274     65.424  -175.970
75.5099     65.579  -174.607
76.6083     65.699  -173.179
77.7226     65.806  -171.500
78.8531     65.909  -169.724
80.0000     65.992  -167.784
81.1636     66.078  -165.614
82.3442     66.183  -163.384
83.5419     66.273  -161.238
84.7570     66.338  -158.914
85.9899     66.409  -156.530
87.2406     66.450  -154.149
88.5096     66.463  -151.545
89.7970     66.467  -148.784
91.1031     66.448  -145.851
92.4282     66.410  -142.605
93.7726     66.382  -139.002
95.1366     66.378  -135.221
96.5204     66.396  -131.298
97.9243     66.431  -127.489
99.3486     66.429  -123.581
100.794     66.434  -119.470
102.260     66.427  -115.179
103.747     66.457  -110.777
105.256     66.444  -106.400
106.787     66.452  -101.634
108.340     66.476   -96.816
109.916     66.503   -92.106
111.515     66.530   -87.104
113.137     66.548   -82.342
114.783     66.553   -77.455
116.452     66.476   -72.361
118.146     66.423   -66.614
119.865     66.435   -60.700
121.608     66.446   -54.815
123.377     66.480   -48.935
125.171     66.498   -43.022
126.992     66.510   -36.963
128.839     66.518   -30.776
130.713     66.533   -24.493
132.615     66.543   -18.113
134.543     66.543   -11.528
136.500     66.532    -4.646
138.486     66.527     1.652
140.500     66.527     8.671
142.544     66.547    16.276
144.617     66.549    23.092
146.721     66.513    30.030
148.855     66.497    37.904
151.020     66.534    45.645
153.217     66.535    52.677
155.445     66.351    60.127
157.706     66.242    68.814
160.000     66.234    77.995
162.327     66.242    87.114
164.688     66.283    95.404
167.084     66.357   104.243
169.514     66.441   112.928
171.980     66.291   121.838
174.481     66.327   131.171
177.019     66.380   139.405
179.594     66.296   147.472
182.206     66.011   157.852
184.856     65.849   168.478
187.545     65.689   179.535
190.273     65.772  -169.183
193.041     65.747  -158.456
195.849     65.768  -147.439
198.697     65.811  -136.102
201.587     65.800  -124.949
204.520     65.732  -113.549
207.494     65.690  -101.723
210.512     65.714   -88.980
213.574     65.764   -76.622
216.681     65.795   -64.989
219.833     65.876   -52.574
223.030     65.989   -40.035
226.274     66.004   -28.059
229.565     65.910   -15.756
232.905     65.793    -2.704
236.292     65.682    10.379
239.729     65.607    24.912
243.216     65.592    39.629
246.754     65.700    53.926
250.343     65.788    68.412
253.984     65.777    82.261
257.678     65.656    97.236
261.426     65.672   113.337
265.229     65.737   128.856
269.087     65.755   144.289
273.001     65.736   159.766
276.972     65.695   175.291
281.000     65.694  -167.256
285.088     65.862  -149.956
289.234     65.956  -133.171
293.441     66.101  -116.178
297.709     66.102  -100.646
302.040     66.073   -83.219
306.433     66.169   -66.252
310.890     66.016   -48.676
315.412     65.870   -29.527
320.000     65.894   -10.652
324.655     65.795     8.115
329.377     65.768    27.498
334.168     65.944    48.431
339.028     66.070    68.003
343.959     66.158    86.512
348.962     65.898   106.197
354.038     65.864   126.075
359.188     65.666   147.632
364.412     65.669   169.836
369.713     65.705  -168.126
375.090     65.748  -146.934
380.546     65.611  -124.829
386.081     65.580  -102.404
391.697     65.526   -79.362
397.394     65.409   -56.158
403.175     65.074   -32.850
409.039     65.034    -7.945
414.989     64.871    17.450
421.025     64.866    42.237
427.149     64.683    67.006
433.362     64.456    92.312
439.665     64.444   119.531
446.060     64.196   145.764
452.548     64.074   172.108
459.131     63.787  -159.383
465.809     63.631  -130.607
472.584     63.488  -102.191
479.458     63.215   -73.095
486.432     63.049   -42.924
493.507     62.910   -11.984
500.686     62.789    19.664
507.968     62.677    51.129
515.357     62.557    82.758
522.853     62.384   115.073
530.458     62.310   149.006
538.174     62.272  -177.809
546.002     62.223  -144.650
553.943     62.168  -110.678
562.001     62.129   -76.012
570.175     62.068   -40.725
578.469     62.009    -4.458
586.883     61.969    31.707
595.419     61.917    67.725
604.080     61.839   104.523
612.866     61.752   142.172
621.780     61.654  -179.389
630.824     61.538  -140.095
640.000     61.408  -100.722
649.309     61.264   -61.247
658.753     61.103   -20.851
668.335     60.925    21.281
678.056     60.737    63.597
687.919     60.542   106.932
697.925     60.345   151.319
708.077     60.159  -164.024
718.376     59.991  -118.276
728.825     59.851   -71.441
739.426     59.754   -23.548
750.181     59.712    25.344
761.093     59.735    75.142
772.163     59.825   124.904
783.394     59.983   175.342
794.789     60.205  -132.839
806.349     60.473   -81.374
818.078     60.776   -29.508
829.977     61.096    22.733
842.050     61.421    75.339
854.298     61.734   128.331
866.724     62.020  -179.044
879.330     62.278  -125.172
892.120     62.494   -70.790
905.097     62.661   -15.846
918.262     62.774    39.716
931.618     62.828    95.955
945.169     62.818   152.931
958.917     62.741  -149.289
972.864     62.595   -90.634
987.015     62.378   -31.022
1001.37     62.081    30.417
1015.94     61.714    93.020
1030.71     61.289   156.119
1045.71     60.805  -138.568
1060.92     60.282   -70.882
1076.35     59.762    -2.309
1092.00     59.283    68.010
1107.89     58.893   140.847
1124.00     58.647  -144.865
1140.35     58.577   -69.531
1156.94     58.683     7.216
1173.77     58.928    84.131
1190.84     59.260   160.988
1208.16     59.622  -122.250
1225.73     59.974   -44.694
1243.56     60.281    33.793
1261.65     60.522   112.577
1280.00     60.686  -168.164
1298.62     60.771   -88.271
1317.51     60.779    -6.814
1336.67     60.717    76.331
1356.11     60.594   160.476
1375.84     60.423  -113.507
1395.85     60.220   -25.568
1416.15     60.003    63.506
1436.75     59.786   153.683
1457.65     59.581  -114.289
1478.85     59.393   -20.487
1500.36     59.225    74.207
1522.19     59.069   170.545
1544.33     58.920   -91.490
1566.79     58.769     8.117
1589.58     58.616   109.414
1612.70     58.466  -148.356
1636.16     58.327   -44.341
1659.95     58.215    61.457
1684.10     58.148   168.975
1708.60     58.137   -81.917
1733.45     58.184    27.800
1758.66     58.280   139.577
1784.24     58.402  -107.528
1810.19     58.521     5.623
1836.52     58.610   120.651
1863.24     58.642  -123.159
1890.34     58.599    -5.675
1917.83     58.469   113.276
1945.73     58.250  -126.119
1974.03     57.948    -2.870
2002.74     57.585   122.408
2031.87     57.194  -110.166
2061.43     56.817    19.424
2091.41     56.494   151.861
2121.83     56.256   -73.116
2152.69     56.112    62.543
2184.01     56.038  -159.840
2215.77     56.001   -20.439
2248.00     55.965   119.907
2280.70     55.902   -98.743
2313.87     55.794    44.485
2347.53     55.634  -170.341
2381.68     55.410   -23.975
2416.32     55.108   124.415
2451.46     54.706   -85.079
2487.12     54.179    67.747
2523.30     53.513  -136.747
2560.00     52.724    21.952
2597.24     51.889  -176.413
2635.01     51.143   -10.825
2673.34     50.652   158.152
2712.23     50.476   -30.851
2751.68     50.496   141.653
2791.70     50.491   -45.522
2832.31     50.264   128.184
2873.50     49.695   -56.160
2915.30     48.742   122.749
2957.70     47.453   -52.881
3000.72     46.005   137.351
3044.37     44.667   -26.361
3088.65     43.602   175.811
3133.58     42.784    22.499
3179.16     42.330  -124.440
3225.40     42.766    94.075
3272.31     44.225   -48.235
3319.91     46.004   166.223
3368.20     47.485    19.034
3417.19     48.487  -127.960
3466.89     49.073    87.855
3517.32     49.366   -51.878
3568.48     49.456   171.366
3620.39     49.356    38.357
3673.05     49.036   -89.701
3726.47     48.536   147.315
3780.67     48.045    30.087
3835.67     47.808   -82.065
3891.46     47.869   169.913
3948.06     48.045    64.289
4005.49     48.191   -38.347
4063.75     48.354  -135.521
4122.86     48.674   131.004
4182.82     49.214    40.192
4243.66     49.893   -47.486
4305.39     50.507  -134.266
4368.01     50.819   141.024
4431.55     50.652    59.718
4496.01     49.981   -16.219
4561.40     48.997   -85.091
4627.75     47.997  -146.685
4695.06     47.099   159.083
4763.35     46.405   111.894
4832.64     46.386    70.840
4902.93     47.063    31.542
4974.24     47.608    -7.562
5046.60     47.633   -42.975
5120.00     47.655   -71.071
5194.47     48.076   -95.307
5270.03     48.305  -119.238
5346.68     47.816  -138.288
5424.45     47.067  -147.042
5503.35     46.854  -148.967
5583.40     46.698  -149.085
5664.61     45.825  -142.531
5747.01     44.969  -123.354
5830.60     45.477   -97.143
5915.41     46.536   -70.960
6001.45     47.196   -42.838
6088.74     47.790    -9.419
6177.30     48.532    28.476
6267.15     48.883    69.054
6358.31     48.537   116.257
6450.80     47.990   173.635
6544.62     47.894  -120.708
6639.82     48.206   -49.610
6736.40     48.601    25.697
6834.38     48.736   104.956
6933.79     48.517  -168.404
7034.64     48.289   -73.148
7136.96     48.248    28.452
7240.77     48.328   136.878
7346.09     48.337  -108.333
7452.94     48.133    12.882
7561.35     48.065   143.000
7671.33     48.169   -80.602
7782.91     48.104    61.660
7896.12     47.964  -148.165
8010.97     47.767     9.628
8127.49     47.548   176.189
8245.71     47.245    -9.533
8365.65     47.007   174.444
8487.33     47.304     5.940
8610.78     47.548  -158.476
8736.03     47.586    44.431
8863.09     47.418  -106.055
8992.01     46.688   111.405
9122.80     45.531   -19.312
9255.50     44.705  -138.004
9390.12     44.231   112.016
9526.70     43.609    10.382
9665.27     43.256   -82.063
9805.86     43.072  -166.533
9948.49     42.749   115.799
10093.2     41.775    46.738
10240.0     40.481    -6.830
10388.9     39.956   -46.591
10540.1     40.217   -80.963
10693.4     40.328  -110.822
10848.9     39.833  -135.239
11006.7     37.496  -148.535
11166.8     35.233  -140.080
11329.2     33.243  -122.872
11494.0     30.856   -87.964
11661.2     29.089   -40.090
11830.8     26.410    29.314
12002.9     28.195   123.472
12177.5     31.074  -162.908
12354.6     31.684   -77.443
12534.3     33.698    16.468
12716.6     32.989   111.152
12901.6     32.240  -122.617
13089.2     33.295     9.244
13279.6     33.752   149.000
13472.8     34.062   -58.853
13668.8     33.747   108.644
13867.6     34.635   -72.552
14069.3     34.755   115.893
14273.9     34.431   -43.660
14481.5     33.648   175.360
14692.2     32.007    52.315
14905.9     31.963   -53.393
15122.7     31.308  -143.372
15342.7     32.285   131.578
15565.8     31.263    56.384
15792.2     28.744     5.886
16021.9     28.660   -23.347
16255.0     28.196   -37.699
16491.4     29.465   -43.181
16731.3     31.925   -31.022
16974.7     32.771   -26.237
17221.6     30.352     5.714
17472.1     29.185    77.937
17726.2     31.907   148.070
17984.0     32.075  -138.613
18245.6     30.444   -36.437
18511.0     30.390    91.426
18780.2     31.004  -131.669
19053.4     29.906    20.420
19330.5     29.090  -173.417
19611.7     24.719    20.886
19897.0     24.087  -101.569
20186.4     27.522   118.996
20480.0     26.655   -26.936
20777.9     22.169  -152.056
21080.1     16.356   159.397
21386.7     19.851   103.276
21697.8     14.936    27.640
22013.4     14.303    59.042
22333.6      8.395   -52.055
22658.4     16.499   167.700
22988.0     14.090  -173.150
23322.4      7.855   163.943
23661.6     14.329   133.510
24005.8     19.189  -154.087
24355.0     17.066   -28.732
24709.2     15.783   138.199
25068.6     14.942   -13.716
25433.2     17.960   166.747
25803.2     13.106   -26.518
26178.5     11.493    18.904
26559.3     14.397  -117.764
26945.6     13.057   143.101
27337.5     12.763    71.425
27735.2     15.029   -18.111
28138.6     15.599   -29.594
28547.9     16.806   -10.936
28963.1     14.780    55.519
29384.4     15.373   135.860
29811.8     15.696  -112.682
30245.4     13.603    -6.308
30685.3      5.778    76.249
31131.7      7.912  -142.122
31584.5     12.163    57.738
32043.9     12.889   -69.818
32510.0      9.330  -160.687
32982.8     11.033   159.049
33462.6      9.705   129.984
33949.3      6.038   164.290
34443.1      8.999  -110.212
34944.1      6.194   -27.016
35452.4      0.883   122.732
35968.0     -0.133    22.454
36491.2      0.724  -160.390
37022.0      0.538   -14.856
37560.5      4.226    79.404
38106.8      2.544   -44.596
38661.1      3.436    11.508
39223.4      4.090    11.933
39793.9      4.582     2.241
