Freq[Hz]     dBSPL  Phase[Deg]
5.00000      0.323  -124.950
5.07273      0.337  -123.487
5.14651      0.370  -122.070
5.22137      0.455  -120.783
5.29732      0.541  -119.497
5.37437      0.627  -118.211
5.45254      0.713  -116.924
5.53185      0.793  -115.873
5.61231      0.867  -115.072
5.69394      0.941  -114.271
5.77676      1.015  -113.470
5.86079      1.087  -112.670
5.94604      1.057  -111.976
6.03252      1.027  -111.281
6.12027      0.996  -110.587
6.20929      0.966  -109.893
6.29961      0.840  -108.566
6.39124      0.694  -107.098
6.48420      0.548  -105.631
6.57851      0.401  -104.164
6.67420      0.286  -101.350
6.77128      0.175   -98.318
6.86977      0.065   -95.286
6.96969     -0.015   -92.180
7.07107      0.137   -88.513
7.17392      0.289   -84.846
7.27827      0.441   -81.179
7.38413      0.684   -78.251
7.49154      0.997   -75.894
7.60050      1.310   -73.537
7.71105      1.593   -71.421
7.82321      1.745   -70.359
7.93701      1.896   -69.297
8.05245      2.048   -68.234
8.16958      1.835   -66.513
8.28841      1.608   -64.767
8.40896      1.382   -63.021
8.53128      0.933   -56.846
8.65537      0.456   -50.101
8.78126     -0.021   -43.355
8.90899      0.597   -31.329
9.03857      1.286   -18.957
9.17004      2.095    -7.339
9.30342      3.859    -1.725
9.43874      5.623     3.889
9.57603      7.299     7.241
9.71532      8.843     7.135
9.85663     10.386     7.030
10.0000     11.603     5.122
10.1455     12.730     2.712
10.2930     13.768     0.026
10.4427     14.555    -3.429
10.5946     15.342    -6.884
10.7487     15.919   -10.810
10.9051     16.454   -14.829
11.0637     16.866   -18.993
11.2246     17.148   -23.310
11.3879     17.366   -27.624
11.5535     17.355   -31.931
11.7216     17.336   -36.227
11.8921     16.944   -39.864
12.0650     16.551   -43.502
12.2405     15.710   -44.944
12.4186     14.811   -46.103
12.5992     13.635   -41.046
12.7825     12.398   -34.611
12.9684     12.440   -20.706
13.1570     12.780    -5.063
13.3484     14.603     2.894
13.5426     16.668     9.602
13.7395     18.448     7.927
13.9394     20.148     5.533
14.1421     21.328     0.132
14.3478     22.339    -5.650
14.5565     22.989   -12.254
14.7683     23.360   -18.849
14.9831     23.517   -25.435
15.2010     23.273   -30.949
15.4221     22.889   -35.711
15.6464     22.197   -37.975
15.8740     21.519   -37.433
16.1049     20.853   -34.649
16.3392     20.947   -28.817
16.5768     21.380   -24.201
16.8179     22.266   -21.516
17.0626     23.145   -23.295
17.3107     23.847   -26.871
17.5625     24.280   -32.307
17.8180     24.151   -38.774
18.0771     23.622   -44.922
18.3401     22.653   -50.284
18.6068     20.944   -52.332
18.8775     18.799   -46.487
19.1521     17.246   -32.220
19.4306     17.032   -10.048
19.7133     19.248     3.246
20.0000     21.304     6.914
20.2909     22.920     5.513
20.5860     23.980     1.476
20.8855     24.511    -3.534
21.1893     24.442    -8.174
21.4975     23.879   -10.982
21.8102     22.937   -10.106
22.1274     22.013    -3.599
22.4492     21.781     7.798
22.7758     22.737    19.187
23.1071     24.381    23.976
23.4432     25.730    22.302
23.7841     26.290    17.571
24.1301     25.977    13.635
24.4811     24.945    14.942
24.8372     24.176    25.781
25.1984     25.135    39.254
25.5649     27.081    43.633
25.9368     28.489    38.606
26.3141     28.504    28.863
26.6968     26.284    19.930
27.0851     19.586    35.291
27.4791     23.925   114.904
27.8788     31.577   113.616
28.2843     35.685    99.087
28.6957     37.956    82.105
29.1131     38.905    65.094
29.5365     38.679    49.759
29.9661     37.291    38.730
30.4020     34.931    37.568
30.8442     33.506    53.286
31.2929     34.689    68.430
31.7480     36.431    71.648
32.2098     37.317    69.617
32.6783     37.399    69.986
33.1536     37.575    74.864
33.6359     38.368    80.656
34.1251     39.468    83.207
34.6215     40.310    83.534
35.1250     40.876    84.393
35.6359     41.463    86.870
36.1543     42.260    89.414
36.6802     43.134    90.722
37.2137     43.884    91.148
37.7550     44.509    91.818
38.3041     45.118    93.233
38.8613     45.809    94.953
39.4265     46.599    96.332
40.0000     47.407    96.933
40.5818     48.125    96.824
41.1721     48.693    96.825
41.7710     49.194    97.670
42.3785     49.793    99.309
42.9949     50.509   100.671
43.6203     51.236   101.437
44.2548     51.923   102.039
44.8985     52.625   102.613
45.5515     53.326   102.786
46.2141     53.953   102.702
46.8863     54.514   103.009
47.5683     55.123   103.739
48.2602     55.794   104.141
48.9621     56.425   104.131
49.6743     57.005   104.229
50.3968     57.594   104.528
51.1299     58.203   104.700
51.8736     58.793   104.708
52.6281     59.366   104.728
53.3936     59.937   104.744
54.1702     60.505   104.665
54.9581     61.060   104.490
55.7575     61.598   104.229
56.5685     62.114   103.913
57.3914     62.609   103.572
58.2261     63.082   103.192
59.0730     63.522   102.822
59.9323     63.937   102.562
60.8040     64.339   102.430
61.6884     64.738   102.377
62.5857     65.137   102.346
63.4960     65.530   102.273
64.4196     65.905   102.156
65.3566     66.258   102.072
66.3073     66.600   102.025
67.2717     66.923   101.958
68.2502     67.219   101.954
69.2429     67.502   102.058
70.2501     67.771   102.187
71.2719     68.020   102.417
72.3086     68.264   102.738
73.3603     68.490   103.031
74.4274     68.690   103.466
75.5099     68.886   103.965
76.6083     69.047   104.521
77.7226     69.195   105.324
78.8531     69.340   106.216
80.0000     69.464   107.265
81.1636     69.591   108.539
82.3442     69.737   109.864
83.5419     69.867   111.100
84.7570     69.974   112.508
85.9899     70.085   113.967
87.2406     70.166   115.417
88.5096     70.219   117.082
89.7970     70.263   118.898
91.1031     70.283   120.878
92.4282     70.285   123.164
93.7726     70.295   125.799
95.1366     70.331   128.605
96.5204     70.387   131.544
97.9243     70.460   134.362
99.3486     70.495   137.270
100.794     70.537   140.373
102.260     70.567   143.649
103.747     70.632   147.026
105.256     70.654   150.369
106.787     70.697   154.094
108.340     70.756   157.860
109.916     70.816   161.511
111.515     70.877   165.444
113.137     70.928   169.126
114.783     70.964   172.925
116.452     70.918   176.920
118.146     70.895  -178.441
119.865     70.936  -173.646
121.608     70.977  -168.889
123.377     71.039  -164.149
125.171     71.082  -159.387
126.992     71.119  -154.489
128.839     71.154  -149.474
130.713     71.193  -144.376
132.615     71.227  -139.192
134.543     71.248  -133.838
136.500     71.260  -128.211
138.486     71.273  -123.049
140.500     71.293  -117.274
142.544     71.333  -111.021
144.617     71.350  -105.439
146.721     71.330   -99.730
148.855     71.329   -93.191
151.020     71.380   -86.780
153.217     71.394   -81.072
155.445     71.220   -74.942
157.706     71.121   -67.569
160.000     71.123   -59.808
162.327     71.139   -52.103
164.688     71.185   -45.113
167.084     71.265   -37.679
169.514     71.354   -30.500
171.980     71.206   -23.092
174.481     71.243   -15.148
177.019     71.296    -8.299
179.594     71.211    -1.719
182.206     70.923     7.073
184.856     70.757    16.117
187.545     70.591    25.702
190.273     70.667    35.412
193.041     70.633    44.572
195.849     70.645    54.027
198.697     70.677    63.702
201.587     70.654    73.199
204.520     70.572    82.949
207.494     70.515    93.130
210.512     70.521   104.131
213.574     70.553   114.753
216.681     70.566   124.757
219.833     70.626   135.447
223.030     70.715   146.166
226.274     70.706   156.328
229.565     70.587   166.825
232.905     70.443   178.076
236.292     70.304  -170.635
239.729     70.200  -157.989
243.216     70.154  -145.150
246.754     70.230  -132.725
250.343     70.283  -120.200
253.984     70.237  -108.305
257.678     70.080   -95.273
261.426     70.058   -81.204
265.229     70.084   -67.707
269.087     70.062   -54.286
273.001     70.003   -40.809
276.972     69.922   -27.275
281.000     69.877   -11.896
285.088     70.000     3.249
289.234     70.050    17.893
293.441     70.149    32.758
297.709     70.105    46.176
302.040     70.032    61.504
306.433     70.082    76.296
310.890     69.883    91.624
315.412     69.690   108.542
320.000     69.670   125.203
324.655     69.528   141.774
329.377     69.460   158.979
334.168     69.594   177.580
339.028     69.681  -165.161
343.959     69.733  -148.944
348.962     69.440  -131.534
354.038     69.378  -113.912
359.188     69.155   -94.678
364.412     69.138   -74.864
369.713     69.159   -55.202
375.090     69.193   -36.375
380.546     69.056   -16.708
386.081     69.032     3.282
391.697     68.993    23.806
397.394     68.902    44.404
403.175     68.602    65.173
409.039     68.608    87.433
414.989     68.502   110.070
421.025     68.564   132.056
427.149     68.458   153.975
433.362     68.317   176.371
439.665     68.405  -159.569
446.060     68.265  -136.578
452.548     68.257  -113.568
459.131     68.092   -88.587
465.809     68.063   -63.547
472.584     68.048   -38.977
479.458     67.903   -13.840
486.432     67.863    12.155
493.507     67.847    38.699
500.686     67.842    65.731
507.968     67.836    92.488
515.357     67.809   119.325
522.853     67.717   146.663
530.458     67.711   175.442
538.174     67.726  -156.564
546.002     67.714  -128.617
553.943     67.682   -99.987
562.001     67.652   -70.779
570.175     67.586   -41.052
578.469     67.509   -10.433
586.883     67.439    20.126
595.419     67.350    50.588
604.080     67.227    81.764
612.866     67.090   113.730
621.780     66.938   146.426
630.824     66.767   179.916
640.000     66.585  -146.464
649.309     66.392  -112.703
658.753     66.187   -78.108
668.335     65.971   -41.991
678.056     65.755    -5.700
687.919     65.539    31.464
697.925     65.331    69.505
708.077     65.139   107.731
718.376     64.965   146.819
728.825     64.818  -173.250
739.426     64.704  -132.513
750.181     64.626   -91.014
761.093     64.588   -48.813
772.163     64.591    -6.673
783.394     64.632    36.048
794.789     64.709    79.990
806.349     64.813   123.710
818.078     64.937   167.867
829.977     65.073  -147.558
842.050     65.214  -102.581
854.298     65.349   -57.198
866.724     65.471   -12.075
879.330     65.574    34.152
892.120     65.651    80.832
905.097     65.694   127.993
918.262     65.700   175.668
931.618     65.661  -136.105
945.169     65.575   -87.282
958.917     65.435   -37.814
972.864     65.239    12.357
987.015     64.984    63.299
1001.37     64.659   115.755
1015.94     64.273   169.160
1030.71     63.835  -137.051
1045.71     63.342   -81.408
1060.92     62.808   -23.765
1076.35     62.270    34.625
1092.00     61.757    94.516
1107.89     61.310   156.599
1124.00     60.981  -139.997
1140.35     60.802   -75.592
1156.94     60.781    -9.877
1173.77     60.895    56.045
1190.84     61.099   121.925
1208.16     61.340  -172.304
1225.73     61.577  -105.888
1243.56     61.775   -38.686
1261.65     61.913    28.807
1280.00     61.985    96.798
1298.62     61.995   165.478
1317.51     61.956  -124.315
1336.67     61.892   -52.468
1356.11     61.830    20.368
1375.84     61.798    94.823
1395.85     61.819   170.745
1416.15     61.898  -112.766
1436.75     62.025   -35.918
1457.65     62.176    41.825
1478.85     62.320   120.402
1500.36     62.422  -160.827
1522.19     62.458   -81.072
1544.33     62.409    -0.168
1566.79     62.266    82.084
1589.58     62.030   165.896
1612.70     61.718  -109.202
1636.16     61.353   -22.375
1659.95     60.970    66.467
1684.10     60.609   157.308
1708.60     60.303  -109.996
1733.45     60.073   -16.371
1758.66     59.912    79.330
1784.24     59.800   176.251
1810.19     59.714   -86.343
1836.52     59.631    12.994
1863.24     59.549   113.682
1890.34     59.474  -144.182
1917.83     59.427   -40.576
1945.73     59.425    64.427
1974.03     59.479   171.362
2002.74     59.585   -80.647
2031.87     59.723    28.250
2061.43     59.866   137.976
2091.41     59.985  -110.783
2121.83     60.055     2.045
2152.69     60.054   115.243
2184.01     59.974  -129.671
2215.77     59.812   -12.510
2248.00     59.582   106.232
2280.70     59.308  -133.319
2313.87     59.021   -10.454
2347.53     58.751   114.723
2381.68     58.514  -118.678
2416.32     58.298     9.804
2451.46     58.074   140.052
2487.12     57.806   -87.882
2523.30     57.476    46.190
2560.00     57.086  -177.496
2597.24     56.668   -39.466
2635.01     56.254   100.962
2673.34     55.871  -116.353
2712.23     55.525    28.404
2751.68     55.211   175.781
2791.70     54.926   -34.993
2832.31     54.670   115.955
2873.50     54.434   -91.580
2915.30     54.187    62.201
2957.70     53.876  -142.078
3000.72     53.460    15.070
3044.37     52.932   173.912
3088.65     52.319   -24.726
3133.58     51.678   138.321
3179.16     51.038   -56.823
3225.40     50.388   109.121
3272.31     49.694   -85.148
3319.91     48.944    80.533
3368.20     48.221  -114.197
3417.19     47.719    50.046
3466.89     47.685  -145.185
3517.32     48.244    22.710
3568.48     49.278  -165.561
3620.39     50.556    11.367
3673.05     51.892  -166.158
3726.47     53.172    20.571
3780.67     54.335  -149.077
3835.67     55.340    44.485
3891.46     56.168  -118.262
3948.06     56.818    82.017
4005.49     57.316   -74.698
4063.75     57.695   132.746
4122.86     57.961   -17.212
4182.82     58.088  -164.748
4243.66     58.041    51.539
4305.39     57.820   -89.317
4368.01     57.477   133.578
4431.55     57.078     0.070
4496.01     56.627  -130.228
4561.40     56.073   102.698
4627.75     55.414   -20.489
4695.06     54.794  -138.580
4763.35     54.407   107.111
4832.64     54.247    -4.837
4902.93     54.134  -114.164
4974.24     53.961   139.999
5046.60     53.775    37.780
5120.00     53.628   -60.154
5194.47     53.476  -153.809
5270.03     53.289   116.728
5346.68     53.146    32.543
5424.45     53.132   -46.124
5503.35     53.224  -120.581
5583.40     53.368   168.966
5664.61     53.544   102.944
5747.01     53.680    40.328
5830.60     53.664   -18.615
5915.41     53.490   -71.759
6001.45     53.273  -120.135
6088.74     53.092  -164.244
6177.30     52.943   156.682
6267.15     52.786   121.605
6358.31     52.539    90.467
6450.80     52.165    63.920
6544.62     51.779    42.497
6639.82     51.493    26.264
6736.40     51.266    14.722
6834.38     51.120     7.483
6933.79     51.150     4.270
7034.64     51.101     3.654
7136.96     50.551     6.602
7240.77     49.525    18.176
7346.09     48.515    39.948
7452.94     47.867    69.125
7561.35     47.683   105.178
7671.33     47.842   145.879
7782.91     48.009  -169.842
7896.12     48.050  -120.458
8010.97     47.908   -65.625
8127.49     47.499    -4.072
8245.71     46.847    64.675
8365.65     46.130   141.001
8487.33     45.412  -134.855
8610.78     44.787   -43.068
8736.03     44.557    56.418
8863.09     44.822   160.621
8992.01     45.142   -92.532
9122.80     45.051    18.811
9255.50     44.560   138.287
9390.12     44.208   -91.501
9526.70     44.216    45.402
9665.27     44.442  -172.045
9805.86     44.795   -23.254
9948.49     45.116   131.525
10093.2     45.383   -67.438
10240.0     45.502   101.111
10388.9     45.490   -82.730
10540.1     45.193   100.672
10693.4     44.604   -66.853
10848.9     43.880   136.972
11006.7     43.483    -9.517
11166.8     43.323  -149.156
11329.2     43.074    77.691
11494.0     42.443   -46.985
11661.2     41.654  -161.441
11830.8     40.980    95.876
12002.9     40.691     2.813
12177.5     40.784   -81.498
12354.6     41.120  -159.116
12534.3     41.342   131.834
12716.6     41.454    70.600
12901.6     41.302    18.364
13089.2     40.912   -23.872
13279.6     40.252   -55.823
13472.8     39.494   -75.756
13668.8     39.066   -85.350
13867.6     38.661   -86.217
14069.3     38.047   -77.208
14273.9     37.120   -58.393
14481.5     36.145   -24.862
14692.2     35.284    18.647
14905.9     33.970    73.434
15122.7     32.522   145.852
15342.7     31.778  -129.010
15565.8     31.101   -36.051
15792.2     30.110    77.066
16021.9     31.545  -161.028
16255.0     31.719   -40.619
16491.4     28.593    97.367
16731.3     28.809   -64.877
16974.7     35.914    91.481
17221.6     37.166  -120.394
17472.1     36.120    51.551
17726.2     34.970  -115.288
17984.0     33.662   100.537
18245.6     32.846   -27.237
18511.0     32.961  -140.064
18780.2     33.575   115.062
19053.4     33.769    17.157
19330.5     32.996   -67.133
19611.7     32.084  -134.646
19897.0     30.083   172.947
20186.4     28.571   137.806
20480.0     27.842   115.851
20777.9     26.057   114.547
21080.1     25.458   130.177
21386.7     24.763   159.479
21697.8     22.356  -161.703
22013.4     17.744  -126.164
22333.6      3.807   -79.914
22658.4      4.144  -141.082
22988.0     12.810   -65.903
23322.4     14.574    71.830
23661.6     13.841  -139.939
24005.8     14.327    30.932
24355.0     12.686  -149.997
24709.2     12.532    25.034
25068.6     10.643  -108.781
25433.2     11.808   110.164
25803.2      9.592   -42.858
26178.5      4.572  -168.772
26559.3      6.055    97.934
26945.6     11.199    14.346
27337.5     11.108   -24.598
27735.2      9.211   -40.157
28138.6      8.723     6.561
28547.9     12.701    52.766
28963.1     12.426   113.176
29384.4     15.114  -176.762
29811.8     14.851   -85.851
30245.4     15.588    38.412
30685.3     13.614   172.062
31131.7     13.626   -43.558
31584.5     12.795   103.773
32043.9      5.772  -120.809
32510.0      0.243    74.368
32982.8      2.736   -40.909
33462.6      4.469  -174.870
33949.3      7.286    78.623
34443.1      9.164    60.058
34944.1      8.015    28.771
35452.4     -1.089    33.448
35968.0      3.647    65.060
36491.2      7.968   130.308
37022.0      6.362   152.325
37560.5      1.835   -44.832
38106.8      1.436    74.711
38661.1      4.289   -89.008
39223.4      0.607    56.280
39793.9      1.212    93.665
