19.042969,72.151666,-27.733408
19.775391,73.437433,-27.676572
20.507812,74.831916,-30.548507
21.240234,76.150917,-35.845543
21.972656,77.307767,-42.847995
22.705078,78.274847,-50.933960
23.437500,79.052857,-59.627939
24.169922,79.655223,-68.571842
24.902344,80.101639,-77.490529
25.634766,80.415957,-86.169164
26.367188,80.625777,-94.443911
27.099609,80.762211,-102.203957
27.832031,80.858739,-109.401028
28.564453,80.948410,-116.059452
29.296875,81.059406,-122.276822
30.029297,81.210295,-128.206493
30.761719,81.407132,-134.021944
31.494141,81.644140,-139.875135
32.226562,81.907701,-145.866022
32.958984,82.181671,-152.033201
33.691406,82.451859,-158.363637
34.423828,82.708537,-164.812239
35.156250,82.946997,-171.322302
35.888672,83.166744,-177.841400
36.621094,83.369977,175.669329
37.353516,83.559923,169.232572
38.085938,83.739480,162.857743
38.818359,83.910458,156.547333
39.550781,84.073566,150.303979
40.283203,84.229022,144.135573
41.015625,84.377516,138.056476
41.748047,84.521101,132.084297
42.480469,84.663656,126.233098
43.212891,84.810628,120.505182
43.945312,84.967994,114.884432
45.410156,85.330787,103.802070
46.142578,85.536610,98.229963
46.875000,85.752372,92.568414
47.607422,85.969335,86.788629
48.339844,86.177601,80.889665
49.804688,86.534763,68.865931
50.537109,86.674981,62.853505
51.269531,86.790848,56.924451
52.734375,86.976956,45.494866
53.466797,87.066401,40.016487
54.199219,87.165574,34.657298
55.664062,87.408133,24.040327
56.396484,87.545950,18.648649
57.128906,87.683616,13.142597
58.593750,87.915248,1.802551
59.326172,87.991782,-3.945791
60.791016,88.052387,-15.247592
61.523438,88.045476,-20.658927
62.988281,88.009783,-30.800698
64.453125,88.027276,-40.163099
65.185547,88.075951,-44.718599
66.650391,88.245937,-53.987996
68.115234,88.454634,-63.774208
68.847656,88.549287,-68.861515
70.312500,88.690423,-79.241690
71.777344,88.765357,-89.620732
73.242188,88.798345,-99.814620
73.974609,88.807527,-104.842030
75.439453,88.817563,-114.818132
76.904297,88.810716,-124.739396
78.369141,88.777661,-134.569168
79.833984,88.721381,-144.212967
81.298828,88.657584,-153.629357
82.763672,88.600274,-162.876604
84.228516,88.549497,-172.048758
85.693359,88.494550,178.821134
87.158203,88.427640,169.783761
89.355469,88.315034,156.541898
90.820312,88.246851,147.927083
92.285156,88.189864,139.428630
93.750000,88.142254,131.011687
95.947266,88.085559,118.513665
97.412109,88.057018,110.229961
98.876953,88.029087,101.942647
101.074219,87.962754,89.548527
102.539062,87.894792,81.441187
104.736328,87.782403,69.700803
106.201172,87.721036,62.114397
108.398438,87.651435,50.904041
110.595703,87.585424,39.881860
112.792969,87.529626,29.174211
114.257812,87.510817,22.164210
116.455078,87.501611,11.689762
118.652344,87.492668,1.305603
120.849609,87.497110,-8.890931
123.046875,87.528288,-19.101121
125.244141,87.544454,-29.471126
127.441406,87.514531,-39.728740
129.638672,87.473488,-49.655458
131.835938,87.450213,-59.442328
134.765625,87.404095,-72.461198
136.962891,87.353109,-82.005363
139.160156,87.313141,-91.397719
142.089844,87.258317,-103.865920
144.287109,87.209741,-113.063935
147.216797,87.163068,-125.205956
149.414062,87.124378,-134.325519
152.343750,87.066522,-146.317953
155.273438,87.030717,-158.334200
157.470703,86.982447,-167.459013
160.400391,86.887799,-179.427769
163.330078,86.798066,168.656412
166.259766,86.659448,156.779980
169.189453,86.516596,145.355015
172.119141,86.405745,133.872421
175.048828,86.245830,122.415814
178.710938,86.058906,108.550362
181.640625,85.897565,97.380226
185.302734,85.664325,84.000238
188.232422,85.524137,73.438320
191.894531,85.330519,60.333502
194.824219,85.203479,50.004067
198.486328,85.021076,36.998376
202.148438,84.834567,24.331226
205.810547,84.631753,11.718389
209.472656,84.438819,-0.445405
213.134766,84.248173,-12.688494
216.796875,84.039140,-24.422812
220.458984,83.866012,-36.059916
224.853516,83.677322,-49.471061
228.515625,83.595686,-60.781318
232.910156,83.502629,-74.381292
236.572266,83.432125,-85.902518
240.966797,83.365637,-99.637036
245.361328,83.277845,-113.875129
249.755859,83.157116,-128.055254
254.150391,82.974641,-142.412920
258.544922,82.732294,-156.821164
262.939453,82.326082,-170.669637
268.066406,81.866002,174.750114
272.460938,81.568715,163.106544
277.587891,81.386221,150.047268
281.982422,81.362937,138.585533
287.109375,81.448658,124.906485
292.236328,81.585645,110.264068
297.363281,81.589730,94.627246
302.490234,81.490553,80.525377
308.349609,81.462315,65.082999
313.476562,81.752658,52.454055
319.335938,82.244967,35.475986
324.462891,82.566001,20.282539
330.322266,82.955475,1.869340
336.181641,83.118393,-16.879475
342.041016,83.234921,-34.346440
348.632812,83.542529,-52.567414
354.492188,84.239124,-70.050506
361.083984,85.055661,-94.305536
366.943359,85.086497,-117.726293
373.535156,84.782815,-141.031790
380.126953,84.587291,-162.426004
386.718750,84.550764,176.013795
394.042969,84.506457,151.113756
400.634766,84.360369,127.989301
407.958984,84.026523,103.087358
415.283203,83.680985,77.489603
422.607422,83.032372,52.005372
429.931641,82.146708,28.425050
437.255859,81.308977,7.290008
445.312500,80.575349,-14.528433
452.636719,80.070552,-33.731042
460.693359,79.663535,-54.581162
468.750000,79.435867,-75.684086
477.539062,79.164384,-99.738447
485.595703,78.738640,-121.305872
494.384766,78.384340,-142.663597
503.173828,78.435350,-163.400182
511.962891,78.799475,173.827283
520.751953,79.118499,149.072080
529.541016,79.349017,123.721749
539.062500,79.442936,95.714095
548.583984,79.672274,67.378881
558.105469,79.593805,39.335262
568.359375,79.807193,11.091778
577.880859,79.981149,-17.671939
588.134766,80.103007,-47.654995
598.388672,80.308339,-78.047363
609.375000,80.536128,-111.570607
619.628906,80.672229,-144.154421
630.615234,80.511370,-179.995144
641.601562,80.084528,144.700741
653.320312,79.481227,108.880686
665.039062,78.922163,74.810403
676.025391,78.590459,43.341433
688.476562,78.406513,7.306281
700.195312,78.170309,-27.369440
712.646484,77.868023,-65.317065
725.097656,77.080319,-102.822383
738.281250,76.152771,-137.973537
750.732422,75.870470,-170.377267
763.916016,75.581221,153.672724
777.832031,75.484889,116.643242
791.015625,75.737560,79.046614
804.931641,75.489676,34.032285
818.847656,74.344922,-4.007200
833.496094,74.313977,-39.959042
848.144531,74.630135,-81.332897
862.792969,74.447210,-125.772601
878.173828,73.493183,-170.679403
893.554688,72.476576,150.716510
909.667969,72.772782,113.563040
925.048828,73.525620,68.884291
941.894531,73.581095,16.690624
958.007812,72.593687,-32.272927
974.853516,71.384830,-70.055041
991.699219,72.581231,-107.815908
1009.277344,74.038933,-160.849488
1026.855469,74.309134,138.338223
1045.166016,72.412611,84.199827
1063.476562,72.102953,39.494965
1081.787109,72.863031,-10.506013
1100.830078,73.104602,-70.903982
1120.605469,71.634341,-128.179178
1140.380859,71.299797,-176.044318
1160.156250,71.863341,130.287313
1180.664062,72.078815,69.590738
1201.171875,71.811802,11.474819
1222.412109,72.629668,-46.018846
1243.652344,73.311079,-118.235598
1265.625000,70.777658,169.296283
1287.597656,69.793632,117.928452
1310.302734,69.880242,50.024537
1333.007812,67.672893,-16.403408
1356.445312,66.177999,-61.816262
1379.882812,68.597102,-116.831984
1404.785156,69.739329,163.795186
1428.955078,68.863787,88.256352
1453.857422,67.857628,17.593209
1479.492188,67.730066,-49.577887
1505.859375,66.866766,-134.843487
1532.226562,62.534618,157.197309
1558.593750,62.791631,120.357760
1585.693359,65.412169,45.557704
1613.525391,67.148364,-28.852365
1642.089844,67.861640,-118.090019
1670.654297,67.372917,162.917602
1699.951172,68.131786,78.820122
1729.980469,66.849829,-15.726946
1760.009766,64.830638,-77.647098
1790.771484,68.095160,-160.703090
1822.265625,67.616927,107.998550
1854.492188,69.676876,17.504486
1886.718750,70.290679,-84.547160
1919.677734,68.376874,173.567708
1953.369141,67.155600,74.638151
1987.792969,63.903410,5.935776
2022.216797,67.899310,-83.056781
2058.105469,69.776444,164.534724
2093.994141,70.415073,51.603120
2130.615234,67.740155,-68.384242
2167.968750,65.766287,-169.878986
2206.054688,62.062676,96.649377
2244.873047,65.245907,14.955406
2283.691406,64.828339,-98.129660
2323.974609,67.195483,143.145975
2364.257812,64.716258,20.455332
2406.005859,65.710669,-78.323567
2447.753906,64.055491,171.078270
2490.966797,66.857765,54.210691
2534.179688,66.852169,-78.476124
2578.857422,66.416427,151.936205
2624.267578,65.511381,38.998440
2669.677734,66.122958,-94.701783
2716.552734,67.189217,145.475407
2764.160156,67.536322,1.949946
2812.500000,66.314602,-133.035072
2861.572266,67.725449,90.952896
2912.109375,67.500515,-49.338911
2962.646484,68.554229,160.199768
3014.648438,67.885610,2.519289
3067.382812,66.179714,-138.696269
3120.849609,66.999592,74.083078
3175.781250,65.652163,-80.204400
3231.445312,66.230380,123.088867
3287.841797,64.754748,-39.713519
3345.703125,63.924503,172.327106
3404.296875,64.270688,3.335911
3463.623047,66.022848,-163.051195
3524.414062,63.108772,26.817596
3585.937500,62.678526,-158.582158
3648.193359,61.141229,47.954607
3712.646484,60.691976,-132.291070
3777.099609,61.764309,70.804950
3843.750000,59.687095,-111.881108
3910.400391,61.858431,56.995794
3979.248047,63.237525,-136.052541
4048.828125,62.511294,32.671019
4119.873047,64.536175,-165.510649
4191.650391,64.897192,-4.486251
4264.892578,60.635897,132.604080
4339.599609,63.461523,-50.204024
4415.771484,62.680068,90.076588
4492.675781,62.624649,-133.174972
4571.044922,61.226969,-0.762989
4651.611328,60.882229,156.023317
4732.910156,62.526752,-93.263886
4815.673828,52.865988,27.226371
4899.902344,54.299940,-154.497323
4985.595703,61.947191,-40.786998
5072.753906,50.506532,124.052353
5161.376953,61.245035,-131.612090
5251.464844,58.571701,-37.190962
5343.750000,60.858846,73.460147
5436.767578,62.613640,159.847776
5531.982422,61.567588,-81.684812
5628.662109,64.641465,-2.823200
5727.539062,59.743801,105.119957
5827.148438,61.662739,179.680843
5929.687500,62.724731,-124.089682
6032.958984,58.497647,-17.779017
6138.427734,63.568882,43.143232
6246.093750,60.387246,93.439036
6355.224609,64.738249,156.614673
6466.552734,63.549637,-167.601288
6579.345703,62.641854,-123.158262
6694.335938,66.066899,-79.766359
6811.523438,63.576430,-55.677779
6930.908203,65.846817,-27.341713
7051.757812,62.129892,-13.196574
7175.537109,64.339079,15.092663
7300.781250,62.781347,37.714568
7428.222656,63.018008,38.222447
7558.593750,60.402019,42.145945
7690.429688,64.751321,27.857862
7825.195312,63.912555,32.531148
7962.158203,64.210312,-6.593983
8101.318359,63.830411,-21.583229
8242.675781,63.444999,-58.611235
8386.962891,64.099011,-90.652982
8533.447266,62.598193,-138.445399
8682.861328,64.353393,174.582719
8834.472656,64.646716,103.441438
8989.013672,65.374489,42.134509
9146.484375,65.307362,-43.916456
9306.152344,63.934778,-139.250571
9468.750000,65.593145,140.380976
9634.277344,65.758801,35.153855
9802.734375,66.916595,-80.367312
9974.121094,67.080220,164.826777
10149.169922,66.571347,37.288611
10326.416016,66.399822,-110.207701
10506.591797,66.082192,94.504944
10690.429688,63.658721,-54.590496
10877.929688,61.962196,132.769909
11067.626953,61.410607,-41.502902
11260.986328,60.969577,129.442368
11458.007812,57.344327,-55.030258
11658.691406,54.984825,117.525285
11862.304688,50.881366,-104.348040
12069.580078,41.354960,84.853511
12281.250000,50.667790,10.285062
12495.849609,44.172211,96.099634
12714.111328,48.634844,-6.382907
12936.767578,51.316287,-79.562627
13162.353516,45.300722,11.100371
13393.066406,46.946774,102.865045
13626.708984,49.612302,76.921678
13865.478516,49.711881,-101.860383
14107.910156,51.035742,-68.676865
14354.003906,49.614912,-24.728358
14605.224609,49.180652,-6.926580
14860.839844,49.517588,18.248987
15120.117188,49.124221,11.580707
15384.521484,46.686091,0.099159
15654.052734,43.794391,-23.048537
15927.246094,45.978472,-29.389469
16205.566406,47.829774,-60.926611
16489.013672,49.611262,-135.067037
16777.587891,50.066695,129.208775
17070.556641,50.080488,27.247027
17369.384766,47.916127,-68.129286
17673.339844,49.617869,-167.449499
17981.689453,52.806889,48.089426
18296.630859,51.802836,-115.199881
18615.966797,51.045533,53.660532
18941.894531,48.940350,-153.271601
19272.949219,41.445363,64.611104
19609.863281,45.522094,-92.420109
19952.636719,49.667271,17.607135
20301.269531,49.322856,103.419956
20656.494141,49.159998,-173.022099
21017.578125,49.430335,-115.735742
21385.253906,44.133337,-68.195606
21758.789062,40.047936,37.199176
22138.916016,45.611893,66.343496
22526.367188,47.592178,51.818792
22920.410156,46.449922,10.474249
23321.044922,41.146815,-44.126465
23728.271484,32.911404,-87.035407
24143.554688,35.667646,74.761147
24565.429688,36.583876,139.674510
24994.628906,34.834659,-143.464657
25431.884766,33.713791,-81.556945
25876.464844,34.412349,5.081841
26329.101562,34.805186,18.251459
26789.062500,31.666802,-59.201124
27257.812500,28.676253,-139.293157
27733.886719,29.857347,43.496223
28218.750000,31.344011,-102.299729
28712.402344,28.797625,66.390171
29214.111328,23.185902,114.188850
29724.609375,24.822663,-162.418610
30244.628906,23.045993,-60.076262
30773.437500,24.448361,177.805319
31311.035156,26.170842,149.129640
31858.886719,28.115537,48.462174
32415.527344,28.097612,77.559948
32982.421875,27.662679,83.804479
33558.837891,25.693744,102.505354
34145.507812,26.059105,100.230900
34742.431641,26.708378,-106.018027
35349.609375,29.867431,-49.433478
35967.773438,27.624349,-120.603423
36596.191406,28.077889,58.253480
37236.328125,28.387258,-159.142565
37887.451172,30.626936,-150.038901
38549.560547,26.875082,-50.832654
39223.388672,29.783740,-69.429706
39908.935547,32.159619,-107.571514
40606.933594,39.805377,-116.807895
41316.650391,39.806846,76.303205
42038.818359,39.803217,-124.938754
42773.437500,39.813035,-0.785818
43521.240234,39.807304,86.814943
