CurveFormat = 6;
TDelayRemovedTRF = -0.00183333333333333;
SourceDesc = 'Fundamental + Total phase';
%[Hz]    dB-[V]    [deg]
Curve = [
19.04296875	72.8485538639238	-26.8083216389603
19.775390625	74.0834803556815	-26.695123116412
20.5078125	75.4382946448295	-29.3776295503779
21.240234375	76.7319617073585	-34.4313416478724
21.97265625	77.8749645490926	-41.1826062953371
22.705078125	78.8362279300213	-49.0286793179721
23.4375	79.6138347056529	-57.5002952377886
24.169921875	80.2193922168198	-66.2404850380753
24.90234375	80.6712920756266	-74.9732549838632
25.634765625	80.9923733518337	-83.4817969788194
26.3671875	81.2094090882932	-91.5990452012183
27.099609375	81.3528999839176	-99.2092683676865
27.83203125	81.4560747494579	-106.257431340102
28.564453125	81.5523032238311	-112.760043696764
29.296875	81.6708240015144	-118.807903256373
30.029296875	81.831896078238	-124.551494353887
30.76171875	82.0435171263577	-130.167554923728
31.494140625	82.3015545580759	-135.817516473355
32.2265625	82.5933252103351	-141.614941182087
32.958984375	82.9027935099344	-147.61334265101
33.69140625	83.2151532753907	-153.813695135346
34.423828125	83.5195213317335	-160.182854372149
35.15625	83.8096568655236	-166.673533044727
35.888671875	84.0832730710981	-173.239985502305
36.62109375	84.3406322599506	-179.84717308302
37.353515625	84.5830037275536	173.526532044099
38.0859375	84.8114066763449	166.891794961151
38.818359375	85.02589969223	160.253879355876
39.55078125	85.2255026681847	153.618959671372
40.283203125	85.4086603469333	146.999019328383
41.015625	85.5740225914426	140.413884526736
41.748046875	85.7212605188602	133.88992505881
42.48046875	85.8516588359635	127.455878390329
43.212890625	85.9682957512632	121.136936128479
43.9453125	86.0757188541336	114.948661569232
45.41015625	86.2833371322427	102.954473298051
46.142578125	86.3914890967286	97.1080211993306
46.875	86.5044189981887	91.3205952185755
47.607421875	86.620417885025	85.562345616844
48.33984375	86.7358064466024	79.8142405845262
49.8046875	86.9471299018752	68.3525240880412
50.537109375	87.0367201055708	62.6784802598973
51.26953125	87.1150104224246	57.0825787976142
52.734375	87.2511913122582	46.2245410500836
53.466796875	87.3199607678096	40.9749349863098
54.19921875	87.3964393605868	35.8207016772806
55.6640625	87.5816430314975	25.6344135382136
56.396484375	87.6866258981167	20.5153930062758
57.12890625	87.7924578067473	15.3406023141704
58.59375	87.9779884808409	4.83845523191788
59.326171875	88.0465444884079	-0.427017227431908
60.791015625	88.1300475535155	-10.7416711384877
61.5234375	88.1538016574109	-15.6999084177382
62.98828125	88.2068838852789	-25.1308038848522
64.453125	88.3225853482913	-34.1041327469339
65.185546875	88.4136569817533	-38.5645612779783
66.650390625	88.6457743133069	-47.727550173756
68.115234375	88.893070845063	-57.3846209348993
68.84765625	89.0036143744233	-62.3776675057525
70.3125	89.1783685273709	-72.5305085147487
71.77734375	89.2918183191185	-82.6868822882662
73.2421875	89.3626305657421	-92.702740921964
73.974609375	89.3880978223214	-97.6542218610417
75.439453125	89.423859194854	-107.476009252588
76.904296875	89.4367497414971	-117.210101395651
78.369140625	89.4228080695277	-126.821538322912
79.833984375	89.3860602897572	-136.245362602113
81.298828125	89.3378304670507	-145.453113333593
82.763671875	89.2881186528849	-154.473952535098
84.228515625	89.239665038968	-163.356081747842
85.693359375	89.1904723750712	-172.121630005793
87.158203125	89.1399242435439	179.234396557266
89.35546875	89.0666692735731	166.491530042573
90.8203125	89.0204606683564	158.116383653212
92.28515625	88.973188049747	149.829079139575
93.75	88.9237350923002	141.650246787443
95.947265625	88.8537396722809	129.605168504203
97.412109375	88.8136501248875	121.676345504872
98.876953125	88.7720896590633	113.784315899809
101.07421875	88.6850487336627	102.088057458963
102.5390625	88.609500974391	94.5152148952659
104.736328125	88.5014622285657	83.6117033214657
106.201171875	88.4502255069478	76.572606440867
108.3984375	88.4012646713442	66.1860293307111
110.595703125	88.3699838553826	56.0085714018619
112.79296875	88.3676580668883	46.0771044562249
114.2578125	88.3877173923476	39.5148314184586
116.455078125	88.4340417925942	29.661855082734
118.65234375	88.4857451171112	19.8711374017903
120.849609375	88.5563811635103	10.1590725418077
123.046875	88.6418511774773	0.341978744664554
125.244140625	88.7056471102345	-9.59590821767107
127.44140625	88.7382544540492	-19.4527392819315
129.638671875	88.7574599460889	-29.1923316823278
131.8359375	88.7548235957801	-38.8804933041942
134.765625	88.704330241737	-51.448243072012
136.962890625	88.6737423196994	-60.5347519517642
139.16015625	88.6584525055561	-69.5808575954182
142.08984375	88.6131823922027	-81.5401984303531
144.287109375	88.583324024169	-90.249167095883
147.216796875	88.5770862890643	-101.903499010645
149.4140625	88.5481805512766	-110.741328156841
152.34375	88.4852965964193	-122.235747386887
155.2734375	88.4441198388584	-133.67466891559
157.470703125	88.3887006549262	-142.322129643694
160.400390625	88.2887333856869	-153.605191655498
163.330078125	88.1863983082355	-164.839949077575
166.259765625	88.0250722590675	-175.879367339155
169.189453125	87.8780851196744	173.658938602283
172.119140625	87.7740523556093	163.156317606001
175.048828125	87.6382728803593	152.738781616956
178.7109375	87.5024780785667	140.033132479499
181.640625	87.3773156947477	129.795620435389
185.302734375	87.2159061442967	117.541544561964
188.232421875	87.1270230815581	107.757781753253
191.89453125	86.9961817666164	95.6690321792293
194.82421875	86.9169346385418	86.1396656085163
198.486328125	86.8077703110825	74.2884168960073
202.1484375	86.7286150478143	62.6705121736498
205.810546875	86.644296405746	51.0366721818919
209.47265625	86.5788607011249	39.6608792314568
213.134765625	86.5094226897045	28.2880339062554
216.796875	86.4625294165892	17.2986825119965
220.458984375	86.4503285724863	6.25014989687136
224.853515625	86.4756818013941	-6.7797978795641
228.515625	86.5385478090917	-17.9688737528559
232.91015625	86.5884619366194	-31.5527249651335
236.572265625	86.6071866611463	-42.9149498702883
240.966796875	86.6374059898174	-56.4346032622628
245.361328125	86.6459231341719	-70.1459980334362
249.755859375	86.6327420652864	-83.7513169895075
254.150390625	86.6008548551335	-97.3242892947615
258.544921875	86.5550097308478	-110.91738279091
262.939453125	86.4605577488544	-124.514127430967
268.06640625	86.2630431020484	-139.944195100993
272.4609375	86.0842554737832	-152.399484088408
277.587890625	85.951851429134	-166.129526857581
281.982421875	85.9688916282143	-177.546214475597
287.109375	86.1414617286799	168.416016617743
292.236328125	86.2953479525983	153.889104312726
297.36328125	86.4853603780404	138.799972752367
302.490234375	86.6101082722335	123.438526211773
308.349609375	86.7206083596435	105.924200998852
313.4765625	86.8016989093145	90.7470554232926
319.3359375	86.9699044014162	73.5804964182369
324.462890625	87.1537446714725	57.6018409359979
330.322265625	87.2256986272391	39.2325722393758
336.181640625	87.1637872472227	20.2700209685367
342.041015625	86.8249209154956	2.86337653425425
348.6328125	86.6376222101018	-14.2118554787628
354.4921875	86.7245807539513	-27.7905666533931
361.083984375	87.3473033059	-45.4174861411881
366.943359375	87.8404944010116	-63.5954533627727
373.53515625	88.1254882621539	-85.242754847483
380.126953125	88.1576736620521	-106.494015294456
386.71875	88.1442638849865	-126.595423320572
394.04296875	88.2106943570387	-148.912730761024
400.634765625	88.2862177408439	-169.415502509665
407.958984375	88.1648830045916	167.48333868794
415.283203125	88.0922155002327	145.181996273278
422.607421875	87.9874666830826	122.764755065049
429.931640625	87.8235771825862	100.450838861286
437.255859375	87.6181729266358	78.5437610159525
445.3125	87.3617684423358	55.2048181618112
452.63671875	87.212626319928	34.7402273621989
460.693359375	87.1843611056139	12.2048588716286
468.75	87.197858853628	-11.0865764712883
477.5390625	87.1091546529315	-36.8713650716669
485.595703125	86.9813944933298	-60.0260043263814
494.384765625	86.8200867544393	-84.8730300213464
503.173828125	86.6867208958988	-109.425916105245
511.962890625	86.6166706782361	-133.723516133778
520.751953125	86.5869501079572	-158.352570218745
529.541015625	86.5361218790388	176.876432759186
539.0625	86.5174794517529	149.305986650304
548.583984375	86.3438436231483	122.649562443688
558.10546875	86.1344254565161	95.428270865677
568.359375	85.5348640419312	69.3106673264766
577.880859375	85.8704147494604	47.3731849988036
588.134765625	86.5169032656157	20.3846817797796
598.388671875	87.132124594151	-9.32900294239474
609.375	87.5462731600135	-42.9086225513726
619.62890625	87.7014420528333	-74.4006972197139
630.615234375	87.7251814661013	-108.111609580019
641.6015625	87.6366640066958	-141.225474419441
653.3203125	87.3988644607337	-176.474278380059
665.0390625	87.0911411903343	149.088851715893
676.025390625	86.9007236044454	117.635764028878
688.4765625	86.6027535444024	81.6266708697392
700.1953125	86.3136744010907	48.4074623565839
712.646484375	86.0847450724088	13.5843041686288
725.09765625	85.7781581385135	-21.4560909471235
738.28125	85.4382853947505	-56.9413593054134
750.732421875	85.3410862634866	-90.1070448817473
763.916015625	85.2767001283061	-125.480044011439
777.83203125	85.5084720221165	-163.817244974252
791.015625	85.2303422407614	156.719403416535
804.931640625	84.7777724832602	122.699983193862
818.84765625	85.4841306811147	86.4968916178629
833.49609375	85.9071604954353	42.2234993575717
848.14453125	85.7695820808839	-1.4195398129198
862.79296875	85.5607289965532	-44.0065560016049
878.173828125	85.1476814477962	-87.601072103348
893.5546875	84.881904356785	-129.511407183208
909.66796875	84.7665626975585	-173.786984433975
925.048828125	84.7385868022473	142.673200749653
941.89453125	84.2727577713852	94.1442466877661
958.0078125	83.9224659551896	49.8371031578283
974.853515625	83.4207124418173	4.71143818241636
991.69921875	83.2882035357066	-39.5987076873347
1009.27734375	83.1220190723824	-87.131361380011
1026.85546875	82.3947680950552	-133.229362414032
1045.166015625	82.9361874140756	-179.888194495296
1063.4765625	82.8110180930146	131.91709322816
1081.787109375	83.1012692637711	83.9629060707939
1100.830078125	83.6868588486986	32.3139937137631
1120.60546875	83.892083339138	-24.8040688218962
1140.380859375	83.7853136894173	-78.7317891270313
1160.15625	83.9049567579074	-132.775430946487
1180.6640625	84.0450843490061	169.635360405315
1201.171875	83.8733280487798	112.234729652545
1222.412109375	83.5739792401925	54.7315574222902
1243.65234375	83.7579905529481	-2.1438564336957
1265.625	83.5250412109877	-59.0135252216093
1287.59765625	83.9245166732979	-118.004983095495
1310.302734375	84.585156758346	179.69726495876
1333.0078125	84.827030475129	115.258395109285
1356.4453125	84.8245534986643	50.0321620675424
1379.8828125	85.143279867414	-12.6825039804702
1404.78515625	85.6608176553506	-83.3954919872931
1428.955078125	85.5222194578277	-152.142294762679
1453.857421875	85.8872540343768	140.124424729023
1479.4921875	86.1683343635022	64.1211478033911
1505.859375	85.3742492066451	-7.53437784435286
1532.2265625	85.7322442627944	-76.5640770599339
1558.59375	86.0917407287706	-153.495453132052
1585.693359375	85.721392798074	131.964351492446
1613.525390625	86.4167095316829	58.4735367986
1642.08984375	86.5762124079072	-26.3888362889476
1670.654296875	86.0818717865738	-102.963398970365
1699.951171875	86.8858752255141	176.033241898284
1729.98046875	86.6544881840744	88.0971942801766
1760.009765625	86.6791600155903	8.44486772733466
1790.771484375	87.2153829469042	-79.6334870966244
1822.265625	86.7066268889989	-169.629086871242
1854.4921875	87.1374284047239	105.023797590429
1886.71875	87.2431855981345	9.66917004704095
1919.677734375	86.6402372384171	-80.2495411768574
1953.369140625	87.1454190685126	-172.966854647732
1987.79296875	87.3468898802275	88.1086774488819
2022.216796875	87.1952121514362	-9.09785430659474
2058.10546875	86.6989482736315	-109.551791794383
2093.994140625	86.5131205560377	149.258335817443
2130.615234375	85.7520729601747	48.6950218568618
2167.96875	85.9312214487727	-53.5923155712606
2206.0546875	85.228677786111	-156.11682480558
2244.873046875	85.7964604317676	97.3183433660065
2283.69140625	85.2459003911094	-11.2628189519213
2323.974609375	85.7921994354956	-118.151576187804
2364.2578125	85.4497454498998	126.700349021906
2406.005859375	85.6605618458504	14.2979817580491
2447.75390625	85.6210640119507	-105.223509061021
2490.966796875	84.8990939606579	136.068690571862
2534.1796875	84.2798941315018	17.0487554742561
2578.857421875	84.3656711505745	-96.9898063730606
2624.267578125	84.6050908710335	137.605743349015
2669.677734375	85.1806247681354	16.4709152406733
2716.552734375	85.1798632265831	-116.095469899262
2764.16015625	85.761690775032	114.594631867931
2812.5	85.81690212156	-20.3031606852101
2861.572265625	85.8569592277193	-155.699650491979
2912.109375	85.7932200200067	66.3293372712049
2962.646484375	86.3818370908375	-73.1786587250245
3014.6484375	86.6002203725171	140.14807201272
3067.3828125	86.6237696973926	-8.97888657406994
3120.849609375	86.0257184247318	-157.950374535699
3175.78125	84.901219249857	52.2368134135933
3231.4453125	84.9207330120569	-93.9681296475453
3287.841796875	85.5681046565855	115.917330064804
3345.703125	86.6149482634517	-43.5339426979048
3404.296875	87.1922245271167	151.413767614066
3463.623046875	86.9686856511455	-16.3212595116121
3524.4140625	86.6526447685024	175.382060692808
3585.9375	86.8593177452444	7.60577833885307
3648.193359375	87.1627912920176	-164.465414037909
3712.646484375	86.6329373261233	15.0149761282866
3777.099609375	86.3370205934273	-163.249541260123
3843.75	86.3941779764401	19.4268883494788
3910.400390625	87.0428291699164	-161.868294146842
3979.248046875	87.731989291262	4.20741176456877
4048.828125	87.5420594425178	166.968438428343
4119.873046875	87.0183866406227	-28.6504971172932
4191.650390625	86.8535162750426	138.29320786492
4264.892578125	87.0743843183046	-61.2077408926206
4339.599609375	87.2400162818084	90.2878233547135
4415.771484375	87.1461969941732	-118.087424773404
4492.67578125	87.6688135486196	32.4249461485834
4571.044921875	88.5315138621083	174.066069670666
4651.611328125	88.6005254721042	-52.5612155349249
4732.91015625	87.9921896439807	80.6041154978807
4815.673828125	87.1350538545205	-146.112845291667
4899.90234375	87.3009939028682	-11.1972293416582
4985.595703125	88.0171650529534	111.198954652638
5072.75390625	87.954388377236	-132.564204220251
5161.376953125	87.7045883394658	-18.0218025605993
5251.46484375	87.5137124355548	92.3655594297396
5343.75	86.6423723004446	-163.052934217531
5436.767578125	86.0825027970395	-53.0377479079228
5531.982421875	86.6642242718086	48.6310776037363
5628.662109375	86.4872753566024	143.734987840615
5727.5390625	86.8493969607416	-126.523283361101
5827.1484375	87.0055104141193	-41.5231671182991
5929.6875	86.9122456124216	38.952623129215
6032.958984375	87.212332530034	115.294794284736
6138.427734375	87.3416337502011	-173.907750712942
6246.09375	87.7834459276632	-109.295559577274
6355.224609375	88.2094827151015	-55.6011676844861
6466.552734375	86.7514425308815	-3.29653303350086
6579.345703125	87.0094015247387	54.455519265945
6694.3359375	87.6339452738492	97.2651824786161
6811.5234375	87.4459203245267	134.386820700241
6930.908203125	87.7507801174175	167.281473042838
7051.7578125	87.4028247271637	-167.222877255375
7175.537109375	87.5674775247386	-140.012309561908
7300.78125	88.0221056816522	-125.465797835833
7428.22265625	88.1860353703036	-116.728334135211
7558.59375	87.8620463104784	-113.479602451521
7690.4296875	88.2029722757109	-114.438658502269
7825.1953125	88.3413339567587	-124.141709394963
7962.158203125	89.4997421149845	-143.131122615739
8101.318359375	88.77282764108	-170.507788196534
8242.67578125	88.7279536848639	164.796268515807
8386.962890625	88.8874780473749	125.029706534775
8533.447265625	88.5199184104337	87.1812633615041
8682.861328125	88.3322581909774	31.8069385545688
8834.47265625	88.1826603224721	-18.5605104927326
8989.013671875	88.5675900171156	-84.3165855584671
9146.484375	88.7071685698689	-155.403612654642
9306.15234375	88.8122037489061	124.264880684499
9468.75	88.4741652692166	43.3224490421674
9634.27734375	89.5682632506448	-56.5986229461897
9802.734375	89.4593189057433	-154.960563875513
9974.12109375	90.2357945200102	87.0028527331099
10149.169921875	90.1303288884087	-30.9842866914753
10326.416015625	90.4169865609161	-165.065990837788
10506.591796875	89.9091725893741	57.8222764305149
10690.4296875	89.5677666743763	-89.4372955626614
10877.9296875	89.2572460038331	112.85852573032
11067.626953125	87.4436875428985	-49.422972058627
11260.986328125	87.1489097719041	144.2445366455
11458.0078125	86.525859055865	-25.4971797348053
11658.69140625	86.8197687732206	146.580084953885
11862.3046875	87.8161243546836	-46.5634579889328
12069.580078125	88.733875457365	101.940110671964
12281.25	89.0568981834975	-121.720931961163
12495.849609375	89.4395445653896	9.5021818595268
12714.111328125	89.4158322093823	125.795697710692
12936.767578125	89.7527928590842	-129.083322027718
13162.353515625	89.2830396248264	-30.0165420865429
13393.06640625	88.7802791869421	56.3817258117218
13626.708984375	88.4288483984389	134.156498524424
13865.478515625	88.0963762187966	-160.398082715841
14107.91015625	87.6007571117533	-102.09082753722
14354.00390625	87.6919360346659	-58.0885626586503
14605.224609375	88.0693613877431	-24.5446829337542
14860.83984375	88.5584287395489	-2.69793485389065
15120.1171875	88.67570939597	4.56719979700966
15384.521484375	89.1744138358827	-5.71925665526058
15654.052734375	89.3451252127449	-27.0449614828644
15927.24609375	89.4524881474945	-59.6426146217022
16205.56640625	89.5180683995722	-107.784526469782
16489.013671875	89.0991358738707	-167.939224440549
16777.587890625	88.9110899460728	115.488814952986
17070.556640625	88.4420709336684	29.7888466768586
17369.384765625	88.2653780756079	-73.9259558786631
17673.33984375	87.8710497162925	170.299476951217
17981.689453125	87.6922648591944	39.0894322002288
18296.630859375	87.4402967214208	-108.733179105903
18615.966796875	86.8032176662519	88.2435368403678
18941.89453125	85.5421067682448	-91.7573280454279
19272.94921875	84.2348855338938	80.9253918296593
19609.86328125	83.953522588391	-125.790343752911
19952.63671875	83.6964540471539	11.6371713171719
20301.26953125	82.8799796400002	122.38302189422
20656.494140625	80.5447632406622	-142.427714376763
21017.578125	77.5409765603739	-57.8070051480831
21385.25390625	73.4164301918177	11.5412769537524
21758.7890625	68.5133686683777	84.4628234728311
22138.916015625	69.5234617369426	159.423314574841
22526.3671875	71.502063254207	167.620139547335
22920.41015625	70.3840168911572	166.03827511559
23321.044921875	69.7822241113112	140.369090719139
23728.271484375	67.7199489950949	95.2798286883007
24143.5546875	66.5148755384561	16.6137369084128
24565.4296875	62.599871560271	-101.543756210412
24994.62890625	58.7991509528806	123.672387343877
25431.884765625	64.3555422516212	-26.4570573492318
25876.46484375	68.692990318599	152.448097756583
26329.1015625	66.3317859842639	-28.0053685751022
26789.0625	68.0425362999292	165.988354655514
27257.8125	70.6514094885903	-39.3992249460687
27733.88671875	72.7409396815093	80.7197175312005
28218.75	72.1132235837157	-178.988651847012
28712.40234375	71.3069406520455	-90.266489897362
29214.111328125	72.4049803568773	-17.2464892621819
29724.609375	74.321232304869	21.3409957026595
30244.62890625	75.3914945619571	28.2015396734876
30773.4375	75.8157623514275	11.6518472178104
31311.03515625	76.3532247055614	-29.8656428906131
31858.88671875	76.051086689363	-102.743131698693
32415.52734375	75.1087632044457	167.692561600679
32982.421875	74.9410521377969	49.3789646226251
33558.837890625	74.2318126110112	-95.3283167916794
34145.5078125	73.613478807281	94.257278176675
34742.431640625	72.9921149168121	-103.729634985363
35349.609375	72.9898035024717	35.7682376439862
35967.7734375	73.682910219751	137.64624475549
36596.19140625	74.2245669970468	-151.556326152314
37236.328125	74.7332039946788	-116.136796478843
37887.451171875	74.7155335057278	-114.676768813741
38549.560546875	73.9230049602443	-142.742481027271
39223.388671875	73.1531418818844	158.26641673621
39908.935546875	72.3482102337176	69.1099421548737
40606.93359375	72.1655379905227	-52.5365353271349
41316.650390625	72.1640944557812	153.971656566178
42038.818359375	72.165291152385	-33.8100609147004
42773.4375	72.1634224699572	104.153140476824
43521.240234375	72.1651628103052	-154.170497635742];

Data_Format = 'LeveldB_Phase';
Data_Domain = 'Frequency';
Data_AbscUnit = 'Hz';
Data_BaseUnit = 'V';
Data_xScale = 1;
Data_vScale = 1;
