20.0 69.600388
20.290899 69.805389
20.586 70.01239
20.8855 70.218384
21.189301 70.422386
21.497499 70.618385
21.8102 70.80439
22.127399 70.975388
22.4492 71.131386
22.775801 71.270386
23.1071 71.395386
23.443199 71.514389
23.7841 71.632385
24.1301 71.758385
24.4811 71.897385
24.8372 72.049385
25.1984 72.213387
25.564899 72.385384
25.9368 72.560387
26.3141 72.733383
26.6968 72.905388
27.0851 73.074387
27.479099 73.242386
27.878799 73.411385
28.2843 73.58239
28.6957 73.756386
29.1131 73.932388
29.536501 74.11039
29.966101 74.291389
30.402 74.474388
30.8442 74.666389
31.2929 74.861389
31.748 75.058388
32.209801 75.257385
32.678299 75.464386
33.153599 75.672386
33.635899 75.879387
34.125099 76.087387
34.621498 76.29039
35.125 76.490387
35.635899 76.678391
36.154301 76.86039
36.680199 77.04039
37.213699 77.222389
37.755 77.411392
38.3041 77.605385
38.861301 77.806389
39.426498 78.007385
40.0 78.209389
40.581799 78.410385
41.1721 78.611389
41.771 78.815392
42.378502 79.021385
42.9949 79.229385
43.6203 79.437386
44.254799 79.645386
44.898499 79.853386
45.551498 80.062386
46.2141 80.271385
46.886299 80.480385
47.568298 80.689392
48.260201 80.898392
48.962101 81.108391
49.674301 81.31739
50.396801 81.51281701909173
51.129902 81.70704488639021
51.8736 81.90007467703998
52.628101 82.10489452109773
53.3936 82.28151575526753
54.1702 82.47292744457775
54.958099 82.66512686937406
55.7575 82.85810921607155
56.568501 83.0498746436292
57.391399 83.24041657256558
58.226101 83.43072974999103
59.073 83.6158237929554
59.932301 83.79567985030145
60.804 83.96830699717374
61.6884 84.12868654137404
62.585701 84.27583172567579
63.496 84.40473472782412
64.419601 84.51837983683468
65.356598 84.61778228681098
66.307297 84.7019193291964
67.271698 84.77379796399096
68.250198 84.83841673309996
69.242897 84.90677275791009
70.250099 84.97884732743702
71.271896 85.05765171335655
72.308601 85.14118003560911
73.360298 85.22741771615956
74.427399 85.3143730151212
75.509903 85.40503695128018
76.608299 85.49740133821757
77.722603 85.59247287535524
78.853104 85.68723313350084
80.0 85.77968539300011
81.163597 85.86882590529638
82.3442 85.9556479406192
83.541901 86.03814377064434
84.757 86.11632275953198
85.989899 86.18716235525677
87.240601 86.2516645014603
88.509598 86.31282395536525
89.797 86.36664165049702
91.103104 86.40710000737421
92.4282 86.4482085780183
93.772598 86.49295153872814
95.136597 86.53033127245006
96.520401 86.56533194681295
97.924301 86.59395809505219
99.348602 86.6192029873973
100.794 86.6410455486999
102.26 86.65951007809568
103.747 86.67557409870382
105.256 86.68822582439157
106.787 86.69446025515892
108.34 86.69228639100588
109.916 86.67767844579971
111.515 86.6466404195404
113.137 86.58617031222796
114.783 86.48624833772965
116.452 86.35189728217819
118.146 86.20606757330809
119.865 86.07477521111939
121.608 85.9760289817448
123.377 85.90780031291884
125.171 85.86209699077425
126.992 85.83088544304553
128.839 85.81118745586546
130.713 85.79398724310127
132.615 85.76925001862023
134.543 85.7080363546878
136.5 85.58727189290578
138.486 85.42596263327414
140.5 85.23312836192564
142.544 85.0567295065948
144.617 84.92878085341435
146.721 84.8342548301188
148.855 84.7601682228409
151.02 84.7024982454479
153.217 84.65322211180707
155.445 84.62036860805114
157.706 84.59189316191463
160.0 84.5527957733975
162.327 84.50908044249982
164.688 84.4767273830888
167.084 84.44571580903171
169.514 84.42506750646128
171.98 84.41673490311203
174.481 84.3737557851167
177.019 84.2580765802098
179.594 84.09169828839134
182.206 83.88762990966131
184.856 83.68684565788699
187.545 83.5183337469356
190.273 83.36908517680715
193.041 83.2680821613689
195.849 83.20432870062083
198.697 83.17082979456299
201.587 83.15053487092985
204.52 83.12744014358867
207.494 83.10256818480495
210.512 83.11787063618043
213.574 83.15834749771514
216.681 83.15697798327633
219.833 83.08976809286399
223.03 82.96770482647813
226.274 82.79876061185324
229.565 82.62994144898934
232.905 82.49618876562093
236.292 82.42256613401351
239.729 82.44499519576883
243.216 82.4944859508869
246.754 82.50902261323498
250.343 82.48759618281305
253.984 82.40019887348839
257.678 82.30980689912825
261.426 82.31539247359986
265.229 82.3559488107705
269.087 82.37146891064017
273.001 82.3729449870761
276.972 82.3563442539456
281.0 82.2736767112486
285.088 82.1548720005869
289.234 81.97998469422599
293.441 81.63495243376765
297.709 81.35477621921184
302.04 81.35241547829311
306.433 81.43788799714419
310.89 81.38115820349958
315.412 81.15420131122653
320.0 80.79801453419233
324.655 80.40356508626421
329.377 80.18385296744216
334.168 80.18185360546072
339.028 80.27655000031986
343.959 80.4239135797541
348.962 80.5299315576307
354.038 80.47257514781693
359.188 80.11682356418
364.412 79.61268680671995
369.713 79.29210051703853
375.09 79.2340864812685
380.546 79.2735883410116
386.081 79.33560709626785
391.697 79.24610317477173
397.394 79.0740835765233
403.175 79.04247694312426
409.039 79.04131606070739
414.989 79.03853957087446
421.025 78.92114847362544
427.149 78.72009619669485
433.362 78.55438195394996
439.665 78.52097195925803
446.06 78.45083764035354
452.548 78.33495021110377
459.131 78.23728209924323
465.809 78.08782630477191
472.584 77.9155522554243
479.458 77.78841537893494
486.432 77.6824018891711
493.507 77.53649
503.906 77.53649
509.766 77.49289
515.625 77.45049
521.484 77.40959000000001
527.344 77.37019000000001
533.203 77.33229
539.062 77.29609
544.922 77.26159000000001
550.781 77.22889
556.641 77.19799
562.5 77.16909000000001
568.359 77.14209000000001
574.219 77.11709
580.078 77.09389
585.938 77.07269000000001
591.797 77.05329
597.656 77.03569
603.516 77.01969000000001
609.375 77.00519
615.234 76.99209
621.094 76.98019000000001
626.953 76.96939
632.812 76.95939
638.672 76.94999
644.531 76.94109
650.391 76.93249
656.25 76.92379000000001
662.109 76.91499
667.969 76.90579000000001
673.828 76.89599000000001
679.688 76.88549
685.547 76.87409000000001
691.406 76.86159
697.266 76.84789
703.125 76.83289
708.984 76.81649
714.844 76.79859
720.703 76.77919
726.562 76.75809000000001
732.422 76.73549
738.281 76.71119
744.141 76.68539000000001
750.0 76.65789000000001
755.859 76.62889000000001
761.719 76.59839000000001
767.578 76.56639000000001
773.438 76.53299000000001
779.297 76.49839
785.156 76.46249
791.016 76.42539000000001
796.875 76.38709
802.734 76.34789
808.594 76.30759
814.453 76.26649
820.312 76.22439
826.172 76.18149000000001
832.031 76.13779000000001
837.891 76.07059000000001
843.75 76.04779
849.609 76.00159000000001
855.469 75.95459
861.328 75.90669
867.188 75.85789
873.047 75.80819
878.906 75.75729000000001
884.766 75.70539000000001
890.625 75.65229000000001
896.484 75.59799000000001
902.344 75.54219
908.203 75.48499000000001
914.062 75.42629000000001
919.922 75.36589000000001
925.781 75.30379
931.641 75.23979
937.5 75.17389
943.359 75.10599
949.219 75.03589000000001
955.078 74.96359000000001
960.938 74.88909000000001
966.797 74.81219000000002
972.656 74.73289
978.516 74.65099000000001
984.375 74.56669000000001
990.234 74.47969
996.094 74.39009000000001
1001.95 74.29789
1007.81 74.20299
1013.67 74.10529
1019.53 74.00489
1025.39 73.90179
1031.25 73.79599
1037.11 73.68749
1042.97 73.57639
1048.83 73.46259
1054.69 73.34619
1060.55 73.22729000000001
1066.41 73.10609000000001
1072.27 72.98249000000001
1078.12 72.85679
1083.98 72.72909000000001
1089.84 72.59959
1095.7 72.46849
1101.56 72.33619000000002
1107.42 72.20279000000001
1113.28 72.06879
1119.14 71.93449000000001
1125.0 71.80029
1130.86 71.66679
1136.72 71.53459000000001
1142.58 71.40399000000001
1148.44 71.27589
1154.3 71.15079
1160.16 71.02929
1166.02 70.91229000000001
1171.88 70.80039000000001
1177.73 70.69429
1183.59 70.59459000000001
1189.45 70.50209000000001
1195.31 70.41709
1201.17 70.34029000000001
1207.03 70.27199
1212.89 70.21239
1218.75 70.16179
1224.61 70.12009
1230.47 70.08729
1236.33 70.06299000000001
1242.19 70.04689
1248.05 70.03859
1253.91 70.03749
1259.77 70.04279
1265.62 70.05399
1271.48 70.07029
1277.34 70.09089
1283.2 70.11489
1289.06 70.14169000000001
1294.92 70.17059
1300.78 70.20069000000001
1306.64 70.23159000000001
1312.5 70.26249000000001
1318.36 70.29299
1324.22 70.32269000000001
1330.08 70.35109
1335.94 70.37799000000001
1341.8 70.40309
1347.66 70.42609000000002
1353.52 70.44699
1359.38 70.46569
1365.23 70.48219
1371.09 70.49649000000001
1376.95 70.50859
1382.81 70.51869
1388.67 70.52689000000001
1394.53 70.53319
1400.39 70.53789
1406.25 70.54119
1412.11 70.54309
1417.97 70.54399000000001
1423.83 70.54389
1429.69 70.54299
1435.55 70.54139
1441.41 70.53939
1447.27 70.53699
1453.12 70.53429
1458.98 70.53149
1464.84 70.52869000000001
1470.7 70.52599000000001
1476.56 70.52339
1482.42 70.52099000000001
1488.28 70.51909
1494.14 70.51769000000002
1500.0 70.51689
1505.86 70.51699
1511.72 70.51809
1517.58 70.52049
1523.44 70.52449000000001
1529.3 70.53039000000001
1535.16 70.53859
1541.02 70.54939
1546.88 70.56329000000001
1552.73 70.58079000000001
1558.59 70.60219000000001
1564.45 70.62809000000001
1570.31 70.65899
1576.17 70.69529
1582.03 70.73739
1587.89 70.78559000000001
1593.75 70.84029000000001
1599.61 70.90149
1605.47 70.96949000000001
1611.33 71.04429
1617.19 71.12549000000001
1623.05 71.21309000000001
1628.91 71.30669
1634.77 71.40579
1640.62 71.50969
1646.48 71.61789
1652.34 71.72949
1658.2 71.84389000000002
1664.06 71.95999
1669.92 72.07709
1675.78 72.19419
1681.64 72.31039000000001
1687.5 72.42479
1693.36 72.53659
1699.22 72.64499
1705.08 72.74909
1710.94 72.84829
1716.8 72.94179
1722.66 73.02909
1728.52 73.10949000000001
1734.38 73.18249
1740.23 73.24779000000001
1746.09 73.30469000000001
1751.95 73.35309000000001
1757.81 73.39259000000001
1763.67 73.42289
1769.53 73.44389000000001
1775.39 73.45539000000001
1781.25 73.45709000000001
1787.11 73.44919000000002
1792.97 73.43139000000001
1798.83 73.40379000000001
1804.69 73.36639
1810.55 73.31929
1816.41 73.26259
1822.27 73.19619
1828.12 73.12049
1833.98 73.03549000000001
1839.84 72.94149000000002
1845.7 72.83869000000001
1851.56 72.72719000000001
1857.42 72.60749000000001
1863.28 72.47979000000001
1869.14 72.34449000000001
1875.0 72.20169000000001
1880.86 72.05209
1886.72 71.89579
1892.58 71.73329000000001
1898.44 71.56499000000001
1904.3 71.39129
1910.16 71.21259
1916.02 71.02919
1921.88 70.84169
1927.73 70.65029000000001
1933.59 70.45529
1939.45 70.25719000000001
1945.31 70.05599000000001
1951.17 69.85209
1957.03 69.64559
1962.89 69.43659
1968.75 69.22519
1974.61 69.01129
1980.47 68.79479
1986.33 68.57579000000001
1992.19 68.35389
1998.05 68.12909
2003.91 67.90109000000001
2009.77 67.66959
2015.62 67.43449000000001
2021.48 67.19559000000001
2027.34 66.95279000000001
2033.2 66.70589000000001
2039.06 66.45489
2044.92 66.20009
2050.78 65.94149000000002
2056.64 65.67979
2062.5 65.41539
2068.36 65.14919
2074.22 64.88219000000001
2080.08 64.61579
2085.94 64.35139000000001
2091.8 64.09089
2097.66 63.83619000000001
2103.52 63.58959000000001
2109.38 63.35329000000001
2115.23 63.12959000000001
2121.09 62.92089000000001
2126.95 62.72919
2132.81 62.55619000000001
2138.67 62.40319
2144.53 62.27089000000001
2150.39 62.15939000000001
2156.25 62.068290000000005
2162.11 61.99629000000001
2167.97 61.941590000000005
2173.83 61.90209000000001
2179.69 61.87519
2185.55 61.85819000000001
2191.41 61.848090000000006
2197.27 61.84199
2203.12 61.83729
2208.98 61.831390000000006
2214.84 61.82189
2220.7 61.80669
2226.56 61.784090000000006
2232.42 61.75249000000001
2238.28 61.71079
2244.14 61.657790000000006
2250.0 61.592890000000004
2255.86 61.51559
2261.72 61.42549
2267.58 61.322590000000005
2273.44 61.20689000000001
2279.3 61.07869000000001
2285.16 60.938390000000005
2291.02 60.786390000000004
2296.88 60.623490000000004
2302.73 60.450390000000006
2308.59 60.267990000000005
2314.45 60.077090000000005
2320.31 59.87879
2326.17 59.67409000000001
2332.03 59.46379
2337.89 59.24909
2343.75 59.03089000000001
2349.61 58.809990000000006
2355.47 58.58719000000001
2361.33 58.36339
2367.19 58.139190000000006
2373.05 57.915090000000006
2378.91 57.69189000000001
2384.77 57.470090000000006
2390.62 57.250490000000006
2396.48 57.034090000000006
2402.34 56.82189
2408.2 56.61569000000001
2414.06 56.417390000000005
2419.92 56.229890000000005
2425.78 56.056490000000004
2431.64 55.90129
2437.5 55.768890000000006
2443.36 55.664590000000004
2449.22 55.59369
2455.08 55.56139
2460.94 55.572190000000006
2466.8 55.629290000000005
2472.66 55.734190000000005
2478.52 55.88669000000001
2484.38 56.084390000000006
2490.23 56.323190000000004
2496.09 56.597590000000004
2501.95 56.90129
2507.81 57.400090000000006
2513.67 57.74609
2519.53 57.922990000000006
2525.39 58.275890000000004
2531.25 58.62879
2537.11 58.97769
2542.97 59.31969000000001
2548.83 59.65209000000001
2554.69 59.973290000000006
2560.55 60.28179000000001
2566.41 60.577090000000005
2572.27 60.858790000000006
2578.12 61.12689
2583.98 61.381690000000006
2589.84 61.62389
2595.7 61.85419
2601.56 62.073690000000006
2607.42 62.28349000000001
2613.28 62.484790000000004
2619.14 62.678990000000006
2625.0 62.86739000000001
2630.86 63.05149000000001
2636.72 63.23259000000001
2642.58 63.41199
2648.44 63.59109000000001
2654.3 63.770790000000005
2660.16 63.952290000000005
2666.02 64.13609
2671.88 64.32309000000001
2677.73 64.51349
2683.59 64.70739
2689.45 64.90499
2695.31 65.10589
2701.17 65.30969
2707.03 65.51599
2712.89 65.72399000000001
2718.75 65.93299
2724.61 66.14209
2730.47 66.35059000000001
2736.33 66.55749
2742.19 66.76219
2748.05 66.96369000000001
2753.91 67.16139000000001
2759.77 67.35459
2765.62 67.54279
2771.48 67.72549000000001
2777.34 67.90229000000001
2783.2 68.07299
2789.06 68.23729
2794.92 68.39519000000001
2800.78 68.54659000000001
2806.64 68.69159
2812.5 68.83049
2818.36 68.96329
2824.22 69.09029000000001
2830.08 69.21199000000001
2835.94 69.32869000000001
2841.8 69.44079
2847.66 69.54879
2853.52 69.65299
2859.38 69.75399000000002
2865.23 69.85229000000001
2871.09 69.94809000000001
2876.95 70.04209
2882.81 70.13439
2888.67 70.22529
2894.53 70.31529
2900.39 70.40429
2906.25 70.49259
2912.11 70.58009000000001
2917.97 70.66689
2923.83 70.75279
2929.69 70.83769000000001
2935.55 70.92149
2941.41 71.00379000000001
2947.27 71.08429000000001
2953.12 71.16279
2958.98 71.23879000000001
2964.84 71.31219000000002
2970.7 71.38239000000002
2976.56 71.44909000000001
2982.42 71.51219
2988.28 71.57119
2994.14 71.62599
3000.0 71.67639
3005.86 71.72219000000001
3011.72 71.76329000000001
3017.58 71.79979
3023.44 71.83169000000001
3029.3 71.85899
3035.16 71.88209
3041.02 71.90119000000001
3046.88 71.91659000000001
3052.73 71.92869
3058.59 71.93789000000001
3064.45 71.94489000000002
3070.31 71.95009
3076.17 71.95419000000001
3082.03 71.95779
3087.89 71.96159
3093.75 71.96609000000001
3099.61 71.97209000000001
3105.47 71.98009
3111.33 71.99069
3117.19 72.00439
3123.05 72.02159
3128.91 72.04259
3134.77 72.06759
3140.62 72.09689
3146.48 72.13029
3152.34 72.16789
3158.2 72.20949
3164.06 72.25479000000001
3169.92 72.30349000000001
3175.78 72.35519000000001
3181.64 72.40939
3187.5 72.46569
3193.36 72.52369000000002
3199.22 72.58269000000001
3205.08 72.64229
3210.94 72.70209
3216.8 72.76149000000001
3222.66 72.82039
3228.52 72.87819
3234.38 72.93469
3240.23 72.98979
3246.09 73.04319000000001
3251.95 73.09479
3257.81 73.14459000000001
3263.67 73.19269
3269.53 73.23909
3275.39 73.28389000000001
3281.25 73.32739000000001
3287.11 73.36959
3292.97 73.41089000000001
3298.83 73.45149
3304.69 73.49159
3310.55 73.53149
3316.41 73.57149000000001
3322.27 73.61179000000001
3328.12 73.65259
3333.98 73.69399000000001
3339.84 73.73619000000001
3345.7 73.77929
3351.56 73.82339
3357.42 73.86829
3363.28 73.91399000000001
3369.14 73.96039
3375.0 74.00739000000002
3380.86 74.05459
3386.72 74.10199
3392.58 74.14919
3398.44 74.19599000000001
3404.3 74.24199000000002
3410.16 74.28689
3416.02 74.33049
3421.88 74.37239
3427.73 74.41249
3433.59 74.45039
3439.45 74.48589000000001
3445.31 74.51899
3451.17 74.54929000000001
3457.03 74.57689
3462.89 74.60169
3468.75 74.62369000000001
3474.61 74.64279
3480.47 74.65919
3486.33 74.67299
3492.19 74.68429
3498.05 74.69339000000001
3503.91 74.70029
3509.77 74.70549
3515.62 74.70909
3521.48 74.71149
3527.34 74.71299
3533.2 74.71379
3539.06 74.71429
3544.92 74.71479000000001
3550.78 74.71559
3556.64 74.71699000000001
3562.5 74.71909000000001
3568.36 74.72229000000002
3574.22 74.72669
3580.08 74.73249000000001
3585.94 74.73969
3591.8 74.74849
3597.66 74.75889000000001
3603.52 74.77079
3609.38 74.78419
3615.23 74.79899
3621.09 74.81519
3626.95 74.83259000000001
3632.81 74.85109
3638.67 74.87039000000001
3644.53 74.89059
3650.39 74.91139000000001
3656.25 74.93269000000001
3662.11 74.95429000000001
3667.97 74.97629
3673.83 74.99849
3679.69 75.02089000000001
3685.55 75.04339
3691.41 75.06599
3697.27 75.08879
3703.12 75.11189
3708.98 75.13519000000001
3714.84 75.15899
3720.7 75.18319
3726.56 75.20789
3732.42 75.23339000000001
3738.28 75.25969
3744.14 75.28679
3750.0 75.31489
3755.86 75.34409000000001
3761.72 75.37429
3767.58 75.40559
3773.44 75.43799000000001
3779.3 75.47139000000001
3785.16 75.50569000000002
3791.02 75.54089
3796.88 75.57679
3802.73 75.61319
3808.59 75.64999
3814.45 75.68699000000001
3820.31 75.72389000000001
3826.17 75.76049
3832.03 75.79659000000001
3837.89 75.83199
3843.75 75.86639
3849.61 75.89969
3855.47 75.93159
3861.33 75.96209
3867.19 75.99099000000001
3873.05 76.01819
3878.91 76.04359000000001
3884.77 76.06729
3890.62 76.08929
3896.48 76.10959000000001
3902.34 76.12839000000001
3908.2 76.14589000000001
3914.06 76.16209
3919.92 76.17739
3925.78 76.19199
3931.64 76.20609
3937.5 76.22019
3943.36 76.23439
3949.22 76.24919
3955.08 76.26479
3960.94 76.28159000000001
3966.8 76.29979
3972.66 76.31959
3978.52 76.34139
3984.38 76.36519000000001
3990.23 76.39119000000001
3996.09 76.41949000000001
4001.95 76.45009
4007.81 76.48289000000001
4013.67 76.51789000000001
4019.53 76.55479000000001
4025.39 76.59349
4031.25 76.63359000000001
4037.11 76.67499000000001
4042.97 76.71729
4048.83 76.75999
4054.69 76.80279
4060.55 76.84529
4066.41 76.88719
4072.27 76.92789
4078.12 76.96719
4083.98 77.00459000000001
4089.84 77.03979000000001
4095.7 77.07259
4101.56 77.10249
4107.42 77.12949
4113.28 77.15329000000001
4119.14 77.17369000000001
4125.0 77.19069
4130.86 77.20429
4136.72 77.21429
4142.58 77.22079000000001
4148.44 77.22399
4154.3 77.22399
4160.16 77.22089000000001
4166.02 77.21489000000001
4171.88 77.20619
4177.73 77.18799
4183.59 77.17409
4189.45 77.15859
4195.31 77.14979000000001
4201.17 77.13259000000001
4207.03 77.11459
4212.89 77.09609
4218.75 77.07729
4224.61 77.05849
4230.47 77.03999
4236.33 77.02189
4242.19 77.00449
4248.05 76.98779
4253.91 76.97189
4259.77 76.95689
4265.62 76.94279
4271.48 76.92959
4277.34 76.91709
4283.2 76.90519
4289.06 76.89389
4294.92 76.88289
4300.78 76.87199000000001
4306.64 76.86099
4312.5 76.84969000000001
4318.36 76.83789
4324.22 76.82539
4330.08 76.81189
4335.94 76.79719
4341.8 76.78129000000001
4347.66 76.76389
4353.52 76.74489000000001
4359.38 76.72429000000001
4365.23 76.70189
4371.09 76.67789
4376.95 76.65219
4382.81 76.62479
4388.67 76.59589000000001
4394.53 76.56559
4400.39 76.53399
4406.25 76.50139
4412.11 76.46789000000001
4417.97 76.43379
4423.83 76.39929000000001
4429.69 76.36469000000001
4435.55 76.33009000000001
4441.41 76.29589
4447.27 76.26209
4453.12 76.22909
4458.98 76.19699
4464.84 76.16599000000001
4470.7 76.13609000000001
4476.56 76.10739000000001
4482.42 76.07989
4488.28 76.05369
4494.14 76.02869000000001
4500.0 76.00469000000001
4505.86 75.98179
4511.72 75.95959
4517.58 75.93809
4523.44 75.91699
4529.3 75.89609000000002
4535.16 75.87519
4541.02 75.85399000000001
4546.88 75.83229
4552.73 75.80989
4558.59 75.78649000000001
4564.45 75.76199
4570.31 75.73609
4576.17 75.70869
4582.03 75.67979
4587.89 75.64909
4593.75 75.61659
4599.61 75.58239
4605.47 75.54639
4611.33 75.50869
4617.19 75.46939
4623.05 75.42859000000001
4628.91 75.38649000000001
4634.77 75.34319
4640.62 75.29899
4646.48 75.25409
4652.34 75.20869
4658.2 75.16319000000001
4664.06 75.11769000000001
4669.92 75.07249000000002
4675.78 75.02789000000001
4681.64 74.98409000000001
4687.5 74.94129000000001
4693.36 74.89969
4699.22 74.85929000000002
4705.08 74.82049
4710.94 74.78309000000002
4716.8 74.74729
4722.66 74.71299
4728.52 74.68029000000001
4734.38 74.64889000000001
4740.23 74.61889000000001
4746.09 74.59019
4751.95 74.56239000000001
4757.81 74.53559000000001
4763.67 74.50939
4769.53 74.48379
4775.39 74.45849000000001
4781.25 74.43339
4787.11 74.40829000000001
4792.97 74.38299
4798.83 74.35739000000001
4804.69 74.33149
4810.55 74.30499
4816.41 74.27799
4822.27 74.25049000000001
4828.12 74.22239
4833.98 74.19369
4839.84 74.16459
4845.7 74.13509
4851.56 74.10519000000001
4857.42 74.07519
4863.28 74.04509000000002
4869.14 74.01519
4875.0 73.98549
4880.86 73.95619
4886.72 73.92759000000001
4892.58 73.89969
4898.44 73.87269
4904.3 73.84669
4910.16 73.82199
4916.02 73.79849000000002
4921.88 73.77639
4927.73 73.75569000000002
4933.59 73.73639
4939.45 73.71859
4945.31 73.70219
4951.17 73.68729
4957.03 73.67359
4962.89 73.66119
4968.75 73.64989
4974.61 73.63959
4980.47 73.63019
4986.33 73.62159
4992.19 73.61369
4998.05 73.60639
5003.91 73.59939
5009.77 73.59289000000001
5015.62 73.58659
5021.48 73.58049
5027.34 73.57459
5033.2 73.56889000000001
5039.06 73.56329000000001
5044.92 73.55789000000001
5050.78 73.55259000000001
5056.64 73.54769
5062.5 73.54299
5068.36 73.53879
5074.22 73.53499000000001
5080.08 73.53169
5085.94 73.52909
5091.8 73.52719
5097.66 73.52599000000001
5103.52 73.52569
5109.38 73.52629
5115.23 73.52779000000001
5121.09 73.53019
5126.95 73.53359
5132.81 73.53779
5138.67 73.54289
5144.53 73.54879
5150.39 73.55539
5156.25 73.56259
5162.11 73.57039
5167.97 73.57849
5173.83 73.58679000000001
5179.69 73.59529
5185.55 73.60379
5191.41 73.61209000000001
5197.27 73.62009
5203.12 73.62779
5208.98 73.63499000000002
5214.84 73.64159000000001
5220.7 73.64759000000001
5226.56 73.65289000000001
5232.42 73.65749
5238.28 73.66139000000001
5244.14 73.66459
5250.0 73.66719
5255.86 73.66919000000001
5261.72 73.67079000000001
5267.58 73.67189
5273.44 73.67269
5279.3 73.67339000000001
5285.16 73.67399
5291.02 73.67469
5296.88 73.67549
5302.73 73.67669000000001
5308.59 73.67829
5314.45 73.68039
5320.31 73.68299
5326.17 73.68629000000001
5332.03 73.69009
5337.89 73.69459
5343.75 73.69969
5349.61 73.70529
5355.47 73.71139000000001
5361.33 73.71789000000001
5367.19 73.72449
5373.05 73.73129
5378.91 73.73799
5384.77 73.74439000000001
5390.62 73.75039000000001
5396.48 73.75579
5402.34 73.76039
5408.2 73.76399
5414.06 73.76649
5419.92 73.76759000000001
5425.78 73.76729
5431.64 73.76539
5437.5 73.76179
5443.36 73.75639000000001
5449.22 73.74919
5455.08 73.74019000000001
5460.94 73.72929
5466.8 73.71659
5472.66 73.70219
5478.52 73.68599
5484.38 73.66839
5490.23 73.64919
5496.09 73.62879000000001
5501.95 73.60729
5507.81 73.58479
5513.67 73.56159
5519.53 73.53779
5525.39 73.51359000000001
5531.25 73.48919000000001
5537.11 73.46469
5542.97 73.44029
5548.83 73.41609
5554.69 73.39209
5560.55 73.36849000000001
5566.41 73.34529
5572.27 73.32259
5578.12 73.30009000000001
5583.98 73.27799
5589.84 73.25609
5595.7 73.23439
5601.56 73.21259
5607.42 73.19059000000001
5613.28 73.16829000000001
5619.14 73.14539
5625.0 73.12189000000001
5630.86 73.09739
5636.72 73.07179000000001
5642.58 73.04489000000001
5648.44 73.01659000000001
5654.3 72.98679000000001
5660.16 72.95519000000002
5666.02 72.92179000000002
5671.88 72.88659000000001
5677.73 72.84939
5683.59 72.81039000000001
5689.45 72.76939000000002
5695.31 72.72649000000001
5701.17 72.68189000000001
5707.03 72.63549
5712.89 72.58769000000001
5718.75 72.53839
5724.61 72.48789000000001
5730.47 72.43639
5736.33 72.38399000000001
5742.19 72.33089000000001
5748.05 72.27739
5753.91 72.22369
5759.77 72.16979
5765.62 72.11609000000001
5771.48 72.06249
5777.34 72.00939
5783.2 71.95659
5789.06 71.90439
5794.92 71.85269
5800.78 71.80159
5806.64 71.75099
5812.5 71.70089000000002
5818.36 71.65119000000001
5824.22 71.60189
5830.08 71.55279000000002
5835.94 71.50379000000001
5841.8 71.45469
5847.66 71.40559
5853.52 71.33099000000001
5859.38 71.28089
5865.23 71.23029
5871.09 71.20439
5876.95 71.15289000000001
5882.81 71.10069000000001
5888.67 71.04799
5894.53 70.99459
5900.39 70.94069
5906.25 70.88639
5912.11 70.83169000000001
5917.97 70.77679
5923.83 70.72179
5929.69 70.66699
5935.55 70.61249000000001
5941.41 70.55839
5947.27 70.50509
5953.12 70.45259000000001
5958.98 70.40129
5964.84 70.35119
5970.7 70.30249
5976.56 70.25529
5982.42 70.20969000000001
5988.28 70.16589
5994.14 70.12369000000001
6000.0 70.08329
6005.86 70.04449
6011.72 70.00719000000001
6017.58 69.97129000000001
6023.44 69.93679
6029.3 69.90329
6035.16 69.87069
6041.02 69.83889
6046.88 69.80749
6052.73 69.77639
6058.59 69.74549
6064.45 69.71449000000001
6070.31 69.68319
6076.17 69.65169
6082.03 69.61969
6087.89 69.58729
6093.75 69.55449000000002
6099.61 69.52129000000001
6105.47 69.48769000000001
6111.33 69.45399
6117.19 69.42019
6123.05 69.38669000000002
6128.91 69.35349000000001
6134.77 69.32109
6140.62 69.28959
6146.48 69.25939
6152.34 69.23079000000001
6158.2 69.20409000000001
6164.06 69.17939000000001
6169.92 69.15729
6175.78 69.13769
6181.64 69.12109000000001
6187.5 69.10739000000001
6193.36 69.09689
6199.22 69.08959000000002
6205.08 69.08559
6210.94 69.08469000000001
6216.8 69.08689000000001
6222.66 69.09209000000001
6228.52 69.10009000000001
6234.38 69.11059
6240.23 69.12349
6246.09 69.13829000000001
6251.95 69.15479
6257.81 69.17269
6263.67 69.19159
6269.53 69.21129
6275.39 69.23129
6281.25 69.25129000000001
6287.11 69.27109000000002
6292.97 69.29049
6298.83 69.30909
6304.69 69.32669000000001
6310.55 69.34329
6316.41 69.35859
6322.27 69.37249
6328.12 69.38499000000002
6333.98 69.39609000000002
6339.84 69.40569
6345.7 69.41399000000001
6351.56 69.42079000000001
6357.42 69.42649
6363.28 69.43089
6369.14 69.43439000000001
6375.0 69.43689
6380.86 69.43879000000001
6386.72 69.43999000000001
6392.58 69.44089
6398.44 69.44149000000002
6404.3 69.44199
6410.16 69.44249
6416.02 69.44319000000002
6421.88 69.44419
6427.73 69.44559000000001
6433.59 69.44739000000001
6439.45 69.44979000000001
6445.31 69.45269
6451.17 69.45629
6457.03 69.46039
6462.89 69.46519
6468.75 69.47039000000001
6474.61 69.47609
6480.47 69.48219
6486.33 69.48849000000001
6492.19 69.49509
6498.05 69.50169
6503.91 69.50809000000001
6509.77 69.51439
6515.62 69.52019000000001
6521.48 69.52549
6527.34 69.53009
6533.2 69.53379000000001
6539.06 69.53649000000001
6544.92 69.53799000000001
6550.78 69.53819000000001
6556.64 69.53699
6562.5 69.53419
6568.36 69.52979
6574.22 69.52359000000001
6580.08 69.51559
6585.94 69.50569000000002
6591.8 69.49379
6597.66 69.48009
6603.52 69.46439000000001
6609.38 69.44669
6615.23 69.42719
6621.09 69.40589
6626.95 69.38289
6632.81 69.35829000000001
6638.67 69.33209000000001
6644.53 69.30469000000001
6650.39 69.27599000000001
6656.25 69.24629000000002
6662.11 69.21569
6667.97 69.18449000000001
6673.83 69.15289000000001
6679.69 69.12099
6685.55 69.08899
6691.41 69.05729000000001
6697.27 69.02589
6703.12 68.99499
6708.98 68.96489
6714.84 68.93569000000001
6720.7 68.90759
6726.56 68.88069000000002
6732.42 68.85509
6738.28 68.83089000000001
6744.14 68.80819
6750.0 68.78699
6755.86 68.76749000000001
6761.72 68.74949000000001
6767.58 68.73299
6773.44 68.71809
6779.3 68.70459
6785.16 68.69259
6791.02 68.68179
6796.88 68.67229
6802.73 68.66389000000001
6808.59 68.65649
6814.45 68.64999
6820.31 68.64419000000001
6826.17 68.63909000000001
6832.03 68.63459
6837.89 68.63059000000001
6843.75 68.62699
6849.61 68.62359000000001
6855.47 68.62059
6861.33 68.61779000000001
6867.19 68.61509000000001
6873.05 68.61269000000001
6878.91 68.61039
6884.77 68.60829000000001
6890.62 68.60649000000001
6896.48 68.60489000000001
6902.34 68.60369
6908.2 68.60289
6914.06 68.60249
6919.92 68.60259
6925.78 68.60329000000002
6931.64 68.60469
6937.5 68.60679
6943.36 68.60969
6949.22 68.61339000000001
6955.08 68.61799
6960.94 68.62349
6966.8 68.62979000000001
6972.66 68.63699
6978.52 68.64509000000001
6984.38 68.65399000000001
6990.23 68.66359
6996.09 68.67389
7001.95 68.68479
7007.81 68.69619
7013.67 68.70779
7019.53 68.71969000000001
7025.39 68.73159000000001
7031.25 68.74339
7037.11 68.75489
7042.97 68.76589000000001
7048.83 68.77629
7054.69 68.78599
7060.55 68.79459
7066.41 68.80219
7072.27 68.80849
7078.12 68.81339
7083.98 68.81679
7089.84 68.81859
7095.7 68.81869
7101.56 68.81699
7107.42 68.81359
7113.28 68.80849
7119.14 68.80159
7125.0 68.79289
7130.86 68.78259
7136.72 68.77079
7142.58 68.75759000000001
7148.44 68.74299
7154.3 68.72729000000001
7160.16 68.71069
7166.02 68.69339000000001
7171.88 68.67539000000001
7177.73 68.65719000000001
7183.59 68.63879
7189.45 68.62059
7195.31 68.60269
7201.17 68.58529000000001
7207.03 68.56859
7212.89 68.55289
7218.75 68.53829
7224.61 68.52489
7230.47 68.51279
7236.33 68.50219000000001
7242.19 68.49299
7248.05 68.48539
7253.91 68.47919
7259.77 68.47459
7265.62 68.47129000000001
7271.48 68.46929
7277.34 68.46859
7283.2 68.46879000000001
7289.06 68.46999
7294.92 68.47179
7300.78 68.47419000000001
7306.64 68.47689
7312.5 68.47959
7318.36 68.48229
7324.22 68.48469
7330.08 68.48659
7335.94 68.48779
7341.8 68.48819
7347.66 68.48769000000001
7353.52 68.48599000000002
7359.38 68.48319000000001
7365.23 68.47919
7371.09 68.47389000000001
7376.95 68.46729
7382.81 68.45929000000001
7388.67 68.45009
7394.53 68.43969000000001
7400.39 68.42819
7406.25 68.41559000000001
7412.11 68.40199000000001
7417.97 68.38759
7423.83 68.37239
7429.69 68.35669000000001
7435.55 68.34039000000001
7441.41 68.32379
7447.27 68.30699000000001
7453.12 68.28999
7458.98 68.27289
7464.84 68.25589000000001
7470.7 68.23899
7476.56 68.22219000000001
7482.42 68.20559
7488.28 68.18919
7494.14 68.17289
7500.0 68.15689
7505.86 68.14099
7511.72 68.12519
7517.58 68.10949000000001
7523.44 68.08599000000001
7529.3 68.07029
7535.16 68.05449000000002
7541.02 68.03859
7546.88 68.03039000000001
7552.73 68.01409000000001
7558.59 67.99769
7564.45 67.98089
7570.31 67.96399
7576.17 67.94679000000001
7582.03 67.92929000000001
7587.89 67.91159
7593.75 67.89369
7599.61 67.87569
7605.47 67.85759000000002
7611.33 67.83939000000001
7617.19 67.82119
7623.05 67.80319
7628.91 67.78529
7634.77 67.76759000000001
7640.62 67.75019
7646.48 67.73319000000001
7652.34 67.71649000000001
7658.2 67.70039
7664.06 67.68469
7669.92 67.66959
7675.78 67.65499
7681.64 67.64089000000001
7687.5 67.62729000000002
7693.36 67.61419000000001
7699.22 67.60149000000001
7705.08 67.58929
7710.94 67.57739000000001
7716.8 67.56589
7722.66 67.55459
7728.52 67.54349
7734.38 67.53259
7740.23 67.52189000000001
7746.09 67.51139
7751.95 67.50099
7757.81 67.49079
7763.67 67.48069000000001
7769.53 67.47099
7775.39 67.46149
7781.25 67.45249000000001
7787.11 67.44389000000001
7792.97 67.43589
7798.83 67.42859000000001
7804.69 67.42219
7810.55 67.41669
7816.41 67.41229000000001
7822.27 67.40899
7828.12 67.40709000000001
7833.98 67.40639000000002
7839.84 67.40729
7845.7 67.40949
7851.56 67.41329
7857.42 67.41869
7863.28 67.42539000000001
7869.14 67.43359000000001
7875.0 67.44319000000002
7880.86 67.45399
7886.72 67.46589
7892.58 67.47869
7898.44 67.49239
7904.3 67.50649000000001
7910.16 67.52109000000002
7916.02 67.53579
7921.88 67.55049
7927.73 67.56479000000002
7933.59 67.57869000000001
7939.45 67.59179
7945.31 67.60399000000001
7951.17 67.61509000000001
7957.03 67.62499
7962.89 67.63339
7968.75 67.64039
7974.61 67.64579
7980.47 67.64949000000001
7986.33 67.65149
7992.19 67.65189000000001
7998.05 67.65069
8003.91 67.64789
8009.77 67.64369
8015.62 67.63809
8021.48 67.63129
8027.34 67.62359000000001
8033.2 67.61499
8039.06 67.60569000000001
8044.92 67.59609
8050.78 67.58619000000002
8056.64 67.57639
8062.5 67.56679
8068.36 67.55759
8074.22 67.54899
8080.08 67.54119
8085.94 67.53439
8091.8 67.52859000000001
8097.66 67.52409
8103.52 67.52089000000001
8109.38 67.51899
8115.23 67.51859
8121.09 67.51949
8126.95 67.52179000000001
8132.81 67.52539000000002
8138.67 67.53029000000001
8144.53 67.53629000000001
8150.39 67.54339
8156.25 67.55129000000001
8162.11 67.55999
8167.97 67.56929
8173.83 67.57899
8179.69 67.58889
8185.55 67.59889000000001
8191.41 67.60879
8197.27 67.61839
8203.12 67.62759
8208.98 67.63619
8214.84 67.64409
8220.7 67.65109000000001
8226.56 67.65719000000001
8232.42 67.66229000000001
8238.28 67.66639
8244.14 67.66929
8250.0 67.67099
8255.86 67.67169000000001
8261.72 67.67119
8267.58 67.66969
8273.44 67.66719
8279.3 67.66369
8285.16 67.65939
8291.02 67.65429
8296.88 67.64859000000001
8302.73 67.64239
8308.59 67.63579000000001
8314.45 67.62889000000001
8320.31 67.62189000000001
8326.17 67.61489
8332.03 67.60799
8337.89 67.60129
8343.75 67.59499
8349.61 67.58899
8355.47 67.58359000000002
8361.33 67.57879
8367.19 67.57459
8373.05 67.57099000000001
8378.91 67.56819000000002
8384.77 67.56599
8390.62 67.56459000000001
8396.48 67.56379000000001
8402.34 67.56369000000001
8408.2 67.56409000000001
8414.06 67.56509
8419.92 67.56659
8425.78 67.56849
8431.64 67.57079
8437.5 67.57319000000001
8443.36 67.57589000000002
8449.22 67.57859
8455.08 67.58129
8460.94 67.58389
8466.8 67.58639000000001
8472.66 67.58859000000001
8478.52 67.59059
8484.38 67.59229
8490.23 67.59359
8496.09 67.59449000000001
8501.95 67.59499
8507.81 67.59499
8513.67 67.59449000000001
8519.53 67.59359
8525.39 67.59219
8531.25 67.59029000000001
8537.11 67.58799
8542.97 67.58509000000001
8548.83 67.58179000000001
8554.69 67.57799
8560.55 67.57369
8566.41 67.56899000000001
8572.27 67.56369000000001
8578.12 67.55789000000001
8583.98 67.55159
8589.84 67.54479
8595.7 67.53739000000002
8601.56 67.52939
8607.42 67.52079
8613.28 67.51169000000002
8619.14 67.50179
8625.0 67.49139
8630.86 67.48029
8636.72 67.46859
8642.58 67.45619
8648.44 67.44329
8654.3 67.42979
8660.16 67.41579000000002
8666.02 67.40129
8671.88 67.38649000000001
8677.73 67.37139
8683.59 67.35609000000001
8689.45 67.34079
8695.31 67.32539
8701.17 67.31029000000001
8707.03 67.29549
8712.89 67.28119000000001
8718.75 67.26739
8724.61 67.25439
8730.47 67.24229
8736.33 67.23129
8742.19 67.22139000000001
8748.05 67.21279000000001
8753.91 67.20549
8759.77 67.19969
8765.62 67.19549
8771.48 67.19269
8777.34 67.19159
8783.2 67.19199
8789.06 67.19399000000001
8794.92 67.19739000000001
8800.78 67.20229
8806.64 67.20859000000002
8812.5 67.21609000000001
8818.36 67.22469000000001
8824.22 67.23429000000002
8830.08 67.24479000000001
8835.94 67.25599
8841.8 67.26789000000001
8847.66 67.28029000000001
8853.52 67.29319000000001
8859.38 67.30629
8865.23 67.31959
8871.09 67.33299
8876.95 67.34659
8882.81 67.36019
8888.67 67.37379000000001
8894.53 67.38739000000001
8900.39 67.40099000000001
8906.25 67.41469000000001
8912.11 67.42839000000001
8917.97 67.44209000000001
8923.83 67.45599000000001
8929.69 67.46989
8935.55 67.48399
8941.41 67.49819000000001
8947.27 67.51259
8953.12 67.52709000000002
8958.98 67.54169
8964.84 67.55639000000001
8970.7 67.57099000000001
8976.56 67.58549000000001
8982.42 67.59979000000001
8988.28 67.61379000000001
8994.14 67.62729000000002
9000.0 67.64009000000001
9005.86 67.65219
9011.72 67.66319000000001
9017.58 67.67309
9023.44 67.68159
9029.3 67.68859
9035.16 67.69379
9041.02 67.69719
9046.88 67.69859
9052.73 67.69779
9058.59 67.69479000000001
9064.45 67.68949
9070.31 67.68179
9076.17 67.67179000000002
9082.03 67.65949
9087.89 67.64489
9093.75 67.62819
9099.61 67.60949000000001
9105.47 67.58889
9111.33 67.56669000000001
9117.19 67.54319000000001
9123.05 67.51839000000001
9128.91 67.49289
9134.77 67.46669
9140.62 67.44029
9146.48 67.41389000000001
9152.34 67.38779
9158.2 67.36229
9164.06 67.33759
9169.92 67.31399
9175.78 67.29169
9181.64 67.27079
9187.5 67.25139000000001
9193.36 67.22699
9199.22 67.21159
9205.08 67.19779
9210.94 67.18529000000001
9216.8 67.17399
9222.66 67.16989000000001
9228.52 67.15989
9234.38 67.15049
9240.23 67.14159000000001
9246.09 67.13269
9251.95 67.12359000000001
9257.81 67.11389
9263.67 67.10339
9269.53 67.09159
9275.39 67.07839000000001
9281.25 67.06339
9287.11 67.04639
9292.97 67.02709000000002
9298.83 67.00529
9304.69 66.98079000000001
9310.55 66.95369000000001
9316.41 66.92369000000001
9322.27 66.89089000000001
9328.12 66.85529
9333.98 66.81699
9339.84 66.77609000000001
9345.7 66.73269
9351.56 66.68709000000001
9357.42 66.63949000000001
9363.28 66.59019
9369.14 66.53949
9375.0 66.48769000000001
9380.86 66.43509
9386.72 66.38219000000001
9392.58 66.32909000000001
9398.44 66.27629
9404.3 66.22409
9410.16 66.17279
9416.02 66.12259
9421.88 66.07369
9427.73 66.02649
9433.59 65.98089
9439.45 65.93719000000002
9445.31 65.89529
9451.17 65.85529
9457.03 65.81719000000001
9462.89 65.78079
9468.75 65.74619000000001
9474.61 65.71299
9480.47 65.68119000000002
9486.33 65.65059000000001
9492.19 65.62079
9498.05 65.59179
9503.91 65.56329000000001
9509.77 65.53499000000001
9515.62 65.50679
9521.48 65.47849000000001
9527.34 65.44989000000001
9533.2 65.42079000000001
9539.06 65.39119000000001
9544.92 65.36089000000001
9550.78 65.32999000000001
9556.64 65.29849000000002
9562.5 65.26629
9568.36 65.23359
9574.22 65.20039
9580.08 65.16689
9585.94 65.13319000000001
9591.8 65.09959
9597.66 65.06609
9603.52 65.03299000000001
9609.38 65.00049000000001
9615.23 64.96869000000001
9621.09 64.93789000000001
9626.95 64.90819
9632.81 64.87979000000001
9638.67 64.85279
9644.53 64.82729
9650.39 64.80339000000001
9656.25 64.78109
9662.11 64.76049
9667.97 64.74159
9673.83 64.72429
9679.69 64.70859000000002
9685.55 64.69449
9691.41 64.68179
9697.27 64.67039
9703.12 64.66029
9708.98 64.65139
9714.84 64.64349000000001
9720.7 64.63649000000001
9726.56 64.63039
9732.42 64.62499
9738.28 64.62029000000001
9744.14 64.61609000000001
9750.0 64.61249000000001
9755.86 64.60939
9761.72 64.60669000000001
9767.58 64.60439
9773.44 64.60259
9779.3 64.60109
9785.16 64.60009000000001
9791.02 64.59939
9796.88 64.59919000000001
9802.73 64.59949
9808.59 64.60019
9814.45 64.60129
9820.31 64.60289
9826.17 64.60479000000001
9832.03 64.60719
9837.89 64.60989000000001
9843.75 64.61279
9849.61 64.61589000000001
9855.47 64.61899
9861.33 64.62209000000001
9867.19 64.62499
9873.05 64.62759
9878.91 64.62969000000001
9884.77 64.63129
9890.62 64.63199
9896.48 64.63179
9902.34 64.63059000000001
9908.2 64.62819
9914.06 64.62459000000001
9919.92 64.61959
9925.78 64.61319
9931.64 64.60539
9937.5 64.59629000000001
9943.36 64.58579
9949.22 64.57409000000001
9955.08 64.56119000000001
9960.94 64.54729
9966.8 64.53259
9972.66 64.51729
9978.52 64.50159000000001
9984.38 64.48569
9990.23 64.46989
9996.09 64.45449
10002.0 64.43969000000001
10007.8 64.42579
10013.7 64.41289
10019.5 64.40139
10025.4 64.39139
10031.2 64.38299
10037.1 64.37639000000001
10043.0 64.37169
10048.8 64.36889000000001
10054.7 64.36799
10060.5 64.36889000000001
10066.4 64.37159
10072.3 64.37589
10078.1 64.38159
10084.0 64.38859000000001
10089.8 64.39649
10095.7 64.40509
10101.6 64.41409000000002
10107.4 64.42309
10113.3 64.43189000000001
10119.1 64.44019
10125.0 64.44749000000002
10130.9 64.45359
10136.7 64.45829
10142.6 64.46109000000001
10148.4 64.46199000000001
10154.3 64.46069
10160.2 64.45709000000001
10166.0 64.45099
10171.9 64.44229000000001
10177.7 64.43099000000001
10183.6 64.41719
10189.5 64.40079
10195.3 64.38189
10201.2 64.36069
10207.0 64.33739
10212.9 64.31209000000001
10218.8 64.28499000000001
10224.6 64.25639000000001
10230.5 64.22659000000002
10236.3 64.19569000000001
10242.2 64.16409000000002
10248.0 64.13209
10253.9 64.09979000000001
10259.8 64.06759
10265.6 64.03559000000001
10271.5 64.00399000000002
10277.3 63.97299
10283.2 63.942690000000006
10289.1 63.91329
10294.9 63.88479
10300.8 63.85709000000001
10306.6 63.83039000000001
10312.5 63.80449000000001
10318.4 63.77929
10324.2 63.75479000000001
10330.1 63.730790000000006
10335.9 63.70709000000001
10341.8 63.683490000000006
10347.7 63.65999000000001
10353.5 63.63609
10359.4 63.611790000000006
10365.2 63.586890000000004
10371.1 63.56109000000001
10377.0 63.534290000000006
10382.8 63.50629000000001
10388.7 63.476890000000004
10394.5 63.446090000000005
10400.4 63.41369
10406.2 63.379690000000004
10412.1 63.343990000000005
10418.0 63.30659000000001
10423.8 63.267590000000006
10429.7 63.22699000000001
10435.5 63.18489
10441.4 63.141290000000005
10447.3 63.09629
10453.1 63.05019000000001
10459.0 63.00309000000001
10464.8 62.955090000000006
10470.7 62.90639000000001
10476.6 62.85719
10482.4 62.807590000000005
10488.3 62.75789
10494.1 62.708090000000006
10500.0 62.65849000000001
10505.9 62.60909000000001
10511.7 62.560190000000006
10517.6 62.511790000000005
10523.4 62.46399
10529.3 62.416790000000006
10535.2 62.370490000000004
10541.0 62.32489
10546.9 62.28009000000001
10552.7 62.236090000000004
10558.6 62.192890000000006
10564.5 62.150490000000005
10570.3 62.108790000000006
10576.2 62.067690000000006
10582.0 62.02729000000001
10587.9 61.98729000000001
10593.8 61.947790000000005
10599.6 61.90869000000001
10605.5 61.869890000000005
10611.3 61.83119000000001
10617.2 61.792590000000004
10623.0 61.75399000000001
10628.9 61.715390000000006
10634.8 61.676590000000004
10640.6 61.63749000000001
10646.5 61.59819
10652.3 61.558490000000006
10658.2 61.518390000000004
10664.1 61.47789
10669.9 61.436890000000005
10675.8 61.395390000000006
10681.6 61.35349000000001
10687.5 61.31109000000001
10693.4 61.268190000000004
10699.2 61.224990000000005
10705.1 61.181490000000004
10710.9 61.13779
10716.8 61.093990000000005
10722.7 61.05019000000001
10728.5 61.006690000000006
10734.4 60.96349000000001
10740.2 60.92089000000001
10746.1 60.87919000000001
10752.0 60.83849000000001
10757.8 60.79899
10763.7 60.761190000000006
10769.5 60.725190000000005
10775.4 60.69129
10781.2 60.659690000000005
10787.1 60.630790000000005
10793.0 60.604890000000005
10798.8 60.581990000000005
10804.7 60.56259000000001
10810.5 60.54659000000001
10816.4 60.53439000000001
10822.3 60.525890000000004
10828.1 60.52129000000001
10834.0 60.520590000000006
10839.8 60.523790000000005
10845.7 60.53069000000001
10851.6 60.541290000000004
10857.4 60.55539
10863.3 60.58579
10869.1 60.60719
10875.0 60.63089000000001
10880.9 60.656890000000004
10886.7 60.68459000000001
10892.6 60.71359
10898.4 60.743590000000005
10904.3 60.75909000000001
10910.2 60.789190000000005
10916.0 60.81929
10921.9 60.848890000000004
10927.7 60.877590000000005
10933.6 60.90509000000001
10939.5 60.931090000000005
10945.3 60.95519000000001
10951.2 60.97719000000001
10957.0 60.996790000000004
10962.9 61.01379000000001
10968.8 61.028090000000006
10974.6 61.039590000000004
10980.5 61.04809000000001
10986.3 61.05369
10992.2 61.056290000000004
10998.0 61.055890000000005
11003.9 61.052690000000005
11009.8 61.04679000000001
11015.6 61.03829
11021.5 61.02749000000001
11027.3 61.01449000000001
11033.2 60.99949000000001
11039.1 60.982890000000005
11044.9 60.964890000000004
11050.8 60.94579
11056.6 60.925990000000006
11062.5 60.90569000000001
11068.4 60.885290000000005
11074.2 60.86509000000001
11080.1 60.845290000000006
11085.9 60.82629000000001
11091.8 60.80839
11097.7 60.791790000000006
11103.5 60.776790000000005
11109.4 60.763490000000004
11115.2 60.752190000000006
11121.1 60.74289
11127.0 60.735690000000005
11132.8 60.73069
11138.7 60.727790000000006
11144.5 60.727090000000004
11150.4 60.728390000000005
11156.2 60.731590000000004
11162.1 60.73649
11168.0 60.74279000000001
11173.8 60.75039
11179.7 60.75889000000001
11185.5 60.767990000000005
11191.4 60.777390000000004
11197.3 60.78669000000001
11203.1 60.79549000000001
11209.0 60.80339000000001
11214.8 60.81009
11220.7 60.81519000000001
11226.6 60.81839000000001
11232.4 60.81929
11238.3 60.81749000000001
11244.1 60.812990000000006
11250.0 60.80529000000001
11255.9 60.79439000000001
11261.7 60.78009000000001
11267.6 60.762190000000004
11273.4 60.74089000000001
11279.3 60.715990000000005
11285.2 60.68779000000001
11291.0 60.65619
11296.9 60.621590000000005
11302.7 60.58419000000001
11308.6 60.544290000000004
11314.5 60.50209
11320.3 60.45819000000001
11326.2 60.41299000000001
11332.0 60.36679000000001
11337.9 60.320190000000004
11343.8 60.27369000000001
11349.6 60.22769
11355.5 60.18269000000001
11361.3 60.13909
11367.2 60.097390000000004
11373.0 60.057990000000004
11378.9 60.02129000000001
11384.8 59.987390000000005
11390.6 59.956590000000006
11396.5 59.929190000000006
11402.3 59.905190000000005
11408.2 59.88459
11414.1 59.86739000000001
11419.9 59.853590000000004
11425.8 59.842890000000004
11431.6 59.835190000000004
11437.5 59.83019000000001
11443.4 59.82759000000001
11449.2 59.827090000000005
11455.1 59.82829
11460.9 59.830890000000004
11466.8 59.83449
11472.7 59.83879
11478.5 59.84339000000001
11484.4 59.84789000000001
11490.2 59.85229
11496.1 59.855990000000006
11502.0 59.85909000000001
11507.8 59.861290000000004
11513.7 59.862590000000004
11519.5 59.862790000000004
11525.4 59.86209000000001
11531.2 59.86039
11537.1 59.85779000000001
11543.0 59.854490000000006
11548.8 59.850590000000004
11554.7 59.84639000000001
11560.5 59.84179
11566.4 59.83729
11572.3 59.832890000000006
11578.1 59.82889000000001
11584.0 59.82529
11589.8 59.822390000000006
11595.7 59.820190000000004
11601.6 59.81889
11607.4 59.81839000000001
11613.3 59.81879000000001
11619.1 59.82009000000001
11625.0 59.822190000000006
11630.9 59.82499000000001
11636.7 59.82849
11642.6 59.83249000000001
11648.4 59.83699000000001
11654.3 59.84189000000001
11660.2 59.84689000000001
11666.0 59.852090000000004
11671.9 59.85739
11677.7 59.86269000000001
11683.6 59.867990000000006
11689.5 59.87319000000001
11695.3 59.878490000000006
11701.2 59.883790000000005
11707.0 59.88929
11712.9 59.89509
11718.8 59.90129
11724.6 59.90809000000001
11730.5 59.91559000000001
11736.3 59.92409000000001
11742.2 59.93359
11748.0 59.944390000000006
11753.9 59.956590000000006
11759.8 59.970290000000006
11765.6 59.985690000000005
11771.5 60.002790000000005
11777.3 60.02159
11783.2 60.042190000000005
11789.1 60.06439
11794.9 60.08809000000001
11800.8 60.11309000000001
11806.6 60.13929
11812.5 60.166290000000004
11818.4 60.19389
11824.2 60.22169
11830.1 60.24929000000001
11835.9 60.276390000000006
11841.8 60.302490000000006
11847.7 60.32739000000001
11853.5 60.35049000000001
11859.4 60.371590000000005
11865.2 60.39029000000001
11871.1 60.40639000000001
11877.0 60.41969
11882.8 60.42989000000001
11888.7 60.43699000000001
11894.5 60.440990000000006
11900.4 60.44189000000001
11906.2 60.43979000000001
11912.1 60.434990000000006
11918.0 60.42759000000001
11923.8 60.41799
11929.7 60.406690000000005
11935.5 60.393890000000006
11941.4 60.38029
11947.3 60.36619
11953.1 60.35229
11959.0 60.338890000000006
11964.8 60.326690000000006
11970.7 60.31609
11976.6 60.30749000000001
11982.4 60.30129000000001
11988.3 60.29789
11994.1 60.29739000000001
12000.0 60.29999000000001
12005.9 60.30579000000001
12011.7 60.314890000000005
12017.6 60.32699000000001
12023.4 60.34189000000001
12029.3 60.35949000000001
12035.2 60.37919000000001
12041.0 60.400690000000004
12046.9 60.423590000000004
12052.7 60.44709
12058.6 60.47079000000001
12064.5 60.49409000000001
12070.3 60.51639000000001
12076.2 60.537090000000006
12082.0 60.55559
12087.9 60.571490000000004
12093.8 60.58419000000001
12099.6 60.59329
12105.5 60.59859000000001
12111.3 60.599790000000006
12117.2 60.59669
12123.0 60.589290000000005
12128.9 60.577490000000004
12134.8 60.561490000000006
12140.6 60.54159000000001
12146.5 60.51789000000001
12152.3 60.490990000000004
12158.2 60.46119000000001
12164.1 60.42909
12169.9 60.39529
12175.8 60.360490000000006
12181.6 60.325190000000006
12187.5 60.290290000000006
12193.4 60.25629000000001
12199.2 60.223890000000004
12205.1 60.19389
12210.9 60.166790000000006
12216.8 60.14309000000001
12222.7 60.123290000000004
12228.5 60.10779000000001
12234.4 60.096990000000005
12240.2 60.090990000000005
12246.1 60.089890000000004
12252.0 60.09369
12257.8 60.10249
12263.7 60.11589000000001
12269.5 60.133790000000005
12275.4 60.15579
12281.2 60.18159000000001
12287.1 60.21059
12293.0 60.242490000000004
12298.8 60.276790000000005
12304.7 60.31279000000001
12310.5 60.35029000000001
12316.4 60.38859000000001
12322.3 60.427290000000006
12328.1 60.46609000000001
12334.0 60.504490000000004
12339.8 60.542190000000005
12345.7 60.57909000000001
12351.6 60.614790000000006
12357.4 60.649390000000004
12363.3 60.682590000000005
12369.1 60.714490000000005
12375.0 60.745090000000005
12380.9 60.77459
12386.7 60.80299000000001
12392.6 60.830490000000005
12398.4 60.857290000000006
12404.3 60.88369000000001
12410.2 60.909690000000005
12416.0 60.935790000000004
12421.9 60.96199000000001
12427.7 60.988690000000005
12433.6 61.015890000000006
12439.5 61.04399000000001
12445.3 61.07289000000001
12451.2 61.10289
12457.0 61.13389000000001
12462.9 61.166090000000004
12468.8 61.199290000000005
12474.6 61.23359000000001
12480.5 61.268890000000006
12486.3 61.30509000000001
12492.2 61.34189000000001
12498.0 61.379290000000005
12503.9 61.41709000000001
12509.8 61.45499
12515.6 61.49289
12521.5 61.53049000000001
12527.3 61.56759
12533.2 61.62059000000001
12539.1 61.65549000000001
12544.9 61.68919
12550.8 61.72169
12556.6 61.75289000000001
12562.5 61.782590000000006
12568.4 61.810790000000004
12574.2 61.83749
12580.1 61.84789000000001
12585.9 61.87219
12591.8 61.89509
12597.7 61.91659000000001
12603.5 61.936690000000006
12609.4 61.95559000000001
12615.2 61.973490000000005
12621.1 61.990390000000005
12627.0 62.00649000000001
12632.8 62.022090000000006
12638.7 62.037290000000006
12644.5 62.05239
12650.4 62.06749000000001
12656.2 62.08279
12662.1 62.098490000000005
12668.0 62.11489
12673.8 62.13199000000001
12679.7 62.150090000000006
12685.5 62.169290000000004
12691.4 62.189690000000006
12697.3 62.21139000000001
12703.1 62.234390000000005
12709.0 62.258790000000005
12714.8 62.284490000000005
12720.7 62.31159
12726.6 62.33999000000001
12732.4 62.36959
12738.3 62.400290000000005
12744.1 62.43189
12750.0 62.46439000000001
12755.9 62.49739
12761.7 62.53089000000001
12767.6 62.564490000000006
12773.4 62.598090000000006
12779.3 62.63139
12785.2 62.66429000000001
12791.0 62.696290000000005
12796.9 62.72739000000001
12802.7 62.757290000000005
12808.6 62.785590000000006
12814.5 62.81239000000001
12820.3 62.83719000000001
12826.2 62.86009000000001
12832.0 62.88069000000001
12837.9 62.89889000000001
12843.8 62.91469000000001
12849.6 62.927890000000005
12855.5 62.938390000000005
12861.3 62.946290000000005
12867.2 62.95139
12873.0 62.95389000000001
12878.9 62.953590000000005
12884.8 62.950790000000005
12890.6 62.94529000000001
12896.5 62.937490000000004
12902.3 62.927290000000006
12908.2 62.91489000000001
12914.1 62.90039000000001
12919.9 62.88409000000001
12925.8 62.865990000000004
12931.6 62.84629
12937.5 62.82529
12943.4 62.80299000000001
12949.2 62.779790000000006
12955.1 62.755590000000005
12960.9 62.73069
12966.8 62.70519000000001
12972.7 62.679190000000006
12978.5 62.652890000000006
12984.4 62.626290000000004
12990.2 62.599590000000006
12996.1 62.57269000000001
13002.0 62.54569000000001
13007.8 62.51869000000001
13013.7 62.49159
13019.5 62.464490000000005
13025.4 62.437290000000004
13031.2 62.409890000000004
13037.1 62.38239000000001
13043.0 62.35459000000001
13048.8 62.32649000000001
13054.7 62.29789
13060.5 62.268890000000006
13066.4 62.239290000000004
13072.3 62.20909
13078.1 62.178090000000005
13084.0 62.14629000000001
13089.8 62.113690000000005
13095.7 62.07999
13101.6 62.045390000000005
13107.4 62.00979
13113.3 61.973090000000006
13119.1 61.93529000000001
13125.0 61.89659
13130.9 61.856790000000004
13136.7 61.815990000000006
13142.6 61.774390000000004
13148.4 61.73199
13154.3 61.688790000000004
13160.2 61.64509
13166.0 61.60079
13171.9 61.556290000000004
13177.7 61.511590000000005
13183.6 61.46679
13189.5 61.422290000000004
13195.3 61.377990000000004
13201.2 61.33429
13207.0 61.29119000000001
13212.9 61.248990000000006
13218.8 61.20779
13224.6 61.16789000000001
13230.5 61.129290000000005
13236.3 61.09239000000001
13242.2 61.057190000000006
13248.0 61.023990000000005
13253.9 60.99279000000001
13259.8 60.963890000000006
13265.6 60.937490000000004
13271.5 60.91369
13277.3 60.892590000000006
13283.2 60.87449000000001
13289.1 60.85949000000001
13294.9 60.84769000000001
13300.8 60.839290000000005
13306.6 60.83449
13312.5 60.833290000000005
13318.4 60.835890000000006
13324.2 60.842490000000005
13330.1 60.852990000000005
13335.9 60.86759000000001
13341.8 60.88629
13347.7 60.909090000000006
13353.5 60.93609000000001
13359.4 60.967290000000006
13365.2 61.002590000000005
13371.1 61.04189
13377.0 61.08509000000001
13382.8 61.13219000000001
13388.7 61.18289000000001
13394.5 61.236990000000006
13400.4 61.29449
13406.2 61.354890000000005
13412.1 61.41809000000001
13418.0 61.48389
13423.8 61.55189000000001
13429.7 61.621790000000004
13435.5 61.69339000000001
13441.4 61.766290000000005
13447.3 61.84029
13453.1 61.915090000000006
13459.0 61.99029000000001
13464.8 62.065690000000004
13470.7 62.141090000000005
13476.6 62.216190000000005
13482.4 62.290890000000005
13488.3 62.364790000000006
13494.1 62.43779000000001
13500.0 62.50979
13505.9 62.580690000000004
13511.7 62.650290000000005
13517.6 62.71869
13523.4 62.78569
13529.3 62.851290000000006
13535.2 62.915490000000005
13541.0 62.978390000000005
13546.9 63.03999
13552.7 63.100390000000004
13558.6 63.15959000000001
13564.5 63.217690000000005
13570.3 63.274890000000006
13576.2 63.33119000000001
13582.0 63.38669000000001
13587.9 63.441590000000005
13593.8 63.495990000000006
13599.6 63.549890000000005
13605.5 63.603590000000004
13611.3 63.656890000000004
13617.2 63.710190000000004
13623.0 63.763290000000005
13628.9 63.81649000000001
13634.8 63.86959
13640.6 63.922790000000006
13646.5 63.976090000000006
13652.3 64.02939
13658.2 64.08269000000001
13664.1 64.13599
13669.9 64.18929
13675.8 64.24239
13681.6 64.29529000000001
13687.5 64.34789
13693.4 64.39999
13699.2 64.45169000000001
13705.1 64.50269
13710.9 64.55299000000001
13716.8 64.60229000000001
13722.7 64.65069
13728.5 64.69789
13734.4 64.74379
13740.2 64.78839
13746.1 64.83139
13752.0 64.87279000000001
13757.8 64.91239000000002
13763.7 64.95029
13769.5 64.98619000000001
13775.4 65.02009000000001
13781.2 65.05199
13787.1 65.08179000000001
13793.0 65.10939
13798.8 65.13489000000001
13804.7 65.15809000000002
13810.5 65.17919
13816.4 65.19809000000001
13822.3 65.21489
13828.1 65.22959
13834.0 65.24229
13839.8 65.25289000000001
13845.7 65.26169000000002
13851.6 65.26869
13857.4 65.27409
13863.3 65.27779000000001
13869.1 65.28009
13875.0 65.28099
13880.9 65.28079
13886.7 65.27949000000001
13892.6 65.27719
13898.4 65.27419
13904.3 65.27049
13910.2 65.26629
13916.0 65.26159000000001
13921.9 65.25659
13927.7 65.25139000000001
13933.6 65.24609000000001
13939.5 65.24079
13945.3 65.23539
13951.2 65.23009
13957.0 65.22489000000002
13962.9 65.21979
13968.8 65.21469
13974.6 65.20969000000001
13980.5 65.20479
13986.3 65.19969
13992.2 65.19459
13998.0 65.18929
14003.9 65.18369000000001
14009.8 65.17779000000002
14015.6 65.17139
14021.5 65.16429000000001
14027.3 65.15659000000001
14033.2 65.14809
14039.1 65.13869
14044.9 65.12819
14050.8 65.11679000000001
14056.6 65.10419
14062.5 65.09039000000001
14068.4 65.07539
14074.2 65.05919
14080.1 65.04179
14085.9 65.02329
14091.8 65.00369
14097.7 64.98299
14103.5 64.96149
14109.4 64.93919
14115.2 64.91619
14121.1 64.89279
14127.0 64.86899
14132.8 64.84519
14138.7 64.82139000000001
14144.5 64.79779
14150.4 64.77459
14156.2 64.75209000000001
14162.1 64.73029
14168.0 64.70949
14173.8 64.68959000000001
14179.7 64.67089000000001
14185.5 64.65349
14191.4 64.63729000000001
14197.3 64.62239
14203.1 64.60439
14209.0 64.59249
14214.8 64.58159
14220.7 64.57179000000001
14226.6 64.56279
14232.4 64.55449000000002
14238.3 64.54669000000001
14244.1 64.53929000000001
14250.0 64.53209000000001
14255.9 64.52839
14261.7 64.52079
14267.6 64.51309
14273.4 64.50489
14279.3 64.49629000000002
14285.2 64.48709000000001
14291.0 64.47719000000001
14296.9 64.46649000000001
14302.7 64.45509000000001
14308.6 64.44289
14314.5 64.42989
14320.3 64.41629
14326.2 64.40209000000002
14332.0 64.38739000000001
14337.9 64.37249
14343.8 64.35749000000001
14349.6 64.34249
14355.5 64.32789
14361.3 64.31389000000001
14367.2 64.30059
14373.0 64.28829
14378.9 64.27719
14384.8 64.26759000000001
14390.6 64.25949
14396.5 64.25329
14402.3 64.24889
14408.2 64.24649000000001
14414.1 64.24629000000002
14419.9 64.24799000000002
14425.8 64.25189
14431.6 64.25779
14437.5 64.26559
14443.4 64.27529000000001
14449.2 64.28649000000001
14455.1 64.29919000000001
14460.9 64.31309
14466.8 64.32789
14472.7 64.34339
14478.5 64.35939
14484.4 64.37539000000001
14490.2 64.39139
14496.1 64.40689
14502.0 64.42179000000002
14507.8 64.43569000000001
14513.7 64.44849
14519.5 64.45999
14525.4 64.46999
14531.2 64.47849000000001
14537.1 64.48529
14543.0 64.49029000000002
14548.8 64.49369000000002
14554.7 64.49529000000001
14560.5 64.49539000000001
14566.4 64.49389000000001
14572.3 64.49109000000001
14578.1 64.48709000000001
14584.0 64.48199
14589.8 64.47619
14595.7 64.46979
14601.6 64.46299
14607.4 64.45619
14613.3 64.44949
14619.1 64.44319000000002
14625.0 64.43749
14630.9 64.43269000000001
14636.7 64.42879
14642.6 64.42619
14648.4 64.42479
14654.3 64.42499000000001
14660.2 64.42659
14666.0 64.42989
14671.9 64.43469
14677.7 64.44119
14683.6 64.44929
14689.5 64.45879000000001
14695.3 64.46979
14701.2 64.48199
14707.0 64.49549
14712.9 64.50989000000001
14718.8 64.52509
14724.6 64.54099000000001
14730.5 64.55739
14736.3 64.57409000000001
14742.2 64.59079
14748.0 64.60749000000001
14753.9 64.62379000000001
14759.8 64.63979
14765.6 64.65519
14771.5 64.66979
14777.3 64.68359000000001
14783.2 64.69639000000001
14789.1 64.70829
14794.9 64.71899
14800.8 64.72869
14806.6 64.73719
14812.5 64.74459
14818.4 64.75079000000001
14824.2 64.75609
14830.1 64.76029
14835.9 64.76359000000001
14841.8 64.76609
14847.7 64.76779
14853.5 64.76899
14859.4 64.76969
14865.2 64.76999
14871.1 64.77009000000001
14877.0 64.77009000000001
14882.8 64.77009000000001
14888.7 64.77039
14894.5 64.77089000000001
14900.4 64.77179000000001
14906.2 64.77329
14912.1 64.77539000000002
14918.0 64.77829
14923.8 64.78189
14929.7 64.78639000000001
14935.5 64.79179
14941.4 64.79819
14947.3 64.80549
14953.1 64.81389000000001
14959.0 64.82309000000001
14964.8 64.83329
14970.7 64.84439
14976.6 64.85619
14982.4 64.86889000000001
14988.3 64.88209
14994.1 64.89589000000001
15000.0 64.91009
15005.9 64.92459000000001
15011.7 64.93929
15017.6 64.95399
15023.4 64.96849
15029.3 64.98269
15035.2 64.99649000000001
15041.0 65.00979000000001
15046.9 65.02219000000001
15052.7 65.03389000000001
15058.6 65.04439
15064.5 65.05389
15070.3 65.06199000000001
15076.2 65.06879
15082.0 65.07419000000002
15087.9 65.07799
15093.8 65.08019000000002
15099.6 65.08069
15105.5 65.07959
15111.3 65.07679
15117.2 65.07229000000001
15123.0 65.06609
15128.9 65.05829
15134.8 65.04889
15140.6 65.03809000000001
15146.5 65.02579
15152.3 65.01219
15158.2 64.99739
15164.1 64.98159000000001
15169.9 64.96469
15175.8 64.94709
15181.6 64.92879
15187.5 64.90999000000001
15193.4 64.89079000000001
15199.2 64.87139
15205.1 64.85189
15210.9 64.83259000000001
15216.8 64.81339
15222.7 64.79459
15228.5 64.77629
15234.4 64.75859
15240.2 64.74149
15246.1 64.72529
15252.0 64.70989
15257.8 64.69539
15263.7 64.68189000000001
15269.5 64.66929
15275.4 64.65769
15281.2 64.64699
15287.1 64.63719
15293.0 64.62829
15298.8 64.62019000000001
15304.7 64.61269000000001
15310.5 64.60589
15316.4 64.59939
15322.3 64.59329
15328.1 64.58739
15334.0 64.58149
15339.8 64.57549
15345.7 64.56919
15351.6 64.56249
15357.4 64.55519000000001
15363.3 64.54709
15369.1 64.53819000000001
15375.0 64.52819
15380.9 64.51719
15386.7 64.50489
15392.6 64.49129
15398.4 64.47629
15404.3 64.45999
15410.2 64.44229000000001
15416.0 64.42319
15421.9 64.40279000000001
15427.7 64.38119
15433.6 64.35839000000001
15439.5 64.33459
15445.3 64.30989
15451.2 64.28449
15457.0 64.25859
15462.9 64.23239000000001
15468.8 64.20609
15474.6 64.17989
15480.5 64.15419
15486.3 64.12899000000002
15492.2 64.10459
15498.0 64.08129
15503.9 64.05919
15509.8 64.03849
15515.6 64.01939000000002
15521.5 64.00189
15527.3 63.98619000000001
15533.2 63.97229000000001
15539.1 63.960190000000004
15544.9 63.94989
15550.8 63.941390000000006
15556.6 63.93439000000001
15562.5 63.92889
15568.4 63.924690000000005
15574.2 63.92159000000001
15580.1 63.919290000000004
15585.9 63.917390000000005
15591.8 63.915890000000005
15597.7 63.914190000000005
15603.5 63.912090000000006
15609.4 63.909290000000006
15615.2 63.90549000000001
15621.1 63.900290000000005
15627.0 63.893390000000004
15632.8 63.88459
15638.7 63.87369
15644.5 63.86039
15650.4 63.844590000000004
15656.2 63.826190000000004
15662.1 63.804990000000004
15668.0 63.78119
15673.8 63.75459000000001
15679.7 63.72549000000001
15685.5 63.69379000000001
15691.4 63.659890000000004
15697.3 63.623990000000006
15703.1 63.586290000000005
15709.0 63.54719000000001
15714.8 63.506890000000006
15720.7 63.46589000000001
15726.6 63.42459000000001
15732.4 63.38329
15738.3 63.34239000000001
15744.1 63.30239
15750.0 63.263690000000004
15755.9 63.226490000000005
15761.7 63.191190000000006
15767.6 63.15809000000001
15773.4 63.12749000000001
15779.3 63.099590000000006
15785.2 63.074490000000004
15791.0 63.052290000000006
15796.9 63.032990000000005
15802.7 63.016690000000004
15808.6 63.00329000000001
15814.5 62.992490000000004
15820.3 62.984390000000005
15826.2 62.978590000000004
15832.0 62.97489000000001
15837.9 62.97299
15843.8 62.97249000000001
15849.6 62.97319
15855.5 62.974590000000006
15861.3 62.97639000000001
15867.2 62.978390000000005
15873.0 62.97899
15878.9 62.97909000000001
15884.8 62.97829000000001
15890.6 62.976290000000006
15896.5 62.97279
15902.3 62.96779000000001
15908.2 62.96119000000001
15914.1 62.952690000000004
15919.9 62.94249000000001
15925.8 62.93059
15931.6 62.920590000000004
15937.5 62.90639000000001
15943.4 62.89059
15949.2 62.873490000000004
15955.1 62.85519000000001
15960.9 62.83579
15966.8 62.815690000000004
15972.7 62.794990000000006
15978.5 62.773990000000005
15984.4 62.752790000000005
15990.2 62.731790000000004
15996.1 62.711090000000006
16002.0 62.69089
16007.8 62.67159000000001
16013.7 62.653090000000006
16019.5 62.63579000000001
16025.4 62.619690000000006
16031.2 62.60499000000001
16037.1 62.59169000000001
16043.0 62.57979
16048.8 62.56949000000001
16054.7 62.56069000000001
16060.5 62.553290000000004
16066.4 62.54739000000001
16072.3 62.542790000000004
16078.1 62.539390000000004
16084.0 62.53719
16089.8 62.53589000000001
16095.7 62.535590000000006
16101.6 62.535990000000005
16107.4 62.53699
16113.3 62.53849
16119.1 62.540290000000006
16125.0 62.54229000000001
16130.9 62.54449
16136.7 62.546690000000005
16142.6 62.548790000000004
16148.4 62.55069
16154.3 62.55259000000001
16160.2 62.554190000000006
16166.0 62.55559
16171.9 62.55679000000001
16177.7 62.55789000000001
16183.6 62.55879000000001
16189.5 62.55969
16195.3 62.56049000000001
16201.2 62.561490000000006
16207.0 62.56259000000001
16212.9 62.56389000000001
16218.8 62.56559000000001
16224.6 62.567690000000006
16230.5 62.57039
16236.3 62.57359
16242.2 62.57759000000001
16248.0 62.58229000000001
16253.9 62.587790000000005
16259.8 62.594190000000005
16265.6 62.60159000000001
16271.5 62.60989000000001
16277.3 62.61929000000001
16283.2 62.62959000000001
16289.1 62.64099
16294.9 62.653290000000005
16300.8 62.66659000000001
16306.6 62.68079000000001
16312.5 62.695890000000006
16318.4 62.71179000000001
16324.2 62.72849000000001
16330.1 62.74579000000001
16335.9 62.763690000000004
16341.8 62.78199000000001
16347.7 62.80069
16353.5 62.81969000000001
16359.4 62.83869000000001
16365.2 62.85779000000001
16371.1 62.87669
16377.0 62.89529
16382.8 62.91349
16388.7 62.93119000000001
16394.5 62.94809000000001
16400.4 62.964290000000005
16406.2 62.97939
16412.1 62.99349000000001
16418.0 63.00629000000001
16423.8 63.017790000000005
16429.7 63.02779
16435.5 63.03629000000001
16441.4 63.04319
16447.3 63.04829000000001
16453.1 63.051790000000004
16459.0 63.05339000000001
16464.8 63.053290000000004
16470.7 63.051390000000005
16476.6 63.047790000000006
16482.4 63.042390000000005
16488.3 63.03529
16494.1 63.02669000000001
16500.0 63.01659000000001
16505.9 63.005190000000006
16511.7 62.99259000000001
16517.6 62.97889000000001
16523.4 62.96439000000001
16529.3 62.949090000000005
16535.2 62.93329000000001
16541.0 62.91729000000001
16546.9 62.90109
16552.7 62.88499000000001
16558.6 62.86919
16564.5 62.85389000000001
16570.3 62.83919000000001
16576.2 62.825390000000006
16582.0 62.812490000000004
16587.9 62.800790000000006
16593.8 62.79019
16599.6 62.78099
16605.5 62.77299000000001
16611.3 62.766290000000005
16617.2 62.76099000000001
16623.0 62.75679
16628.9 62.75379
16634.8 62.75189
16640.6 62.750690000000006
16646.5 62.75029000000001
16652.3 62.75019
16658.2 62.75039
16664.1 62.75039
16669.9 62.75009000000001
16675.8 62.74909
16681.6 62.74709000000001
16687.5 62.74389000000001
16693.4 62.73899000000001
16699.2 62.73209000000001
16705.1 62.723090000000006
16710.9 62.711490000000005
16716.8 62.697190000000006
16722.7 62.679990000000004
16728.5 62.65959000000001
16734.4 62.63589
16740.2 62.60869
16746.1 62.57809
16752.0 62.544090000000004
16757.8 62.50649000000001
16763.7 62.465590000000006
16769.5 62.421490000000006
16775.4 62.37429000000001
16781.2 62.324290000000005
16787.1 62.27179
16793.0 62.21699
16798.8 62.16029
16804.7 62.10219000000001
16810.5 62.04299
16816.4 61.98319000000001
16822.3 61.923190000000005
16828.1 61.863490000000006
16834.0 61.804390000000005
16839.8 61.74649000000001
16845.7 61.69019000000001
16851.6 61.63579000000001
16857.4 61.58359000000001
16863.3 61.53399
16869.1 61.48729000000001
16875.0 61.443490000000004
16880.9 61.40299
16886.7 61.36569000000001
16892.6 61.331590000000006
16898.4 61.300790000000006
16904.3 61.27309
16910.2 61.248290000000004
16916.0 61.22619
16921.9 61.206590000000006
16927.7 61.188990000000004
16933.6 61.173190000000005
16939.5 61.15879
16945.3 61.14529
16951.2 61.13219000000001
16957.0 61.11919
16962.9 61.105790000000006
16968.8 61.091390000000004
16974.6 61.075790000000005
16980.5 61.058490000000006
16986.3 61.039190000000005
16992.2 61.017390000000006
16998.0 60.99289
17003.9 60.96549
17009.8 60.93489
17015.6 60.90099000000001
17021.5 60.863690000000005
17027.3 60.82309000000001
17033.2 60.77899000000001
17039.1 60.73149000000001
17044.9 60.68079000000001
17050.8 60.626990000000006
17056.6 60.57029000000001
17062.5 60.51099000000001
17068.4 60.449290000000005
17074.2 60.38559000000001
17080.1 60.32009000000001
17085.9 60.253190000000004
17091.8 60.18529000000001
17097.7 60.116690000000006
17103.5 60.047790000000006
17109.4 59.97899
17115.2 59.91069
17121.1 59.84319000000001
17127.0 59.776790000000005
17132.8 59.711890000000004
17138.7 59.648790000000005
17144.5 59.587590000000006
17150.4 59.528690000000005
17156.2 59.472190000000005
17162.1 59.41819
17168.0 59.36699000000001
17173.8 59.318490000000004
17179.7 59.27279000000001
17185.5 59.22979000000001
17191.4 59.18959
17197.3 59.151990000000005
17203.1 59.116890000000005
17209.0 59.08419000000001
17214.8 59.05359000000001
17220.7 59.024890000000006
17226.6 58.997890000000005
17232.4 58.97229000000001
17238.3 58.947790000000005
17244.1 58.92419
17250.0 58.90099000000001
17255.9 58.87789000000001
17261.7 58.85479000000001
17267.6 58.83109
17273.4 58.80679000000001
17279.3 58.781290000000006
17285.2 58.75459000000001
17291.0 58.72619
17296.9 58.696090000000005
17302.7 58.663990000000005
17308.6 58.62979000000001
17314.5 58.59329
17320.3 58.55449000000001
17326.2 58.513290000000005
17332.0 58.46979
17337.9 58.42399
17343.8 58.376090000000005
17349.6 58.325990000000004
17355.5 58.274190000000004
17361.3 58.220690000000005
17367.2 58.165890000000005
17373.0 58.10999
17378.9 58.053490000000004
17384.8 57.996590000000005
17390.6 57.93979000000001
17396.5 57.88349000000001
17402.3 57.82799000000001
17408.2 57.773790000000005
17414.1 57.72129
17419.9 57.67069000000001
17425.8 57.62259
17431.6 57.577090000000005
17437.5 57.534490000000005
17443.4 57.495090000000005
17449.2 57.45909
17455.1 57.42649000000001
17460.9 57.397290000000005
17466.8 57.37169000000001
17472.7 57.34949
17478.5 57.330490000000005
17484.4 57.314690000000006
17490.2 57.301790000000004
17496.1 57.29149
17502.0 57.28349000000001
17507.8 57.277390000000004
17513.7 57.272890000000004
17519.5 57.26959000000001
17525.4 57.26699000000001
17531.2 57.264790000000005
17537.1 57.26259
17543.0 57.260090000000005
17548.8 57.251990000000006
17554.7 57.246590000000005
17560.5 57.239990000000006
17566.4 57.23189000000001
17572.3 57.222190000000005
17578.1 57.210890000000006
17584.0 57.19789000000001
17589.8 57.18319
17595.7 57.166790000000006
17601.6 57.148990000000005
17607.4 57.13669000000001
17613.3 57.117490000000004
17619.1 57.097390000000004
17625.0 57.07659
17630.9 57.05529000000001
17636.7 57.03389000000001
17642.6 57.012690000000006
17648.4 56.99179000000001
17654.3 56.971790000000006
17660.2 56.95279000000001
17666.0 56.93509
17671.9 56.91899000000001
17677.7 56.90469
17683.6 56.89249
17689.5 56.882490000000004
17695.3 56.874990000000004
17701.2 56.869890000000005
17707.0 56.86739000000001
17712.9 56.867490000000004
17718.8 56.87019000000001
17724.6 56.875490000000006
17730.5 56.88329
17736.3 56.89349000000001
17742.2 56.90589000000001
17748.0 56.920390000000005
17753.9 56.936690000000006
17759.8 56.95469000000001
17765.6 56.97419000000001
17771.5 56.99479000000001
17777.3 57.01639000000001
17783.2 57.038590000000006
17789.1 57.06119
17794.9 57.08399000000001
17800.8 57.106590000000004
17806.6 57.12879
17812.5 57.15039000000001
17818.4 57.17109000000001
17824.2 57.190690000000004
17830.1 57.20899000000001
17835.9 57.22589000000001
17841.8 57.240990000000004
17847.7 57.25439000000001
17853.5 57.26579
17859.4 57.275290000000005
17865.2 57.282590000000006
17871.1 57.287890000000004
17877.0 57.29099000000001
17882.8 57.291990000000006
17888.7 57.29099000000001
17894.5 57.288090000000004
17900.4 57.283390000000004
17906.2 57.276990000000005
17912.1 57.26919000000001
17918.0 57.260090000000005
17923.8 57.25009000000001
17929.7 57.239290000000004
17935.5 57.22809000000001
17941.4 57.21689000000001
17947.3 57.205890000000004
17953.1 57.19559
17959.0 57.18609000000001
17964.8 57.17799000000001
17970.7 57.17159000000001
17976.6 57.167190000000005
17982.4 57.16499
17988.3 57.165490000000005
17994.1 57.168890000000005
18000.0 57.17539000000001
18005.9 57.185190000000006
18011.7 57.19839
18017.6 57.21529
18023.4 57.23579000000001
18029.3 57.259890000000006
18035.2 57.287690000000005
18041.0 57.31909
18046.9 57.353790000000004
18052.7 57.391690000000004
18058.6 57.43269000000001
18064.5 57.476290000000006
18070.3 57.52239000000001
18076.2 57.57059
18082.0 57.62039000000001
18087.9 57.671690000000005
18093.8 57.72379000000001
18099.6 57.776590000000006
18105.5 57.829390000000004
18111.3 57.882090000000005
18117.2 57.934090000000005
18123.0 57.98519
18128.9 58.035090000000004
18134.8 58.08339000000001
18140.6 58.12979000000001
18146.5 58.174290000000006
18152.3 58.21649000000001
18158.2 58.25649000000001
18164.1 58.294090000000004
18169.9 58.329190000000004
18175.8 58.36189
18181.6 58.392390000000006
18187.5 58.42049000000001
18193.4 58.446690000000004
18199.2 58.470890000000004
18205.1 58.49349000000001
18210.9 58.51469000000001
18216.8 58.534690000000005
18222.7 58.553990000000006
18228.5 58.57269000000001
18234.4 58.59129000000001
18240.2 58.60999
18246.1 58.629090000000005
18252.0 58.64889000000001
18257.8 58.669790000000006
18263.7 58.691990000000004
18269.5 58.715590000000006
18275.4 58.740990000000004
18281.2 58.768190000000004
18287.1 58.79739000000001
18293.0 58.82869000000001
18298.8 58.86209000000001
18304.7 58.89759000000001
18310.5 58.935190000000006
18316.4 58.97469
18322.3 59.016090000000005
18328.1 59.05919000000001
18334.0 59.10369000000001
18339.8 59.14949000000001
18345.7 59.196290000000005
18351.6 59.24389000000001
18357.4 59.291790000000006
18363.3 59.33979000000001
18369.1 59.38749000000001
18375.0 59.43469
18380.9 59.480990000000006
18386.7 59.52599000000001
18392.6 59.569590000000005
18398.4 59.611290000000004
18404.3 59.65099000000001
18410.2 59.688390000000005
18416.0 59.72319
18421.9 59.75549000000001
18427.7 59.784890000000004
18433.6 59.81139
18439.5 59.834990000000005
18445.3 59.85559000000001
18451.2 59.873290000000004
18457.0 59.88819000000001
18462.9 59.900290000000005
18468.8 59.909890000000004
18474.6 59.91709000000001
18480.5 59.92219000000001
18486.3 59.925290000000004
18492.2 59.92689000000001
18498.0 59.927290000000006
18503.9 59.926590000000004
18509.8 59.92539000000001
18515.6 59.92399
18521.5 59.92269
18527.3 59.92179000000001
18533.2 59.921690000000005
18539.1 59.922790000000006
18544.9 59.92519000000001
18550.8 59.92929000000001
18556.6 59.93529000000001
18562.5 59.94339000000001
18568.4 59.95369000000001
18574.2 59.96629000000001
18580.1 59.981190000000005
18585.9 59.998490000000004
18591.8 60.01809000000001
18597.7 60.03989000000001
18603.5 60.06369000000001
18609.4 60.089290000000005
18615.2 60.11659
18621.1 60.14509
18627.0 60.17459000000001
18632.8 60.20469000000001
18638.7 60.23509000000001
18644.5 60.265390000000004
18650.4 60.29529000000001
18656.2 60.32419000000001
18662.1 60.351890000000004
18668.0 60.377990000000004
18673.8 60.402190000000004
18679.7 60.42419
18685.5 60.44359000000001
18691.4 60.460390000000004
18697.3 60.47419000000001
18703.1 60.48509000000001
18709.0 60.49289
18714.8 60.49759
18720.7 60.499190000000006
18726.6 60.497890000000005
18732.4 60.49369000000001
18738.3 60.486990000000006
18744.1 60.47789
18750.0 60.46669000000001
18755.9 60.45369000000001
18761.7 60.43939
18767.6 60.42399
18773.4 60.407990000000005
18779.3 60.391690000000004
18785.2 60.37559
18791.0 60.35999
18796.9 60.34539000000001
18802.7 60.331990000000005
18808.6 60.320190000000004
18814.5 60.31029000000001
18820.3 60.302490000000006
18826.2 60.29699000000001
18832.0 60.29399000000001
18837.9 60.29339
18843.8 60.29549000000001
18849.6 60.300090000000004
18855.5 60.30729000000001
18861.3 60.31669000000001
18867.2 60.328390000000006
18873.0 60.34199
18878.9 60.357290000000006
18884.8 60.373990000000006
18890.6 60.39179000000001
18896.5 60.41019000000001
18902.3 60.428990000000006
18908.2 60.447790000000005
18914.1 60.46609000000001
18919.9 60.48349
18925.8 60.499790000000004
18931.6 60.514590000000005
18937.5 60.527590000000004
18943.4 60.53839000000001
18949.2 60.546890000000005
18955.1 60.552890000000005
18960.9 60.556290000000004
18966.8 60.55689
18972.7 60.554790000000004
18978.5 60.549890000000005
18984.4 60.54229000000001
18990.2 60.53229
18996.1 60.519890000000004
19002.0 60.505390000000006
19007.8 60.489090000000004
19013.7 60.47139000000001
19019.5 60.45239000000001
19025.4 60.43269000000001
19031.2 60.412490000000005
19037.1 60.39229
19043.0 60.372490000000006
19048.8 60.353390000000005
19054.7 60.335390000000004
19060.5 60.31889
19066.4 60.30409
19072.3 60.291290000000004
19078.1 60.28079
19084.0 60.272690000000004
19089.8 60.26719000000001
19095.7 60.26429
19101.6 60.26399000000001
19107.4 60.26639000000001
19113.3 60.27129000000001
19119.1 60.278490000000005
19125.0 60.287890000000004
19130.9 60.29919
19136.7 60.312090000000005
19142.6 60.32629000000001
19148.4 60.341390000000004
19154.3 60.35689000000001
19160.2 60.372490000000006
19166.0 60.38779
19171.9 60.402190000000004
19177.7 60.415290000000006
19183.6 60.426790000000004
19189.5 60.43609000000001
19195.3 60.44299000000001
19201.2 60.44699000000001
19207.0 60.44789000000001
19212.9 60.44539
19218.8 60.42609000000001
19224.6 60.41409000000001
19230.5 60.398390000000006
19236.3 60.37899000000001
19242.2 60.355990000000006
19248.0 60.329390000000004
19253.9 60.29959000000001
19259.8 60.266890000000004
19265.6 60.231390000000005
19271.5 60.193690000000004
19277.3 60.15419000000001
19283.2 60.13089000000001
19289.1 60.090790000000005
19294.9 60.050290000000004
19300.8 60.009890000000006
19306.6 59.970090000000006
19312.5 59.931490000000004
19318.4 59.89459000000001
19324.2 59.85989000000001
19330.1 59.82779000000001
19335.9 59.79889000000001
19341.8 59.77349
19347.7 59.75189
19353.5 59.734390000000005
19359.4 59.72129
19365.2 59.712590000000006
19371.1 59.70839000000001
19377.0 59.70879000000001
19382.8 59.71359
19388.7 59.72269000000001
19394.5 59.735890000000005
19400.4 59.752790000000005
19406.2 59.77299000000001
19412.1 59.79619
19418.0 59.82189
19423.8 59.84939000000001
19429.7 59.87829000000001
19435.5 59.907790000000006
19441.4 59.937290000000004
19447.3 59.96609000000001
19453.1 59.99369000000001
19459.0 60.01919000000001
19464.8 60.04209000000001
19470.7 60.061690000000006
19476.6 60.07739000000001
19482.4 60.088890000000006
19488.3 60.095490000000005
19494.1 60.096990000000005
19500.0 60.09299000000001
19505.9 60.083290000000005
19511.7 60.06799000000001
19517.6 60.046890000000005
19523.4 60.02029
19529.3 59.988290000000006
19535.2 59.95129000000001
19541.0 59.909890000000004
19546.9 59.86459000000001
19552.7 59.81609
19558.6 59.76509000000001
19564.5 59.71249
19570.3 59.659290000000006
19576.2 59.60629000000001
19582.0 59.554590000000005
19587.9 59.50509
19593.8 59.458690000000004
19599.6 59.41639000000001
19605.5 59.378890000000006
19611.3 59.34709000000001
19617.2 59.321490000000004
19623.0 59.302690000000005
19628.9 59.291090000000004
19634.8 59.287090000000006
19640.6 59.29079000000001
19646.5 59.302290000000006
19652.3 59.32139000000001
19658.2 59.34799
19664.1 59.381690000000006
19669.9 59.421890000000005
19675.8 59.46799000000001
19681.6 59.51939000000001
19687.5 59.57499000000001
19693.4 59.633990000000004
19699.2 59.69509000000001
19705.1 59.75739000000001
19710.9 59.81949000000001
19716.8 59.88009
19722.7 59.937990000000006
19728.5 59.99199000000001
19734.4 60.04059000000001
19740.2 60.08269000000001
19746.1 60.117290000000004
19752.0 60.14309000000001
19757.8 60.15939000000001
19763.7 60.16519
19769.5 60.159890000000004
19775.4 60.14309000000001
19781.2 60.11439000000001
19787.1 60.07359
19793.0 60.02089000000001
19798.8 59.95649
19804.7 59.881190000000004
19810.5 59.795790000000004
19816.4 59.701690000000006
19822.3 59.60079
19828.1 59.495490000000004
19834.0 59.388490000000004
19839.8 59.28329000000001
19845.7 59.183690000000006
19851.6 59.09339000000001
19857.4 59.01659000000001
19863.3 58.956990000000005
19869.1 58.91789000000001
19875.0 58.902190000000004
19880.9 58.912090000000006
19886.7 58.94939000000001
19892.6 59.01529000000001
19898.4 59.110490000000006
19904.3 59.23519
19910.2 59.38969000000001
19916.0 59.57359
19921.9 59.786590000000004
19927.7 60.02799
19933.6 60.296890000000005
19939.5 60.592490000000005
19945.3 60.91349
19951.2 61.258590000000005
19957.0 61.625890000000005
19962.9 62.013690000000004
19968.8 62.419290000000004
19974.6 62.839890000000004
19980.5 63.272290000000005
19986.3 63.712590000000006
19992.2 64.15689
19998.0 64.60079
