20.0 69.600388
20.290899 69.805389
20.586 70.01239
20.8855 70.218384
21.189301 70.422386
21.497499 70.618385
21.8102 70.80439
22.127399 70.975388
22.4492 71.131386
22.775801 71.270386
23.1071 71.395386
23.443199 71.514389
23.7841 71.632385
24.1301 71.758385
24.4811 71.897385
24.8372 72.049385
25.1984 72.213387
25.564899 72.385384
25.9368 72.560387
26.3141 72.733383
26.6968 72.905388
27.0851 73.074387
27.479099 73.242386
27.878799 73.411385
28.2843 73.58239
28.6957 73.756386
29.1131 73.932388
29.536501 74.11039
29.966101 74.291389
30.402 74.474388
30.8442 74.666389
31.2929 74.861389
31.748 75.058388
32.209801 75.257385
32.678299 75.464386
33.153599 75.672386
33.635899 75.879387
34.125099 76.087387
34.621498 76.29039
35.125 76.490387
35.635899 76.678391
36.154301 76.86039
36.680199 77.04039
37.213699 77.222389
37.755 77.411392
38.3041 77.605385
38.861301 77.806389
39.426498 78.007385
40.0 78.209389
40.581799 78.410385
41.1721 78.611389
41.771 78.815392
42.378502 79.021385
42.9949 79.229385
43.6203 79.437386
44.254799 79.645386
44.898499 79.853386
45.551498 80.062386
46.2141 80.271385
46.886299 80.480385
47.568298 80.689392
48.260201 80.898392
48.962101 81.108391
49.674301 81.31739
50.396801 81.50942389595457
51.129902 81.70020885395898
51.8736 81.88974596794323
52.628101 82.09102240051294
53.3936 82.2640485725812
54.1702 82.45181306545085
54.958099 82.64031222958745
55.7575 82.82954029804418
56.568501 83.01749696953628
57.391399 83.20417426976219
58.226101 83.39056738259413
59.073 83.57168407941077
59.932301 83.74750454630025
60.804 83.91603787719257
61.6884 84.07226395689113
62.585701 84.21519508889658
63.496 84.33982299540666
64.419601 84.44913053774236
65.356598 84.54413250854891
66.307297 84.62380472218229
67.271698 84.69115417864246
68.250198 84.75117755537818
69.242897 84.81487150413969
70.250099 84.88221588624796
71.271896 84.95622154131328
72.308601 85.03488111931408
73.360298 85.11617964772063
74.427399 85.19812345174417
75.509903 85.28370355486722
76.608299 85.37090947414876
77.722603 85.46074783386884
78.853104 85.55019884758583
80.0 85.63726486576536
81.163597 85.72094070276334
82.3442 85.80221819641822
83.541901 85.87908918634027
84.757 85.95156162778039
85.989899 86.01661108077485
87.240601 86.07523947487613
88.509598 86.13043925669571
89.797 86.17821084315895
91.103104 86.21253525996428
92.4282 86.24742069718755
93.772598 86.28584987525471
95.136597 86.31682377289918
96.520401 86.34532559969159
97.924301 86.3673585222253
99.348602 86.38591437833878
100.794 86.40096882421413
102.26 86.41254848368733
103.747 86.42162901072462
105.256 86.42719392282905
106.787 86.42623822000058
108.34 86.41677090223925
109.916 86.3947614870481
111.515 86.35621397442712
113.137 86.28812636437635
114.783 86.1804741743988
116.452 86.0382848869914
118.146 85.88449953716031
119.865 85.7451341249055
121.608 85.63820213272393
123.377 85.56166559562168
125.171 85.50753699609571
126.992 85.46777336915213
128.839 85.43940119728788
130.713 85.41339999800601
132.615 85.37973028880961
134.543 85.30946203469252
136.5 85.1795067881639
138.486 85.0088705492238
140.5 84.80657780036911
142.544 84.62057957660598
144.617 84.48289536043133
146.721 84.37848818685126
148.855 84.29437953836275
151.02 84.2265419324688
153.217 84.16694788667252
155.445 84.12363088347082
157.706 84.08453695786982
160.0 84.03466610986949
162.327 83.98002233946988
164.688 83.936581164174
167.084 83.89431710148493
169.514 83.86225663389959
171.98 83.8423427964241
174.481 83.7876180715554
177.019 83.6600194942996
179.594 83.4815480646567
182.206 83.2652127826267
184.856 83.05198316571266
187.545 82.8708427314176
190.273 82.70878247974156
193.041 82.59477992818756
195.849 82.5178390767556
198.697 82.47096492544571
201.587 82.43709750926398
204.52 82.40022834571346
207.494 82.36138939978802
210.512 82.36251822399684
213.574 82.38861481833993
216.681 82.37265370032033
219.833 82.29064086993804
223.03 82.15356332719305
226.274 81.96938410709147
229.565 81.7851092096333
232.905 81.63567066982465
236.292 81.54614145265941
239.729 81.55242911064674
243.216 81.58554364378662
246.754 81.58346456958213
250.343 81.54518288803325
253.984 81.44068611664304
257.678 81.33294577291456
261.426 81.32092937435083
265.229 81.34362543845494
269.087 81.34102696522686
273.001 81.32412147216964
276.972 81.28887147678637
281.0 81.18728697907702
285.088 81.04928353155074
289.234 80.85492509920142
293.441 80.49013523453826
297.709 80.18991493756121
302.04 80.16721424327639
306.433 80.23205563418077
310.89 80.15439414528042
315.412 79.9062002940784
320.0 79.52846659807778
324.655 79.1121555747816
329.377 78.87026722418983
334.168 78.84576758130864
339.028 78.91763964613796
343.959 79.04184545368392
348.962 79.12436752144959
354.038 79.043172366938
359.188 78.66323450765219
364.412 78.1345639435922
369.713 77.78908222726714
375.09 77.705815841174
380.546 77.7196943378219
386.081 77.75571871721085
391.697 77.63984001434696
397.394 77.44106522923023
403.175 77.3823089143698
409.039 77.35360855226264
414.989 77.32288869541789
421.025 77.17715034383554
427.149 76.94733753252171
433.362 76.75244477897945
439.665 76.68943360071181
446.06 76.58926603272488
452.548 76.44290859252173
459.131 76.31432431510845
465.809 76.13350620048504
472.584 75.92941428365761
479.458 75.76999459963224
486.432 75.63122866591203
493.507 75.45209
503.906 75.45209
509.766 75.34979000000001
515.625 75.24359000000001
521.484 75.13359
527.344 75.01969
533.203 74.90219
539.062 74.78119000000001
544.922 74.65719000000001
550.781 74.53059
556.641 74.40179
562.5 74.27139
568.359 74.14019
574.219 74.00879
580.078 73.87809000000001
585.938 73.74869000000001
591.797 73.62149000000001
597.656 73.49729
603.516 73.37689
609.375 73.26109
615.234 73.15049
621.094 73.04579000000001
626.953 72.94739000000001
632.812 72.85579000000001
638.672 72.77129000000001
644.531 72.69389000000001
650.391 72.62379000000001
656.25 72.56059
662.109 72.50419000000001
667.969 72.45419000000001
673.828 72.40979000000002
679.688 72.37049
685.547 72.33539
691.406 72.30379
697.266 72.27449000000001
703.125 72.24679
708.984 72.21939
714.844 72.19159
720.703 72.16219000000001
726.562 72.13019
732.422 72.09489
738.281 72.05529000000001
744.141 72.01069000000001
750.0 71.96029000000001
755.859 71.90359000000001
761.719 71.83999
767.578 71.76929000000001
773.438 71.69099
779.297 71.60509
785.156 71.51149000000001
791.016 71.41029
796.875 71.30169000000001
802.734 71.18609000000001
808.594 71.06399
814.453 70.93609000000001
820.312 70.80329
826.172 70.66659000000001
832.031 70.52699000000001
837.891 70.31599
843.75 70.24669
849.609 70.10849
855.469 69.97399000000001
861.328 69.84549000000001
867.188 69.72489000000002
873.047 69.61439000000001
878.906 69.51629
884.766 69.43269000000001
890.625 69.36539
896.484 69.31629000000001
902.344 69.28679
908.203 69.27759
914.062 69.28949
919.922 69.32219
925.781 69.37529
931.641 69.44769000000001
937.5 69.53789
943.359 69.64409
949.219 69.76399
955.078 69.89539
960.938 70.03579
966.797 70.18289000000001
972.656 70.33419
978.516 70.48739
984.375 70.64059
990.234 70.79179
996.094 70.93939
1001.95 71.08189000000002
1007.81 71.21809
1013.67 71.34699
1019.53 71.46779000000001
1025.39 71.57969
1031.25 71.68249
1037.11 71.77559000000001
1042.97 71.85899
1048.83 71.93259
1054.69 71.99649000000001
1060.55 72.05089000000001
1066.41 72.09589
1072.27 72.13199
1078.12 72.15949
1083.98 72.17879
1089.84 72.19039000000001
1095.7 72.19479000000001
1101.56 72.19249
1107.42 72.18409
1113.28 72.16999000000001
1119.14 72.15089
1125.0 72.12699
1130.86 72.09899000000001
1136.72 72.06709000000001
1142.58 72.03179
1148.44 71.99349000000001
1154.3 71.95219
1160.16 71.90829000000001
1166.02 71.86189
1171.88 71.81299000000001
1177.73 71.76169000000002
1183.59 71.70799
1189.45 71.65169
1195.31 71.59269
1201.17 71.53089
1207.03 71.46609000000001
1212.89 71.39799000000001
1218.75 71.32649
1224.61 71.25139000000001
1230.47 71.17249000000001
1236.33 71.08969
1242.19 71.00299000000001
1248.05 70.91229000000001
1253.91 70.81779
1259.77 70.71949000000001
1265.62 70.61799
1271.48 70.51339000000002
1277.34 70.40659000000001
1283.2 70.29799
1289.06 70.18859
1294.92 70.07939
1300.78 69.97139000000001
1306.64 69.86589000000001
1312.5 69.76419000000001
1318.36 69.66759
1324.22 69.57759000000001
1330.08 69.49549
1335.94 69.42259000000001
1341.8 69.36019
1347.66 69.30909
1353.52 69.27029
1359.38 69.24419
1365.23 69.23109000000001
1371.09 69.23089
1376.95 69.24329
1382.81 69.26759000000001
1388.67 69.30289
1394.53 69.34799000000001
1400.39 69.40179
1406.25 69.46269000000001
1412.11 69.52929
1417.97 69.60009000000001
1423.83 69.67349000000002
1429.69 69.74799000000002
1435.55 69.82239000000001
1441.41 69.89529
1447.27 69.96559
1453.12 70.03239
1458.98 70.09459000000001
1464.84 70.15169
1470.7 70.20309
1476.56 70.24849
1482.42 70.28769
1488.28 70.32059000000001
1494.14 70.34739
1500.0 70.36849000000001
1505.86 70.38419
1511.72 70.39529
1517.58 70.40239
1523.44 70.40659000000001
1529.3 70.40889000000001
1535.16 70.41029
1541.02 70.41209
1546.88 70.41549
1552.73 70.42159000000001
1558.59 70.43179
1564.45 70.44689
1570.31 70.46809
1576.17 70.49619000000001
1582.03 70.53169
1587.89 70.57519
1593.75 70.62669
1599.61 70.68629000000001
1605.47 70.75379000000001
1611.33 70.82879
1617.19 70.91049000000001
1623.05 70.99839
1628.91 71.09149000000001
1634.77 71.18909000000001
1640.62 71.28999
1646.48 71.39339000000001
1652.34 71.49829
1658.2 71.60389
1664.06 71.70929000000001
1669.92 71.81379000000001
1675.78 71.91669
1681.64 72.01739
1687.5 72.11549000000001
1693.36 72.21039
1699.22 72.30189000000001
1705.08 72.38969
1710.94 72.47379000000001
1716.8 72.55399
1722.66 72.63029
1728.52 72.70269
1734.38 72.77149
1740.23 72.83679000000001
1746.09 72.89869000000002
1751.95 72.95759000000001
1757.81 73.01379
1763.67 73.06749
1769.53 73.11909
1775.39 73.16889
1781.25 73.21729
1787.11 73.26449000000001
1792.97 73.31079
1798.83 73.35639
1804.69 73.40169
1810.55 73.44669
1816.41 73.49159
1822.27 73.53649000000001
1828.12 73.58139
1833.98 73.62629000000001
1839.84 73.67109
1845.7 73.71579
1851.56 73.76019000000001
1857.42 73.80419
1863.28 73.84759
1869.14 73.89019
1875.0 73.93179
1880.86 73.97219000000001
1886.72 74.01129
1892.58 74.04879
1898.44 74.08449
1904.3 74.11829
1910.16 74.14999
1916.02 74.17959
1921.88 74.20689000000002
1927.73 74.23169000000001
1933.59 74.25409
1939.45 74.27389000000001
1945.31 74.29119
1951.17 74.30589
1957.03 74.31799000000001
1962.89 74.32739000000001
1968.75 74.33419
1974.61 74.33849000000001
1980.47 74.34009
1986.33 74.33909
1992.19 74.33559
1998.05 74.32949
2003.91 74.32079
2009.77 74.30949000000001
2015.62 74.29569000000001
2021.48 74.27909
2027.34 74.25989000000001
2033.2 74.23779
2039.06 74.21299
2044.92 74.18519
2050.78 74.15429
2056.64 74.12029000000001
2062.5 74.08309
2068.36 74.04239000000001
2074.22 73.99829
2080.08 73.95049
2085.94 73.89889000000001
2091.8 73.84349
2097.66 73.78409
2103.52 73.72079000000001
2109.38 73.65329
2115.23 73.58179000000001
2121.09 73.50629
2126.95 73.42669000000001
2132.81 73.34329
2138.67 73.25599
2144.53 73.16529
2150.39 73.07119
2156.25 72.97409
2162.11 72.87439
2167.97 72.77239
2173.83 72.66869
2179.69 72.56369000000001
2185.55 72.45819
2191.41 72.35259
2197.27 72.24769
2203.12 72.14429000000001
2208.98 72.04309
2214.84 71.94489000000002
2220.7 71.85049000000001
2226.56 71.76059000000001
2232.42 71.67599000000001
2238.28 71.59749000000001
2244.14 71.52549
2250.0 71.46069
2255.86 71.40359000000001
2261.72 71.35429
2267.58 71.31309
2273.44 71.27999
2279.3 71.25489
2285.16 71.23759000000001
2291.02 71.22759
2296.88 71.22459
2302.73 71.22789
2308.59 71.23679000000001
2314.45 71.25059
2320.31 71.26859
2326.17 71.28989000000001
2332.03 71.31379000000001
2337.89 71.33959000000002
2343.75 71.36649
2349.61 71.39379
2355.47 71.42089000000001
2361.33 71.44719
2367.19 71.47239
2373.05 71.49579
2378.91 71.51729
2384.77 71.53639000000001
2390.62 71.55289
2396.48 71.56669000000001
2402.34 71.57759000000001
2408.2 71.58549000000001
2414.06 71.59039000000001
2419.92 71.59209000000001
2425.78 71.59079
2431.64 71.58649
2437.5 71.57909000000001
2443.36 71.56859
2449.22 71.55529000000001
2455.08 71.53899000000001
2460.94 71.51979
2466.8 71.49769
2472.66 71.47279
2478.52 71.44509000000001
2484.38 71.41459
2490.23 71.38129
2496.09 71.34519
2501.95 71.30639000000001
2507.81 71.24209
2513.67 71.19629
2519.53 71.17139
2525.39 71.12159
2531.25 71.06909
2537.11 71.01409000000001
2542.97 70.95659
2548.83 70.89679000000001
2554.69 70.83479
2560.55 70.77089000000001
2566.41 70.70529
2572.27 70.63829000000001
2578.12 70.57009000000001
2583.98 70.50119000000001
2589.84 70.43189000000001
2595.7 70.36259000000001
2601.56 70.29369
2607.42 70.22569000000001
2613.28 70.15909
2619.14 70.09429
2625.0 70.03169
2630.86 69.97179
2636.72 69.91479000000001
2642.58 69.86119000000001
2648.44 69.81119000000001
2654.3 69.76509000000001
2660.16 69.72289
2666.02 69.68479
2671.88 69.65079
2677.73 69.62079
2683.59 69.59459000000001
2689.45 69.57209
2695.31 69.55289
2701.17 69.53679
2707.03 69.52329
2712.89 69.51209
2718.75 69.50279
2724.61 69.49479000000001
2730.47 69.48779
2736.33 69.48119
2742.19 69.47469000000001
2748.05 69.46789000000001
2753.91 69.46029000000001
2759.77 69.45159000000001
2765.62 69.44139000000001
2771.48 69.42949000000002
2777.34 69.41559000000001
2783.2 69.39959
2789.06 69.38109
2794.92 69.36019
2800.78 69.33669
2806.64 69.31049000000002
2812.5 69.28169
2818.36 69.25019
2824.22 69.21599
2830.08 69.17929000000001
2835.94 69.14009000000001
2841.8 69.09849
2847.66 69.05459
2853.52 69.00859
2859.38 68.96049000000001
2865.23 68.91059000000001
2871.09 68.85889
2876.95 68.80559
2882.81 68.75079000000001
2888.67 68.69479000000001
2894.53 68.63749000000001
2900.39 68.57929000000001
2906.25 68.52009000000001
2912.11 68.46029000000001
2917.97 68.39979
2923.83 68.33909
2929.69 68.27809
2935.55 68.21709000000001
2941.41 68.15649
2947.27 68.09639000000001
2953.12 68.03709
2958.98 67.97909000000001
2964.84 67.92259000000001
2970.7 67.86809
2976.56 67.81599
2982.42 67.76669000000001
2988.28 67.72079000000001
2994.14 67.67879
3000.0 67.64109
3005.86 67.60819000000001
3011.72 67.58069
3017.58 67.55889
3023.44 67.54319000000001
3029.3 67.53389000000001
3035.16 67.53129000000001
3041.02 67.53539
3046.88 67.54639
3052.73 67.56399
3058.59 67.58819
3064.45 67.61859000000001
3070.31 67.65479
3076.17 67.69619
3082.03 67.74239
3087.89 67.79259
3093.75 67.84609
3099.61 67.90209000000002
3105.47 67.95989
3111.33 68.01859
3117.19 68.07749000000001
3123.05 68.13579000000001
3128.91 68.19259
3134.77 68.24739
3140.62 68.29949
3146.48 68.34819
3152.34 68.39299
3158.2 68.43339
3164.06 68.46899
3169.92 68.49939
3175.78 68.52429000000001
3181.64 68.54349
3187.5 68.55669
3193.36 68.56389000000001
3199.22 68.56499000000001
3205.08 68.55989
3210.94 68.54869000000001
3216.8 68.53139000000002
3222.66 68.50829
3228.52 68.47939
3234.38 68.44499
3240.23 68.40539000000001
3246.09 68.36069
3251.95 68.31139
3257.81 68.25779
3263.67 68.20019
3269.53 68.13899
3275.39 68.07459
3281.25 68.00749
3287.11 67.93809
3292.97 67.86659
3298.83 67.79369
3304.69 67.71959000000001
3310.55 67.64469
3316.41 67.56939
3322.27 67.49409
3328.12 67.41889
3333.98 67.34419
3339.84 67.27019000000001
3345.7 67.19709
3351.56 67.12509
3357.42 67.05439000000001
3363.28 66.98489000000001
3369.14 66.91679
3375.0 66.85019
3380.86 66.78509
3386.72 66.72139000000001
3392.58 66.65919
3398.44 66.59839000000001
3404.3 66.53909000000002
3410.16 66.48109000000001
3416.02 66.42439
3421.88 66.36909
3427.73 66.31489
3433.59 66.26199
3439.45 66.21019000000001
3445.31 66.15949
3451.17 66.10969
3457.03 66.06089
3462.89 66.01289
3468.75 65.96569
3474.61 65.91919000000001
3480.47 65.87309
3486.33 65.82739000000001
3492.19 65.78179
3498.05 65.73629
3503.91 65.69049000000001
3509.77 65.64429000000001
3515.62 65.59729000000002
3521.48 65.54939
3527.34 65.50009
3533.2 65.44919000000002
3539.06 65.39639
3544.92 65.34139
3550.78 65.28369
3556.64 65.22319
3562.5 65.15959000000001
3568.36 65.09249
3574.22 65.02169
3580.08 64.94709
3585.94 64.86829
3591.8 64.78539
3597.66 64.69819000000001
3603.52 64.60669000000001
3609.38 64.51089
3615.23 64.41089000000001
3621.09 64.30679
3626.95 64.19879
3632.81 64.08719
3638.67 63.972190000000005
3644.53 63.854290000000006
3650.39 63.733790000000006
3656.25 63.61119000000001
3662.11 63.48709000000001
3667.97 63.361990000000006
3673.83 63.23649
3679.69 63.11119000000001
3685.55 62.98689
3691.41 62.86419000000001
3697.27 62.743790000000004
3703.12 62.62639000000001
3708.98 62.51279
3714.84 62.403490000000005
3720.7 62.29909000000001
3726.56 62.20029
3732.42 62.10759000000001
3738.28 62.021190000000004
3744.14 61.941590000000005
3750.0 61.868790000000004
3755.86 61.80299000000001
3761.72 61.743990000000004
3767.58 61.69169000000001
3773.44 61.64569000000001
3779.3 61.60549
3785.16 61.570690000000006
3791.02 61.540490000000005
3796.88 61.51429
3802.73 61.491290000000006
3808.59 61.47079000000001
3814.45 61.451890000000006
3820.31 61.433890000000005
3826.17 61.416090000000004
3832.03 61.397890000000004
3837.89 61.378690000000006
3843.75 61.357890000000005
3849.61 61.335190000000004
3855.47 61.310390000000005
3861.33 61.28309000000001
3867.19 61.25339
3873.05 61.22119000000001
3878.91 61.18659
3884.77 61.14999
3890.62 61.11159000000001
3896.48 61.07179000000001
3902.34 61.031090000000006
3908.2 60.99009000000001
3914.06 60.94939000000001
3919.92 60.90959000000001
3925.78 60.871390000000005
3931.64 60.83559
3937.5 60.80279000000001
3943.36 60.77369000000001
3949.22 60.748990000000006
3955.08 60.72919
3960.94 60.714890000000004
3966.8 60.70649
3972.66 60.70429000000001
3978.52 60.708690000000004
3984.38 60.719590000000004
3990.23 60.73709000000001
3996.09 60.76099000000001
4001.95 60.791090000000004
4007.81 60.827090000000005
4013.67 60.868390000000005
4019.53 60.914590000000004
4025.39 60.96499000000001
4031.25 61.01899
4037.11 61.07589000000001
4042.97 61.134890000000006
4048.83 61.19539
4054.69 61.256690000000006
4060.55 61.318090000000005
4066.41 61.379090000000005
4072.27 61.438990000000004
4078.12 61.49739
4083.98 61.55369
4089.84 61.607690000000005
4095.7 61.65899
4101.56 61.707390000000004
4107.42 61.752590000000005
4113.28 61.79449
4119.14 61.83319000000001
4125.0 61.868590000000005
4130.86 61.900690000000004
4136.72 61.92969000000001
4142.58 61.95579000000001
4148.44 61.97909000000001
4154.3 61.99989000000001
4160.16 62.018390000000004
4166.02 62.03499000000001
4171.88 62.04999000000001
4177.73 62.06989000000001
4183.59 62.08249000000001
4189.45 62.09469000000001
4195.31 62.10069000000001
4201.17 62.11299
4207.03 62.125490000000006
4212.89 62.138490000000004
4218.75 62.152190000000004
4224.61 62.16659000000001
4230.47 62.181990000000006
4236.33 62.19829000000001
4242.19 62.215390000000006
4248.05 62.23339000000001
4253.91 62.251990000000006
4259.77 62.271190000000004
4265.62 62.29059000000001
4271.48 62.31009
4277.34 62.329390000000004
4283.2 62.34819
4289.06 62.36619
4294.92 62.38309
4300.78 62.39869000000001
4306.64 62.41259000000001
4312.5 62.424690000000005
4318.36 62.43479000000001
4324.22 62.44259
4330.08 62.44789000000001
4335.94 62.450790000000005
4341.8 62.450990000000004
4347.66 62.44859
4353.52 62.443490000000004
4359.38 62.435790000000004
4365.23 62.42559000000001
4371.09 62.412890000000004
4376.95 62.39799000000001
4382.81 62.38109000000001
4388.67 62.36229000000001
4394.53 62.34199
4400.39 62.32049000000001
4406.25 62.29829000000001
4412.11 62.27559000000001
4417.97 62.252790000000005
4423.83 62.23059000000001
4429.69 62.20919000000001
4435.55 62.18919
4441.41 62.17089000000001
4447.27 62.154790000000006
4453.12 62.141290000000005
4458.98 62.13069000000001
4464.84 62.12319000000001
4470.7 62.11909000000001
4476.56 62.11849000000001
4482.42 62.121390000000005
4488.28 62.12769000000001
4494.14 62.13749000000001
4500.0 62.15039000000001
4505.86 62.16619000000001
4511.72 62.18469
4517.58 62.20539000000001
4523.44 62.227990000000005
4529.3 62.252190000000006
4535.16 62.277390000000004
4541.02 62.303490000000004
4546.88 62.329890000000006
4552.73 62.356390000000005
4558.59 62.38259000000001
4564.45 62.40849000000001
4570.31 62.433690000000006
4576.17 62.45819000000001
4582.03 62.481790000000004
4587.89 62.50459000000001
4593.75 62.52649
4599.61 62.54749
4605.47 62.56779
4611.33 62.58749
4617.19 62.60669000000001
4623.05 62.625490000000006
4628.91 62.644090000000006
4634.77 62.66279000000001
4640.62 62.68159000000001
4646.48 62.700790000000005
4652.34 62.720490000000005
4658.2 62.740790000000004
4664.06 62.761790000000005
4669.92 62.78369000000001
4675.78 62.806490000000004
4681.64 62.830290000000005
4687.5 62.854890000000005
4693.36 62.880390000000006
4699.22 62.90659000000001
4705.08 62.93339
4710.94 62.96049000000001
4716.8 62.987790000000004
4722.66 63.01489000000001
4728.52 63.04159000000001
4734.38 63.06749000000001
4740.23 63.092290000000006
4746.09 63.115590000000005
4751.95 63.13709000000001
4757.81 63.15639000000001
4763.67 63.173190000000005
4769.53 63.187090000000005
4775.39 63.197990000000004
4781.25 63.20559000000001
4787.11 63.20969000000001
4792.97 63.210190000000004
4798.83 63.20709000000001
4804.69 63.200190000000006
4810.55 63.18959
4816.41 63.17549
4822.27 63.15789000000001
4828.12 63.13709000000001
4833.98 63.113290000000006
4839.84 63.086690000000004
4845.7 63.05769000000001
4851.56 63.026590000000006
4857.42 62.993790000000004
4863.28 62.959590000000006
4869.14 62.924490000000006
4875.0 62.88889
4880.86 62.852990000000005
4886.72 62.81729000000001
4892.58 62.78219000000001
4898.44 62.747890000000005
4904.3 62.71479000000001
4910.16 62.682990000000004
4916.02 62.65279
4921.88 62.62429000000001
4927.73 62.59749000000001
4933.59 62.57249000000001
4939.45 62.54909000000001
4945.31 62.52729000000001
4951.17 62.50679
4957.03 62.48729000000001
4962.89 62.46849
4968.75 62.44999000000001
4974.61 62.43139000000001
4980.47 62.41219
4986.33 62.391890000000004
4992.19 62.370090000000005
4998.05 62.346090000000004
5003.91 62.31969000000001
5009.77 62.29019
5015.62 62.25739000000001
5021.48 62.220690000000005
5027.34 62.18009000000001
5033.2 62.135090000000005
5039.06 62.08559
5044.92 62.031690000000005
5050.78 61.97319
5056.64 61.91039000000001
5062.5 61.84329
5068.36 61.772290000000005
5074.22 61.697790000000005
5080.08 61.62019000000001
5085.94 61.53999
5091.8 61.457890000000006
5097.66 61.374590000000005
5103.52 61.290690000000005
5109.38 61.20709000000001
5115.23 61.12469000000001
5121.09 61.044090000000004
5126.95 60.966190000000005
5132.81 60.89179000000001
5138.67 60.82159000000001
5144.53 60.75609000000001
5150.39 60.69599000000001
5156.25 60.64159000000001
5162.11 60.593090000000004
5167.97 60.55059000000001
5173.83 60.51399000000001
5179.69 60.482890000000005
5185.55 60.456990000000005
5191.41 60.435590000000005
5197.27 60.41789000000001
5203.12 60.403090000000006
5208.98 60.389990000000004
5214.84 60.377790000000005
5220.7 60.36509000000001
5226.56 60.35099
5232.42 60.33429
5238.28 60.31389000000001
5244.14 60.288790000000006
5250.0 60.258190000000006
5255.86 60.22119000000001
5261.72 60.17719
5267.58 60.125690000000006
5273.44 60.066190000000006
5279.3 59.99869
5285.16 59.922990000000006
5291.02 59.83939000000001
5296.88 59.748290000000004
5302.73 59.650090000000006
5308.59 59.54569000000001
5314.45 59.43609000000001
5320.31 59.32249000000001
5326.17 59.20629
5332.03 59.089090000000006
5337.89 58.97279
5343.75 58.85929000000001
5349.61 58.75059
5355.47 58.648990000000005
5361.33 58.556490000000004
5367.19 58.47509000000001
5373.05 58.406690000000005
5378.91 58.35289
5384.77 58.31499000000001
5390.62 58.293890000000005
5396.48 58.28999
5402.34 58.30319000000001
5408.2 58.332890000000006
5414.06 58.37829000000001
5419.92 58.43789
5425.78 58.50999000000001
5431.64 58.592690000000005
5437.5 58.683890000000005
5443.36 58.781290000000006
5449.22 58.88279000000001
5455.08 58.98639000000001
5460.94 59.090090000000004
5466.8 59.19209000000001
5472.66 59.290890000000005
5478.52 59.38519000000001
5484.38 59.47399000000001
5490.23 59.55639000000001
5496.09 59.631890000000006
5501.95 59.700190000000006
5507.81 59.761190000000006
5513.67 59.81499000000001
5519.53 59.86189
5525.39 59.902590000000004
5531.25 59.93759000000001
5537.11 59.967890000000004
5542.97 59.99439
5548.83 60.018190000000004
5554.69 60.04039
5560.55 60.06219000000001
5566.41 60.084790000000005
5572.27 60.10949000000001
5578.12 60.137190000000004
5583.98 60.169090000000004
5589.84 60.20599000000001
5595.7 60.24869
5601.56 60.29769
5607.42 60.353390000000005
5613.28 60.41599000000001
5619.14 60.48539
5625.0 60.56139
5630.86 60.64349000000001
5636.72 60.731190000000005
5642.58 60.82359
5648.44 60.919990000000006
5654.3 61.019290000000005
5660.16 61.120490000000004
5666.02 61.22249000000001
5671.88 61.324290000000005
5677.73 61.42459000000001
5683.59 61.52259000000001
5689.45 61.617090000000005
5695.31 61.70729000000001
5701.17 61.79229000000001
5707.03 61.87129000000001
5712.89 61.94359000000001
5718.75 62.008590000000005
5724.61 62.06589
5730.47 62.114990000000006
5736.33 62.15569000000001
5742.19 62.18789
5748.05 62.21139000000001
5753.91 62.226290000000006
5759.77 62.23279000000001
5765.62 62.230990000000006
5771.48 62.22139000000001
5777.34 62.20429000000001
5783.2 62.18039
5789.06 62.150090000000006
5794.92 62.114290000000004
5800.78 62.07359
5806.64 62.028890000000004
5812.5 61.980990000000006
5818.36 61.93099000000001
5824.22 61.87959000000001
5830.08 61.827890000000004
5835.94 61.776790000000005
5841.8 61.72719000000001
5847.66 61.68009000000001
5853.52 61.618790000000004
5859.38 61.581790000000005
5865.23 61.549890000000005
5871.09 61.540290000000006
5876.95 61.517390000000006
5882.81 61.50059
5888.67 61.490390000000005
5894.53 61.486790000000006
5900.39 61.49009000000001
5906.25 61.50009000000001
5912.11 61.51659000000001
5917.97 61.53949000000001
5923.83 61.568290000000005
5929.69 61.602790000000006
5935.55 61.64229
5941.41 61.68629000000001
5947.27 61.734190000000005
5953.12 61.78539000000001
5958.98 61.839290000000005
5964.84 61.89519000000001
5970.7 61.952490000000004
5976.56 62.01039000000001
5982.42 62.068490000000004
5988.28 62.126090000000005
5994.14 62.182590000000005
6000.0 62.237590000000004
6005.86 62.29059000000001
6011.72 62.341190000000005
6017.58 62.38909
6023.44 62.433890000000005
6029.3 62.475390000000004
6035.16 62.51339000000001
6041.02 62.54769
6046.88 62.578390000000006
6052.73 62.60539000000001
6058.59 62.62859
6064.45 62.64809
6070.31 62.66409000000001
6076.17 62.676790000000004
6082.03 62.68609000000001
6087.89 62.69249000000001
6093.75 62.696090000000005
6099.61 62.697190000000006
6105.47 62.696090000000005
6111.33 62.69299000000001
6117.19 62.68809
6123.05 62.68189
6128.91 62.67439
6134.77 62.666090000000004
6140.62 62.65699000000001
6146.48 62.64739000000001
6152.34 62.63739
6158.2 62.62709
6164.06 62.61659
6169.92 62.60589
6175.78 62.59489000000001
6181.64 62.58359000000001
6187.5 62.57189
6193.36 62.559490000000004
6199.22 62.546290000000006
6205.08 62.53199000000001
6210.94 62.516290000000005
6216.8 62.498990000000006
6222.66 62.479690000000005
6228.52 62.45799
6234.38 62.433690000000006
6240.23 62.40639000000001
6246.09 62.37579000000001
6251.95 62.34149000000001
6257.81 62.30339000000001
6263.67 62.26129
6269.53 62.21479000000001
6275.39 62.163990000000005
6281.25 62.10869
6287.11 62.048790000000004
6292.97 61.984590000000004
6298.83 61.91599000000001
6304.69 61.84319000000001
6310.55 61.76659000000001
6316.41 61.68639
6322.27 61.60289
6328.12 61.51679000000001
6333.98 61.428290000000004
6339.84 61.338190000000004
6345.7 61.24689000000001
6351.56 61.15509000000001
6357.42 61.06349000000001
6363.28 60.97269000000001
6369.14 60.88329
6375.0 60.79589000000001
6380.86 60.71119000000001
6386.72 60.629690000000004
6392.58 60.551790000000004
6398.44 60.47809000000001
6404.3 60.40869000000001
6410.16 60.343990000000005
6416.02 60.284090000000006
6421.88 60.22899
6427.73 60.17869
6433.59 60.13299000000001
6439.45 60.09169000000001
6445.31 60.054390000000005
6451.17 60.02069000000001
6457.03 59.99009000000001
6462.89 59.96209
6468.75 59.935990000000004
6474.61 59.911190000000005
6480.47 59.88709000000001
6486.33 59.86299
6492.19 59.83829000000001
6498.05 59.812290000000004
6503.91 59.784490000000005
6509.77 59.75419000000001
6515.62 59.72099000000001
6521.48 59.68439000000001
6527.34 59.644090000000006
6533.2 59.599590000000006
6539.06 59.55069
6544.92 59.49729000000001
6550.78 59.43909000000001
6556.64 59.376290000000004
6562.5 59.30859
6568.36 59.236290000000004
6574.22 59.159490000000005
6580.08 59.07829
6585.94 58.99289
6591.8 58.90359000000001
6597.66 58.810590000000005
6603.52 58.71419000000001
6609.38 58.61469
6615.23 58.51229000000001
6621.09 58.40729
6626.95 58.29979000000001
6632.81 58.18999000000001
6638.67 58.07799000000001
6644.53 57.96379
6650.39 57.84729000000001
6656.25 57.728590000000004
6662.11 57.607290000000006
6667.97 57.483290000000004
6673.83 57.356190000000005
6679.69 57.225590000000004
6685.55 57.09109000000001
6691.41 56.952090000000005
6697.27 56.807990000000004
6703.12 56.658390000000004
6708.98 56.50269000000001
6714.84 56.340090000000004
6720.7 56.17009000000001
6726.56 55.992290000000004
6732.42 55.805890000000005
6738.28 55.610690000000005
6744.14 55.406290000000006
6750.0 55.19239
6755.86 54.968990000000005
6761.72 54.73599000000001
6767.58 54.493790000000004
6773.44 54.24289
6779.3 53.98389
6785.16 53.71779000000001
6791.02 53.445890000000006
6796.88 53.16969
6802.73 52.891290000000005
6808.59 52.612790000000004
6814.45 52.336690000000004
6820.31 52.06589
6826.17 51.80339000000001
6832.03 51.552290000000006
6837.89 51.31579000000001
6843.75 51.09689000000001
6849.61 50.89829
6855.47 50.722590000000004
6861.33 50.57139000000001
6867.19 50.446090000000005
6873.05 50.34709000000001
6878.91 50.27429000000001
6884.77 50.22659000000001
6890.62 50.202490000000004
6896.48 50.19979000000001
6902.34 50.215790000000005
6908.2 50.247490000000006
6914.06 50.29159000000001
6919.92 50.34479
6925.78 50.40399000000001
6931.64 50.465990000000005
6937.5 50.52779
6943.36 50.586890000000004
6949.22 50.64099
6955.08 50.68789
6960.94 50.72619
6966.8 50.754290000000005
6972.66 50.77149000000001
6978.52 50.776990000000005
6984.38 50.770590000000006
6990.23 50.75249000000001
6996.09 50.72319
7001.95 50.68339
7007.81 50.63429000000001
7013.67 50.57759000000001
7019.53 50.51489000000001
7025.39 50.44849000000001
7031.25 50.380590000000005
7037.11 50.313590000000005
7042.97 50.25019
7048.83 50.19259
7054.69 50.143190000000004
7060.55 50.10399
7066.41 50.07659
7072.27 50.06219000000001
7078.12 50.061690000000006
7083.98 50.075190000000006
7089.84 50.10249
7095.7 50.14289000000001
7101.56 50.19529000000001
7107.42 50.258390000000006
7113.28 50.330690000000004
7119.14 50.41049
7125.0 50.49629000000001
7130.86 50.58639000000001
7136.72 50.679590000000005
7142.58 50.77449000000001
7148.44 50.870290000000004
7154.3 50.966190000000005
7160.16 51.061490000000006
7166.02 51.156090000000006
7171.88 51.249590000000005
7177.73 51.342090000000006
7183.59 51.433690000000006
7189.45 51.52449000000001
7195.31 51.61489
7201.17 51.705090000000006
7207.03 51.795390000000005
7212.89 51.88609
7218.75 51.97749
7224.61 52.06989000000001
7230.47 52.16339000000001
7236.33 52.25809
7242.19 52.35409000000001
7248.05 52.45139
7253.91 52.54979000000001
7259.77 52.64909000000001
7265.62 52.74889
7271.48 52.848890000000004
7277.34 52.94859
7283.2 53.047290000000004
7289.06 53.144490000000005
7294.92 53.23939000000001
7300.78 53.33129
7306.64 53.419290000000004
7312.5 53.50269000000001
7318.36 53.58079000000001
7324.22 53.65269000000001
7330.08 53.71779000000001
7335.94 53.77539000000001
7341.8 53.82499000000001
7347.66 53.86589000000001
7353.52 53.89799000000001
7359.38 53.92069000000001
7365.23 53.93399000000001
7371.09 53.93769
7376.95 53.93189
7382.81 53.91649
7388.67 53.89199000000001
7394.53 53.85849
7400.39 53.81649000000001
7406.25 53.766490000000005
7412.11 53.70899000000001
7417.97 53.644890000000004
7423.83 53.574690000000004
7429.69 53.499590000000005
7435.55 53.42029000000001
7441.41 53.33789000000001
7447.27 53.253690000000006
7453.12 53.168890000000005
7458.98 53.08469000000001
7464.84 53.00269000000001
7470.7 52.92419
7476.56 52.85079
7482.42 52.78399
7488.28 52.72529000000001
7494.14 52.67589
7500.0 52.637190000000004
7505.86 52.60999
7511.72 52.595290000000006
7517.58 52.59329
7523.44 52.62469000000001
7529.3 52.65379000000001
7535.16 52.694190000000006
7541.02 52.74499000000001
7546.88 52.781290000000006
7552.73 52.84339000000001
7558.59 52.91199
7564.45 52.98539
7570.31 53.06179000000001
7576.17 53.139390000000006
7582.03 53.21649000000001
7587.89 53.29139000000001
7593.75 53.36269000000001
7599.61 53.42889
7605.47 53.488890000000005
7611.33 53.54169
7617.19 53.58659000000001
7623.05 53.623090000000005
7628.91 53.650690000000004
7634.77 53.66939000000001
7640.62 53.67909
7646.48 53.679990000000004
7652.34 53.672290000000004
7658.2 53.65659000000001
7664.06 53.63329
7669.92 53.602990000000005
7675.78 53.56649000000001
7681.64 53.524390000000004
7687.5 53.47749
7693.36 53.42669000000001
7699.22 53.372690000000006
7705.08 53.316390000000006
7710.94 53.25849000000001
7716.8 53.19979000000001
7722.66 53.141090000000005
7728.52 53.083090000000006
7734.38 53.026390000000006
7740.23 52.971590000000006
7746.09 52.919090000000004
7751.95 52.869490000000006
7757.81 52.82309000000001
7763.67 52.779990000000005
7769.53 52.740390000000005
7775.39 52.70409000000001
7781.25 52.67119
7787.11 52.64119000000001
7792.97 52.613690000000005
7798.83 52.58829000000001
7804.69 52.56419
7810.55 52.54079000000001
7816.41 52.51709
7822.27 52.49239000000001
7828.12 52.465790000000005
7833.98 52.43629000000001
7839.84 52.40319
7845.7 52.36549000000001
7851.56 52.32249000000001
7857.42 52.273590000000006
7863.28 52.21839000000001
7869.14 52.15639000000001
7875.0 52.08729
7880.86 52.01129
7886.72 51.928490000000004
7892.58 51.83919000000001
7898.44 51.743990000000004
7904.3 51.64369000000001
7910.16 51.53929000000001
7916.02 51.43209
7921.88 51.32339
7927.73 51.21479000000001
7933.59 51.10819000000001
7939.45 51.00529
7945.31 50.90809000000001
7951.17 50.81859000000001
7957.03 50.73879000000001
7962.89 50.670390000000005
7968.75 50.61509000000001
7974.61 50.57439000000001
7980.47 50.54939
7986.33 50.540890000000005
7992.19 50.54919
7998.05 50.57439000000001
8003.91 50.615990000000004
8009.77 50.673190000000005
8015.62 50.74479000000001
8021.48 50.829190000000004
8027.34 50.924690000000005
8033.2 51.02929
8039.06 51.14079
8044.92 51.25699000000001
8050.78 51.375690000000006
8056.64 51.49479000000001
8062.5 51.612190000000005
8068.36 51.72599
8074.22 51.83449
8080.08 51.93609000000001
8085.94 52.02939000000001
8091.8 52.113490000000006
8097.66 52.18719000000001
8103.52 52.24989000000001
8109.38 52.30109000000001
8115.23 52.34049
8121.09 52.36779000000001
8126.95 52.383190000000006
8132.81 52.38689000000001
8138.67 52.379090000000005
8144.53 52.36039
8150.39 52.33149
8156.25 52.29309000000001
8162.11 52.246190000000006
8167.97 52.191790000000005
8173.83 52.13109000000001
8179.69 52.06539000000001
8185.55 51.99609
8191.41 51.924690000000005
8197.27 51.852590000000006
8203.12 51.781490000000005
8208.98 51.71289000000001
8214.84 51.648390000000006
8220.7 51.58939000000001
8226.56 51.53739000000001
8232.42 51.49369000000001
8238.28 51.45919000000001
8244.14 51.43479000000001
8250.0 51.42109000000001
8255.86 51.418290000000006
8261.72 51.426590000000004
8267.58 51.445690000000006
8273.44 51.47489000000001
8279.3 51.51359000000001
8285.16 51.56049000000001
8291.02 51.61459000000001
8296.88 51.67439
8302.73 51.73859000000001
8308.59 51.805490000000006
8314.45 51.87379000000001
8320.31 51.941990000000004
8326.17 52.00869000000001
8332.03 52.072790000000005
8337.89 52.13329
8343.75 52.18919
8349.61 52.23989
8355.47 52.284890000000004
8361.33 52.323890000000006
8367.19 52.35689000000001
8373.05 52.383990000000004
8378.91 52.405390000000004
8384.77 52.42159000000001
8390.62 52.43319
8396.48 52.440990000000006
8402.34 52.44559
8408.2 52.448190000000004
8414.06 52.449490000000004
8419.92 52.450590000000005
8425.78 52.452490000000004
8431.64 52.45609
8437.5 52.46229
8443.36 52.471990000000005
8449.22 52.48579000000001
8455.08 52.50419000000001
8460.94 52.52779
8466.8 52.55669
8472.66 52.590990000000005
8478.52 52.630590000000005
8484.38 52.67519000000001
8490.23 52.72439000000001
8496.09 52.777390000000004
8501.95 52.833690000000004
8507.81 52.89219000000001
8513.67 52.952090000000005
8519.53 53.012190000000004
8525.39 53.07139000000001
8531.25 53.12859
8537.11 53.182790000000004
8542.97 53.232690000000005
8548.83 53.27729000000001
8554.69 53.31559000000001
8560.55 53.346790000000006
8566.41 53.369890000000005
8572.27 53.38429000000001
8578.12 53.389390000000006
8583.98 53.384690000000006
8589.84 53.369890000000005
8595.7 53.34479
8601.56 53.30939000000001
8607.42 53.26359000000001
8613.28 53.20779
8619.14 53.142390000000006
8625.0 53.067890000000006
8630.86 52.98489000000001
8636.72 52.89419000000001
8642.58 52.796890000000005
8648.44 52.69389
8654.3 52.586490000000005
8660.16 52.47579
8666.02 52.363290000000006
8671.88 52.25039
8677.73 52.138490000000004
8683.59 52.02899000000001
8689.45 51.92329000000001
8695.31 51.82289000000001
8701.17 51.728790000000004
8707.03 51.64229
8712.89 51.56419
8718.75 51.49539000000001
8724.61 51.43629000000001
8730.47 51.387190000000004
8736.33 51.34819
8742.19 51.31909
8748.05 51.299490000000006
8753.91 51.288590000000006
8759.77 51.285790000000006
8765.62 51.290090000000006
8771.48 51.300290000000004
8777.34 51.31539000000001
8783.2 51.33409
8789.06 51.355290000000004
8794.92 51.377790000000005
8800.78 51.40059000000001
8806.64 51.422790000000006
8812.5 51.44339000000001
8818.36 51.461890000000004
8824.22 51.477590000000006
8830.08 51.490390000000005
8835.94 51.49989000000001
8841.8 51.50629000000001
8847.66 51.50949000000001
8853.52 51.50999000000001
8859.38 51.50799000000001
8865.23 51.504290000000005
8871.09 51.499190000000006
8876.95 51.49369000000001
8882.81 51.48819
8888.67 51.483790000000006
8894.53 51.48089
8900.39 51.48039000000001
8906.25 51.48279000000001
8912.11 51.488690000000005
8917.97 51.498490000000004
8923.83 51.51239
8929.69 51.53069000000001
8935.55 51.55319000000001
8941.41 51.57979
8947.27 51.61019
8953.12 51.64379
8958.98 51.68009000000001
8964.84 51.718090000000004
8970.7 51.757090000000005
8976.56 51.79609000000001
8982.42 51.833890000000004
8988.28 51.869490000000006
8994.14 51.901790000000005
9000.0 51.929590000000005
9005.86 51.95179
9011.72 51.96739000000001
9017.58 51.975390000000004
9023.44 51.974990000000005
9029.3 51.96529
9035.16 51.945690000000006
9041.02 51.91559000000001
9046.88 51.87489000000001
9052.73 51.823190000000004
9058.59 51.760490000000004
9064.45 51.68699000000001
9070.31 51.603190000000005
9076.17 51.50949000000001
9082.03 51.406690000000005
9087.89 51.29569000000001
9093.75 51.177690000000005
9099.61 51.05389
9105.47 50.925790000000006
9111.33 50.794990000000006
9117.19 50.663090000000004
9123.05 50.531890000000004
9128.91 50.403090000000006
9134.77 50.27839000000001
9140.62 50.159490000000005
9146.48 50.04789
9152.34 49.944990000000004
9158.2 49.85199000000001
9164.06 49.76979000000001
9169.92 49.699090000000005
9175.78 49.640190000000004
9181.64 49.59319000000001
9187.5 49.557790000000004
9193.36 49.53549
9199.22 49.52539000000001
9205.08 49.523790000000005
9210.94 49.52949
9216.8 49.540890000000005
9222.66 49.55199
9228.52 49.567190000000004
9234.38 49.58419000000001
9240.23 49.601090000000006
9246.09 49.61619
9251.95 49.62789000000001
9257.81 49.63459
9263.67 49.63479
9269.53 49.62689
9275.39 49.609790000000004
9281.25 49.582190000000004
9287.11 49.54309000000001
9292.97 49.491690000000006
9298.83 49.42719
9304.69 49.34919000000001
9310.55 49.25719000000001
9316.41 49.15099000000001
9322.27 49.03069000000001
9328.12 48.89629000000001
9333.98 48.74819000000001
9339.84 48.586890000000004
9345.7 48.41299000000001
9351.56 48.22729
9357.42 48.030590000000004
9363.28 47.82399000000001
9369.14 47.60859000000001
9375.0 47.385490000000004
9380.86 47.156090000000006
9386.72 46.92159000000001
9392.58 46.683490000000006
9398.44 46.44279
9404.3 46.200990000000004
9410.16 45.95929
9416.02 45.718790000000006
9421.88 45.48049
9427.73 45.24539000000001
9433.59 45.01409
9439.45 44.78739000000001
9445.31 44.56559000000001
9451.17 44.34919000000001
9457.03 44.138290000000005
9462.89 43.93319000000001
9468.75 43.733990000000006
9474.61 43.540890000000005
9480.47 43.35409000000001
9486.33 43.174290000000006
9492.19 43.002190000000006
9498.05 42.838890000000006
9503.91 42.68609000000001
9509.77 42.54569000000001
9515.62 42.419990000000006
9521.48 42.311890000000005
9527.34 42.224090000000004
9533.2 42.159490000000005
9539.06 42.120990000000006
9544.92 42.11059
9550.78 42.130390000000006
9556.64 42.181090000000005
9562.5 42.26319000000001
9568.36 42.37599
9574.22 42.517990000000005
9580.08 42.68679
9585.94 42.879290000000005
9591.8 43.09169000000001
9597.66 43.319390000000006
9603.52 43.55769000000001
9609.38 43.801790000000004
9615.23 44.04679000000001
9621.09 44.288090000000004
9626.95 44.52159
9632.81 44.743590000000005
9638.67 44.95129000000001
9644.53 45.14229
9650.39 45.31479000000001
9656.25 45.46759000000001
9662.11 45.600190000000005
9667.97 45.71229
9673.83 45.804190000000006
9679.69 45.87639000000001
9685.55 45.929790000000004
9691.41 45.96569
9697.27 45.985490000000006
9703.12 45.990790000000004
9708.98 45.98349
9714.84 45.965390000000006
9720.7 45.938590000000005
9726.56 45.905390000000004
9732.42 45.867990000000006
9738.28 45.82849
9744.14 45.78909000000001
9750.0 45.752190000000006
9755.86 45.719590000000004
9761.72 45.693490000000004
9767.58 45.67559000000001
9773.44 45.667590000000004
9779.3 45.67099
9785.16 45.686890000000005
9791.02 45.71649000000001
9796.88 45.760490000000004
9802.73 45.81929
9808.59 45.89329000000001
9814.45 45.982490000000006
9820.31 46.08659000000001
9826.17 46.205090000000006
9832.03 46.33729
9837.89 46.48239
9843.75 46.639190000000006
9849.61 46.80659000000001
9855.47 46.983090000000004
9861.33 47.167390000000005
9867.19 47.35799000000001
9873.05 47.55319000000001
9878.91 47.75159000000001
9884.77 47.951690000000006
9890.62 48.151990000000005
9896.48 48.351090000000006
9902.34 48.54769
9908.2 48.74069000000001
9914.06 48.928790000000006
9919.92 49.111290000000004
9925.78 49.287290000000006
9931.64 49.45599000000001
9937.5 49.616890000000005
9943.36 49.76959000000001
9949.22 49.91369
9955.08 50.04899
9960.94 50.175290000000004
9966.8 50.292790000000004
9972.66 50.40129
9978.52 50.50119000000001
9984.38 50.592490000000005
9990.23 50.67559000000001
9996.09 50.750690000000006
10002.0 50.81839000000001
10007.8 50.878890000000006
10013.7 50.932790000000004
10019.5 50.98039000000001
10025.4 51.02239000000001
10031.2 51.05899000000001
10037.1 51.090990000000005
10043.0 51.11869000000001
10048.8 51.142590000000006
10054.7 51.16329
10060.5 51.18119000000001
10066.4 51.19679000000001
10072.3 51.21049000000001
10078.1 51.22269000000001
10084.0 51.23389
10089.8 51.24429000000001
10095.7 51.254490000000004
10101.6 51.264590000000005
10107.4 51.274890000000006
10113.3 51.285790000000006
10119.1 51.29739000000001
10125.0 51.30979000000001
10130.9 51.323190000000004
10136.7 51.337790000000005
10142.6 51.353390000000005
10148.4 51.37019000000001
10154.3 51.388090000000005
10160.2 51.407090000000004
10166.0 51.42689000000001
10171.9 51.44749000000001
10177.7 51.468590000000006
10183.6 51.490190000000005
10189.5 51.51189000000001
10195.3 51.53349000000001
10201.2 51.55469000000001
10207.0 51.57529
10212.9 51.595090000000006
10218.8 51.61359000000001
10224.6 51.63069000000001
10230.5 51.64609000000001
10236.3 51.659490000000005
10242.2 51.67069000000001
10248.0 51.67949000000001
10253.9 51.68569000000001
10259.8 51.68909000000001
10265.6 51.689690000000006
10271.5 51.68719000000001
10277.3 51.68179000000001
10283.2 51.67349000000001
10289.1 51.662290000000006
10294.9 51.64829
10300.8 51.63179
10306.6 51.61309000000001
10312.5 51.59239000000001
10318.4 51.57009000000001
10324.2 51.546690000000005
10330.1 51.52259000000001
10335.9 51.498290000000004
10341.8 51.47419000000001
10347.7 51.450790000000005
10353.5 51.42859000000001
10359.4 51.40789000000001
10365.2 51.38909
10371.1 51.37239
10377.0 51.358090000000004
10382.8 51.34629
10388.7 51.33679000000001
10394.5 51.32979
10400.4 51.32499000000001
10406.2 51.32209
10412.1 51.320890000000006
10418.0 51.32099000000001
10423.8 51.32189
10429.7 51.32329000000001
10435.5 51.324690000000004
10441.4 51.325590000000005
10447.3 51.325790000000005
10453.1 51.324690000000004
10459.0 51.32199000000001
10464.8 51.31749000000001
10470.7 51.31089000000001
10476.6 51.30209000000001
10482.4 51.29079000000001
10488.3 51.27709000000001
10494.1 51.26079000000001
10500.0 51.24199000000001
10505.9 51.220690000000005
10511.7 51.19699000000001
10517.6 51.170790000000004
10523.4 51.142390000000006
10529.3 51.111790000000006
10535.2 51.079190000000004
10541.0 51.04459000000001
10546.9 51.00809
10552.7 50.96999
10558.6 50.93009000000001
10564.5 50.888690000000004
10570.3 50.845890000000004
10576.2 50.801590000000004
10582.0 50.755990000000004
10587.9 50.70899000000001
10593.8 50.66069
10599.6 50.61099000000001
10605.5 50.55979000000001
10611.3 50.507090000000005
10617.2 50.452690000000004
10623.0 50.39649000000001
10628.9 50.33829000000001
10634.8 50.27779
10640.6 50.214890000000004
10646.5 50.14929000000001
10652.3 50.08079000000001
10658.2 50.00909000000001
10664.1 49.93399000000001
10669.9 49.85539000000001
10675.8 49.77309
10681.6 49.68699000000001
10687.5 49.596990000000005
10693.4 49.50329000000001
10699.2 49.40579
10705.1 49.30489000000001
10710.9 49.20069000000001
10716.8 49.093590000000006
10722.7 48.983990000000006
10728.5 48.872490000000006
10734.4 48.759690000000006
10740.2 48.64609000000001
10746.1 48.532590000000006
10752.0 48.41989
10757.8 48.308890000000005
10763.7 48.20049000000001
10769.5 48.095490000000005
10775.4 47.99479000000001
10781.2 47.89959
10787.1 47.810590000000005
10793.0 47.72869000000001
10798.8 47.65469
10804.7 47.58939000000001
10810.5 47.533390000000004
10816.4 47.487190000000005
10822.3 47.45109000000001
10828.1 47.425090000000004
10834.0 47.40919
10839.8 47.403090000000006
10845.7 47.40639000000001
10851.6 47.41809000000001
10857.4 47.437490000000004
10863.3 47.483790000000006
10869.1 47.51509000000001
10875.0 47.54939
10880.9 47.585190000000004
10886.7 47.62079000000001
10892.6 47.65469
10898.4 47.68549000000001
10904.3 47.692190000000004
10910.2 47.71379
10916.0 47.72889000000001
10921.9 47.73639000000001
10927.7 47.73519
10933.6 47.72449
10939.5 47.703590000000005
10945.3 47.67199000000001
10951.2 47.62939000000001
10957.0 47.575590000000005
10962.9 47.51059000000001
10968.8 47.43459000000001
10974.6 47.34799
10980.5 47.25139000000001
10986.3 47.14519000000001
10992.2 47.03049000000001
10998.0 46.90789000000001
11003.9 46.77859000000001
11009.8 46.64369000000001
11015.6 46.50419000000001
11021.5 46.36139000000001
11027.3 46.21649000000001
11033.2 46.070690000000006
11039.1 45.92519000000001
11044.9 45.781290000000006
11050.8 45.64009000000001
11056.6 45.50269000000001
11062.5 45.36999000000001
11068.4 45.243190000000006
11074.2 45.12299000000001
11080.1 45.01039000000001
11085.9 44.90589000000001
11091.8 44.81029000000001
11097.7 44.72419000000001
11103.5 44.64809
11109.4 44.58229000000001
11115.2 44.52729000000001
11121.1 44.48319000000001
11127.0 44.45029
11132.8 44.42859000000001
11138.7 44.41809000000001
11144.5 44.41859000000001
11150.4 44.429790000000004
11156.2 44.45139
11162.1 44.48259000000001
11168.0 44.52299000000001
11173.8 44.57139000000001
11179.7 44.62709
11185.5 44.688790000000004
11191.4 44.755390000000006
11197.3 44.82529
11203.1 44.897290000000005
11209.0 44.96989000000001
11214.8 45.04139000000001
11220.7 45.11039
11226.6 45.175290000000004
11232.4 45.23469000000001
11238.3 45.287290000000006
11244.1 45.331590000000006
11250.0 45.36659
11255.9 45.39119000000001
11261.7 45.40449
11267.6 45.40589000000001
11273.4 45.39459000000001
11279.3 45.37039000000001
11285.2 45.333090000000006
11291.0 45.28249
11296.9 45.21889000000001
11302.7 45.142590000000006
11308.6 45.05409
11314.5 44.954190000000004
11320.3 44.843790000000006
11326.2 44.72399000000001
11332.0 44.596090000000004
11337.9 44.461690000000004
11343.8 44.322590000000005
11349.6 44.18059
11355.5 44.037890000000004
11361.3 43.89669000000001
11367.2 43.75949000000001
11373.0 43.628690000000006
11378.9 43.50679000000001
11384.8 43.396190000000004
11390.6 43.29939
11396.5 43.21839000000001
11402.3 43.155190000000005
11408.2 43.11129000000001
11414.1 43.08789
11419.9 43.085890000000006
11425.8 43.10559000000001
11431.6 43.147090000000006
11437.5 43.209590000000006
11443.4 43.292390000000005
11449.2 43.394090000000006
11455.1 43.51299
11460.9 43.647090000000006
11466.8 43.794090000000004
11472.7 43.95179
11478.5 44.11759000000001
11484.4 44.288990000000005
11490.2 44.46359
11496.1 44.63909
11502.0 44.81329000000001
11507.8 44.984390000000005
11513.7 45.15059000000001
11519.5 45.31049000000001
11525.4 45.462790000000005
11531.2 45.60649000000001
11537.1 45.740990000000004
11543.0 45.865590000000005
11548.8 45.979890000000005
11554.7 46.083890000000004
11560.5 46.177290000000006
11566.4 46.26019000000001
11572.3 46.33279
11578.1 46.39529
11584.0 46.44789000000001
11589.8 46.490990000000004
11595.7 46.52479
11601.6 46.549890000000005
11607.4 46.566390000000006
11613.3 46.57489
11619.1 46.575590000000005
11625.0 46.56879000000001
11630.9 46.554990000000004
11636.7 46.534290000000006
11642.6 46.50719000000001
11648.4 46.47379000000001
11654.3 46.434490000000004
11660.2 46.389390000000006
11666.0 46.33899
11671.9 46.28329000000001
11677.7 46.22279
11683.6 46.157790000000006
11689.5 46.08859
11695.3 46.01549000000001
11701.2 45.938990000000004
11707.0 45.85969000000001
11712.9 45.77799
11718.8 45.69449000000001
11724.6 45.61009000000001
11730.5 45.52559000000001
11736.3 45.441790000000005
11742.2 45.35989000000001
11748.0 45.28089000000001
11753.9 45.20619000000001
11759.8 45.13709000000001
11765.6 45.07509
11771.5 45.02149000000001
11777.3 44.977790000000006
11783.2 44.94539
11789.1 44.92559000000001
11794.9 44.91949
11800.8 44.928090000000005
11806.6 44.95199000000001
11812.5 44.99159
11818.4 45.04679000000001
11824.2 45.117490000000004
11830.1 45.20299000000001
11835.9 45.302290000000006
11841.8 45.41409000000001
11847.7 45.53679
11853.5 45.66859000000001
11859.4 45.807390000000005
11865.2 45.95109000000001
11871.1 46.097190000000005
11877.0 46.243590000000005
11882.8 46.38799000000001
11888.7 46.528090000000006
11894.5 46.66199
11900.4 46.787890000000004
11906.2 46.904090000000004
11912.1 47.00929000000001
11918.0 47.10249
11923.8 47.18269000000001
11929.7 47.24949000000001
11935.5 47.302490000000006
11941.4 47.341590000000004
11947.3 47.36699000000001
11953.1 47.379090000000005
11959.0 47.378490000000006
11964.8 47.365990000000004
11970.7 47.342490000000005
11976.6 47.30899000000001
11982.4 47.26699000000001
11988.3 47.21759000000001
11994.1 47.162490000000005
12000.0 47.103190000000005
12005.9 47.04119000000001
12011.7 46.97809000000001
12017.6 46.915690000000005
12023.4 46.85549
12029.3 46.798790000000004
12035.2 46.74729000000001
12041.0 46.70199000000001
12046.9 46.66409000000001
12052.7 46.63439
12058.6 46.613690000000005
12064.5 46.60229
12070.3 46.600390000000004
12076.2 46.60799000000001
12082.0 46.62489000000001
12087.9 46.65039000000001
12093.8 46.683890000000005
12099.6 46.724590000000006
12105.5 46.77129000000001
12111.3 46.822790000000005
12117.2 46.877990000000004
12123.0 46.935590000000005
12128.9 46.99409000000001
12134.8 47.05239
12140.6 47.10909000000001
12146.5 47.16329
12152.3 47.21379
12158.2 47.25979
12164.1 47.30049
12169.9 47.33549000000001
12175.8 47.36439000000001
12181.6 47.38689000000001
12187.5 47.403090000000006
12193.4 47.41319000000001
12199.2 47.41749000000001
12205.1 47.41659000000001
12210.9 47.41109000000001
12216.8 47.40189000000001
12222.7 47.389790000000005
12228.5 47.375890000000005
12234.4 47.361090000000004
12240.2 47.34649
12246.1 47.333290000000005
12252.0 47.322190000000006
12257.8 47.31439
12263.7 47.310590000000005
12269.5 47.311490000000006
12275.4 47.31759
12281.2 47.329390000000004
12287.1 47.346990000000005
12293.0 47.37039000000001
12298.8 47.39949000000001
12304.7 47.43379000000001
12310.5 47.47299
12316.4 47.51619000000001
12322.3 47.56269
12328.1 47.61149
12334.0 47.66169000000001
12339.8 47.71219000000001
12345.7 47.761790000000005
12351.6 47.809490000000004
12357.4 47.854290000000006
12363.3 47.89509
12369.1 47.93099000000001
12375.0 47.96119000000001
12380.9 47.98489000000001
12386.7 48.001490000000004
12392.6 48.010490000000004
12398.4 48.01149000000001
12404.3 48.004490000000004
12410.2 47.98919000000001
12416.0 47.96589000000001
12421.9 47.93459000000001
12427.7 47.895790000000005
12433.6 47.849990000000005
12439.5 47.79769
12445.3 47.73969
12451.2 47.676790000000004
12457.0 47.60999
12462.9 47.540290000000006
12468.8 47.46869
12474.6 47.39629000000001
12480.5 47.324290000000005
12486.3 47.25359
12492.2 47.18549000000001
12498.0 47.12079000000001
12503.9 47.060590000000005
12509.8 47.00569000000001
12515.6 46.956790000000005
12521.5 46.91449000000001
12527.3 46.87919000000001
12533.2 46.85049000000001
12539.1 46.83359000000001
12544.9 46.823690000000006
12550.8 46.82079
12556.6 46.824490000000004
12562.5 46.83409
12568.4 46.84919000000001
12574.2 46.868990000000004
12580.1 46.885490000000004
12585.9 46.909690000000005
12591.8 46.93659
12597.7 46.965390000000006
12603.5 46.995290000000004
12609.4 47.02539000000001
12615.2 47.05489000000001
12621.1 47.083290000000005
12627.0 47.109590000000004
12632.8 47.13349000000001
12638.7 47.15439000000001
12644.5 47.17179000000001
12650.4 47.185390000000005
12656.2 47.19489000000001
12662.1 47.200390000000006
12668.0 47.20159
12673.8 47.198690000000006
12679.7 47.19169000000001
12685.5 47.180890000000005
12691.4 47.16659000000001
12697.3 47.149190000000004
12703.1 47.12899000000001
12709.0 47.10649000000001
12714.8 47.08229000000001
12720.7 47.05679000000001
12726.6 47.03069000000001
12732.4 47.00439000000001
12738.3 46.97849000000001
12744.1 46.95369000000001
12750.0 46.93029000000001
12755.9 46.90889000000001
12761.7 46.889990000000004
12767.6 46.87379000000001
12773.4 46.860690000000005
12779.3 46.85099
12785.2 46.84489000000001
12791.0 46.84239000000001
12796.9 46.84369
12802.7 46.84859000000001
12808.6 46.85719
12814.5 46.86909000000001
12820.3 46.88429000000001
12826.2 46.902390000000004
12832.0 46.922990000000006
12837.9 46.94599000000001
12843.8 46.97079000000001
12849.6 46.996990000000004
12855.5 47.024390000000004
12861.3 47.052490000000006
12867.2 47.080890000000004
12873.0 47.10929000000001
12878.9 47.13749000000001
12884.8 47.165090000000006
12890.6 47.191990000000004
12896.5 47.21799000000001
12902.3 47.243190000000006
12908.2 47.26749
12914.1 47.29099000000001
12919.9 47.313790000000004
12925.8 47.33619000000001
12931.6 47.35839000000001
12937.5 47.38069000000001
12943.4 47.40359000000001
12949.2 47.427490000000006
12955.1 47.452690000000004
12960.9 47.47979000000001
12966.8 47.509190000000004
12972.7 47.541290000000004
12978.5 47.57659
12984.4 47.61549000000001
12990.2 47.65829000000001
12996.1 47.705290000000005
13002.0 47.756690000000006
13007.8 47.81269
13013.7 47.873290000000004
13019.5 47.938390000000005
13025.4 48.00799000000001
13031.2 48.08189000000001
13037.1 48.159690000000005
13043.0 48.240990000000004
13048.8 48.32529
13054.7 48.412090000000006
13060.5 48.500890000000005
13066.4 48.590790000000005
13072.3 48.681090000000005
13078.1 48.771190000000004
13084.0 48.86019
13089.8 48.947390000000006
13095.7 49.031890000000004
13101.6 49.11289000000001
13107.4 49.18979000000001
13113.3 49.261790000000005
13119.1 49.32829
13125.0 49.388690000000004
13130.9 49.44239
13136.7 49.488890000000005
13142.6 49.527890000000006
13148.4 49.55919000000001
13154.3 49.582390000000004
13160.2 49.597390000000004
13166.0 49.60439
13171.9 49.603190000000005
13177.7 49.59409000000001
13183.6 49.57739000000001
13189.5 49.553290000000004
13195.3 49.52239000000001
13201.2 49.48509000000001
13207.0 49.441990000000004
13212.9 49.39369000000001
13218.8 49.340990000000005
13224.6 49.28439000000001
13230.5 49.224790000000006
13236.3 49.16299000000001
13242.2 49.099590000000006
13248.0 49.03539000000001
13253.9 48.97099000000001
13259.8 48.90719000000001
13265.6 48.84449000000001
13271.5 48.78349000000001
13277.3 48.72449
13283.2 48.66809000000001
13289.1 48.614290000000004
13294.9 48.563590000000005
13300.8 48.51579
13306.6 48.47119000000001
13312.5 48.42969000000001
13318.4 48.39099
13324.2 48.35519000000001
13330.1 48.32189
13335.9 48.29099000000001
13341.8 48.262190000000004
13347.7 48.235290000000006
13353.5 48.209990000000005
13359.4 48.18629000000001
13365.2 48.163990000000005
13371.1 48.142990000000005
13377.0 48.12339000000001
13382.8 48.105290000000004
13388.7 48.088890000000006
13394.5 48.07439000000001
13400.4 48.06219000000001
13406.2 48.05259000000001
13412.1 48.04609000000001
13418.0 48.04309000000001
13423.8 48.04399000000001
13429.7 48.04939
13435.5 48.059490000000004
13441.4 48.074690000000004
13447.3 48.095290000000006
13453.1 48.121390000000005
13459.0 48.15299
13464.8 48.19019000000001
13470.7 48.232690000000005
13476.6 48.280190000000005
13482.4 48.332390000000004
13488.3 48.38859000000001
13494.1 48.44829000000001
13500.0 48.510690000000004
13505.9 48.57509
13511.7 48.64049000000001
13517.6 48.70609
13523.4 48.770990000000005
13529.3 48.83419000000001
13535.2 48.894890000000004
13541.0 48.95199000000001
13546.9 49.00489
13552.7 49.05259000000001
13558.6 49.094590000000004
13564.5 49.12999000000001
13570.3 49.158390000000004
13576.2 49.179190000000006
13582.0 49.19209000000001
13587.9 49.19679000000001
13593.8 49.19299000000001
13599.6 49.18079000000001
13605.5 49.160090000000004
13611.3 49.131190000000004
13617.2 49.094390000000004
13623.0 49.05039000000001
13628.9 48.99969000000001
13634.8 48.94319000000001
13640.6 48.88199000000001
13646.5 48.817190000000004
13652.3 48.75019
13658.2 48.682390000000005
13664.1 48.61529000000001
13669.9 48.55039000000001
13675.8 48.489290000000004
13681.6 48.43329000000001
13687.5 48.38369000000001
13693.4 48.34169000000001
13699.2 48.30829000000001
13705.1 48.28399
13710.9 48.26939000000001
13716.8 48.264590000000005
13722.7 48.269490000000005
13728.5 48.283590000000004
13734.4 48.306290000000004
13740.2 48.33659000000001
13746.1 48.373290000000004
13752.0 48.415090000000006
13757.8 48.460390000000004
13763.7 48.507490000000004
13769.5 48.554790000000004
13775.4 48.60049000000001
13781.2 48.64289000000001
13787.1 48.680490000000006
13793.0 48.711890000000004
13798.8 48.735890000000005
13804.7 48.75139000000001
13810.5 48.757690000000004
13816.4 48.754290000000005
13822.3 48.74109000000001
13828.1 48.717890000000004
13834.0 48.68509
13839.8 48.64329000000001
13845.7 48.59319000000001
13851.6 48.53589000000001
13857.4 48.47249000000001
13863.3 48.40439000000001
13869.1 48.333090000000006
13875.0 48.260290000000005
13880.9 48.18759000000001
13886.7 48.116690000000006
13892.6 48.04919
13898.4 47.98659000000001
13904.3 47.93029000000001
13910.2 47.88159
13916.0 47.841590000000004
13921.9 47.81089000000001
13927.7 47.790090000000006
13933.6 47.77949
13939.5 47.779090000000004
13945.3 47.78849
13951.2 47.80729000000001
13957.0 47.83449
13962.9 47.86919
13968.8 47.910090000000004
13974.6 47.95579000000001
13980.5 48.00479000000001
13986.3 48.05539
13992.2 48.10589
13998.0 48.15469
14003.9 48.20009
14009.8 48.240590000000005
14015.6 48.27459
14021.5 48.30069
14027.3 48.317890000000006
14033.2 48.32499000000001
14039.1 48.32119000000001
14044.9 48.305690000000006
14050.8 48.27799
14056.6 48.237790000000004
14062.5 48.184990000000006
14068.4 48.11979000000001
14074.2 48.042590000000004
14080.1 47.953990000000005
14085.9 47.85499000000001
14091.8 47.746990000000004
14097.7 47.63149000000001
14103.5 47.51039000000001
14109.4 47.38589
14115.2 47.26039000000001
14121.1 47.13649000000001
14127.0 47.01679000000001
14132.8 46.90399000000001
14138.7 46.80049
14144.5 46.70879000000001
14150.4 46.630790000000005
14156.2 46.56819000000001
14162.1 46.522290000000005
14168.0 46.49409000000001
14173.8 46.483790000000006
14179.7 46.49159
14185.5 46.51709
14191.4 46.55919000000001
14197.3 46.616890000000005
14203.1 46.744890000000005
14209.0 46.828790000000005
14214.8 46.92109000000001
14220.7 47.019490000000005
14226.6 47.121590000000005
14232.4 47.225190000000005
14238.3 47.32779000000001
14244.1 47.427490000000006
14250.0 47.52239000000001
14255.9 47.55389
14261.7 47.63749000000001
14267.6 47.71349000000001
14273.4 47.781090000000006
14279.3 47.83959000000001
14285.2 47.88879000000001
14291.0 47.92859000000001
14296.9 47.95919000000001
14302.7 47.98069
14308.6 47.99369000000001
14314.5 47.99889
14320.3 47.996790000000004
14326.2 47.98839
14332.0 47.974590000000006
14337.9 47.95629
14343.8 47.93469
14349.6 47.91089000000001
14355.5 47.88609
14361.3 47.86139000000001
14367.2 47.83809000000001
14373.0 47.81729000000001
14378.9 47.800090000000004
14384.8 47.787490000000005
14390.6 47.78049000000001
14396.5 47.77989000000001
14402.3 47.786190000000005
14408.2 47.79999000000001
14414.1 47.821490000000004
14419.9 47.85089000000001
14425.8 47.88799000000001
14431.6 47.93269000000001
14437.5 47.984590000000004
14443.4 48.04289000000001
14449.2 48.10699
14455.1 48.17589
14460.9 48.24869
14466.8 48.32419000000001
14472.7 48.40129
14478.5 48.47869000000001
14484.4 48.55529000000001
14490.2 48.62979000000001
14496.1 48.70109000000001
14502.0 48.768390000000004
14507.8 48.83059000000001
14513.7 48.887190000000004
14519.5 48.93769
14525.4 48.981590000000004
14531.2 49.018890000000006
14537.1 49.04959000000001
14543.0 49.07399000000001
14548.8 49.092490000000005
14554.7 49.10569
14560.5 49.11419000000001
14566.4 49.11889000000001
14572.3 49.12069
14578.1 49.12059000000001
14584.0 49.119690000000006
14589.8 49.11889000000001
14595.7 49.119490000000006
14601.6 49.12239
14607.4 49.128690000000006
14613.3 49.139190000000006
14619.1 49.154790000000006
14625.0 49.17629000000001
14630.9 49.20429000000001
14636.7 49.23919000000001
14642.6 49.281490000000005
14648.4 49.33119000000001
14654.3 49.38839000000001
14660.2 49.45299000000001
14666.0 49.52459
14671.9 49.602790000000006
14677.7 49.68699000000001
14683.6 49.776390000000006
14689.5 49.87019000000001
14695.3 49.96739000000001
14701.2 50.06689000000001
14707.0 50.167590000000004
14712.9 50.268390000000004
14718.8 50.36789
14724.6 50.464890000000004
14730.5 50.55829000000001
14736.3 50.64679
14742.2 50.72919
14748.0 50.804390000000005
14753.9 50.871390000000005
14759.8 50.92929000000001
14765.6 50.97719000000001
14771.5 51.014390000000006
14777.3 51.040290000000006
14783.2 51.05429000000001
14789.1 51.05619000000001
14794.9 51.04569000000001
14800.8 51.02279000000001
14806.6 50.98749000000001
14812.5 50.94019000000001
14818.4 50.88109000000001
14824.2 50.810790000000004
14830.1 50.73019000000001
14835.9 50.639990000000004
14841.8 50.541290000000004
14847.7 50.43529000000001
14853.5 50.32339
14859.4 50.207190000000004
14865.2 50.088190000000004
14871.1 49.96829
14877.0 49.84919000000001
14882.8 49.73299000000001
14888.7 49.62149000000001
14894.5 49.516490000000005
14900.4 49.41989
14906.2 49.333290000000005
14912.1 49.258390000000006
14918.0 49.19639000000001
14923.8 49.148390000000006
14929.7 49.11529000000001
14935.5 49.09779
14941.4 49.096090000000004
14947.3 49.110290000000006
14953.1 49.14009000000001
14959.0 49.18509
14964.8 49.244490000000006
14970.7 49.317190000000004
14976.6 49.401990000000005
14982.4 49.497490000000006
14988.3 49.60199000000001
14994.1 49.71379
15000.0 49.83109
15005.9 49.951890000000006
15011.7 50.07439000000001
15017.6 50.19689
15023.4 50.31749000000001
15029.3 50.43459000000001
15035.2 50.546890000000005
15041.0 50.65299
15046.9 50.75179000000001
15052.7 50.842290000000006
15058.6 50.92399
15064.5 50.996190000000006
15070.3 51.058690000000006
15076.2 51.11119000000001
15082.0 51.153690000000005
15087.9 51.18639
15093.8 51.209590000000006
15099.6 51.223690000000005
15105.5 51.22909000000001
15111.3 51.226490000000005
15117.2 51.21649000000001
15123.0 51.199690000000004
15128.9 51.17709000000001
15134.8 51.14909000000001
15140.6 51.116690000000006
15146.5 51.080490000000005
15152.3 51.04119000000001
15158.2 50.999390000000005
15164.1 50.955690000000004
15169.9 50.910590000000006
15175.8 50.86449
15181.6 50.817690000000006
15187.5 50.77049
15193.4 50.72289000000001
15199.2 50.67499000000001
15205.1 50.62669
15210.9 50.57779000000001
15216.8 50.52799
15222.7 50.47699000000001
15228.5 50.42439
15234.4 50.36959
15240.2 50.31219000000001
15246.1 50.251490000000004
15252.0 50.18699000000001
15257.8 50.118190000000006
15263.7 50.04439000000001
15269.5 49.96529
15275.4 49.880390000000006
15281.2 49.789590000000004
15287.1 49.69279
15293.0 49.589890000000004
15298.8 49.481390000000005
15304.7 49.36769
15310.5 49.249390000000005
15316.4 49.12769000000001
15322.3 49.003490000000006
15328.1 48.87839
15334.0 48.753690000000006
15339.8 48.63109000000001
15345.7 48.512190000000004
15351.6 48.39849
15357.4 48.29149
15363.3 48.19259
15369.1 48.10289
15375.0 48.02329
15380.9 47.954390000000004
15386.7 47.89659
15392.6 47.85009000000001
15398.4 47.814690000000006
15404.3 47.78989000000001
15410.2 47.774890000000006
15416.0 47.768890000000006
15421.9 47.77069000000001
15427.7 47.77859000000001
15433.6 47.79119000000001
15439.5 47.80669
15445.3 47.82309000000001
15451.2 47.83869000000001
15457.0 47.851490000000005
15462.9 47.859790000000004
15468.8 47.86209000000001
15474.6 47.85699
15480.5 47.84339000000001
15486.3 47.82049000000001
15492.2 47.78759000000001
15498.0 47.74439
15503.9 47.69089
15509.8 47.627190000000006
15515.6 47.55359000000001
15521.5 47.47059000000001
15527.3 47.37879
15533.2 47.27899000000001
15539.1 47.17199000000001
15544.9 47.058890000000005
15550.8 46.94059000000001
15556.6 46.818090000000005
15562.5 46.69279
15568.4 46.56559000000001
15574.2 46.43789
15580.1 46.31069000000001
15585.9 46.18509
15591.8 46.06239000000001
15597.7 45.943290000000005
15603.5 45.82869000000001
15609.4 45.71929000000001
15615.2 45.61549000000001
15621.1 45.517590000000006
15627.0 45.42569
15632.8 45.33939000000001
15638.7 45.25849000000001
15644.5 45.182190000000006
15650.4 45.10969000000001
15656.2 45.03999
15662.1 44.971790000000006
15668.0 44.903690000000005
15673.8 44.83409
15679.7 44.76149000000001
15685.5 44.684090000000005
15691.4 44.60029000000001
15697.3 44.50849000000001
15703.1 44.40749
15709.0 44.29619
15714.8 44.17389000000001
15720.7 44.04059000000001
15726.6 43.89699
15732.4 43.74439000000001
15738.3 43.58509000000001
15744.1 43.421890000000005
15750.0 43.25869
15755.9 43.099590000000006
15761.7 42.94899000000001
15767.6 42.811490000000006
15773.4 42.69129000000001
15779.3 42.59219
15785.2 42.517390000000006
15791.0 42.46949000000001
15796.9 42.450590000000005
15802.7 42.46209
15808.6 42.50489
15814.5 42.579390000000004
15820.3 42.68549
15826.2 42.82229000000001
15832.0 42.988490000000006
15837.9 43.182190000000006
15843.8 43.40059000000001
15849.6 43.640190000000004
15855.5 43.89699
15861.3 44.166290000000004
15867.2 44.443090000000005
15873.0 44.844590000000004
15878.9 45.11139000000001
15884.8 45.36979000000001
15890.6 45.615990000000004
15896.5 45.846590000000006
15902.3 46.059090000000005
15908.2 46.25119000000001
15914.1 46.42159000000001
15919.9 46.569190000000006
15925.8 46.693290000000005
15931.6 46.703590000000005
15937.5 46.792390000000005
15943.4 46.857890000000005
15949.2 46.900490000000005
15955.1 46.92089000000001
15960.9 46.91989
15966.8 46.89869000000001
15972.7 46.85869
15978.5 46.80149000000001
15984.4 46.72889000000001
15990.2 46.642990000000005
15996.1 46.54609000000001
16002.0 46.44059000000001
16007.8 46.329190000000004
16013.7 46.214490000000005
16019.5 46.09929
16025.4 45.98619000000001
16031.2 45.877790000000005
16037.1 45.77669000000001
16043.0 45.684990000000006
16048.8 45.604690000000005
16054.7 45.537490000000005
16060.5 45.48469000000001
16066.4 45.447590000000005
16072.3 45.426790000000004
16078.1 45.42269
16084.0 45.43529000000001
16089.8 45.46459000000001
16095.7 45.50979
16101.6 45.57009000000001
16107.4 45.64439000000001
16113.3 45.731190000000005
16119.1 45.828790000000005
16125.0 45.935390000000005
16130.9 46.048790000000004
16136.7 46.166990000000006
16142.6 46.28779000000001
16148.4 46.40889000000001
16154.3 46.528490000000005
16160.2 46.644690000000004
16166.0 46.755790000000005
16171.9 46.860490000000006
16177.7 46.95769000000001
16183.6 47.046690000000005
16189.5 47.127190000000006
16195.3 47.198890000000006
16201.2 47.261990000000004
16207.0 47.31709000000001
16212.9 47.364790000000006
16218.8 47.40599
16224.6 47.44169000000001
16230.5 47.473090000000006
16236.3 47.501490000000004
16242.2 47.528090000000006
16248.0 47.554390000000005
16253.9 47.58149
16259.8 47.610690000000005
16265.6 47.64309000000001
16271.5 47.679790000000004
16277.3 47.72149
16283.2 47.76899
16289.1 47.822790000000005
16294.9 47.88309
16300.8 47.94999000000001
16306.6 48.02349
16312.5 48.10309000000001
16318.4 48.188390000000005
16324.2 48.27859000000001
16330.1 48.372690000000006
16335.9 48.469590000000004
16341.8 48.568090000000005
16347.7 48.66669
16353.5 48.76399000000001
16359.4 48.858290000000004
16365.2 48.94809000000001
16371.1 49.03159000000001
16377.0 49.10739
16382.8 49.173790000000004
16388.7 49.22919
16394.5 49.272290000000005
16400.4 49.301790000000004
16406.2 49.316590000000005
16412.1 49.315690000000004
16418.0 49.298390000000005
16423.8 49.264190000000006
16429.7 49.21269000000001
16435.5 49.143890000000006
16441.4 49.05819
16447.3 48.95599000000001
16453.1 48.838390000000004
16459.0 48.706390000000006
16464.8 48.56159
16470.7 48.40589000000001
16476.6 48.241290000000006
16482.4 48.07029000000001
16488.3 47.89529
16494.1 47.71909000000001
16500.0 47.54449
16505.9 47.374190000000006
16511.7 47.21099
16517.6 47.05769000000001
16523.4 46.91659000000001
16529.3 46.79019
16535.2 46.680490000000006
16541.0 46.589490000000005
16546.9 46.51869000000001
16552.7 46.469390000000004
16558.6 46.44249000000001
16564.5 46.43869000000001
16570.3 46.45799
16576.2 46.500490000000006
16582.0 46.565490000000004
16587.9 46.651990000000005
16593.8 46.758790000000005
16599.6 46.884190000000004
16605.5 47.02629
16611.3 47.18289000000001
16617.2 47.351490000000005
16623.0 47.52969
16628.9 47.71479000000001
16634.8 47.90419000000001
16640.6 48.095490000000005
16646.5 48.285990000000005
16652.3 48.47339000000001
16658.2 48.65549000000001
16664.1 48.830290000000005
16669.9 48.99569
16675.8 49.150090000000006
16681.6 49.29209000000001
16687.5 49.42009000000001
16693.4 49.53309000000001
16699.2 49.630190000000006
16705.1 49.71049000000001
16710.9 49.773390000000006
16716.8 49.81859000000001
16722.7 49.84559000000001
16728.5 49.854490000000006
16734.4 49.845290000000006
16740.2 49.81799000000001
16746.1 49.77309
16752.0 49.71099
16757.8 49.63219000000001
16763.7 49.537290000000006
16769.5 49.42719
16775.4 49.30279000000001
16781.2 49.16489000000001
16787.1 49.014790000000005
16793.0 48.853590000000004
16798.8 48.68249000000001
16804.7 48.50289000000001
16810.5 48.31629
16816.4 48.124190000000006
16822.3 47.928090000000005
16828.1 47.729690000000005
16834.0 47.53079
16839.8 47.33299
16845.7 47.138090000000005
16851.6 46.94789000000001
16857.4 46.764190000000006
16863.3 46.58879
16869.1 46.423190000000005
16875.0 46.26919000000001
16880.9 46.12809000000001
16886.7 46.001490000000004
16892.6 45.890390000000004
16898.4 45.79589000000001
16904.3 45.71869
16910.2 45.659490000000005
16916.0 45.618590000000005
16921.9 45.596090000000004
16927.7 45.59189000000001
16933.6 45.60539000000001
16939.5 45.63629
16945.3 45.68359
16951.2 45.74629000000001
16957.0 45.82329000000001
16962.9 45.91299000000001
16968.8 46.01409
16974.6 46.12489000000001
16980.5 46.24369000000001
16986.3 46.36869000000001
16992.2 46.49799000000001
16998.0 46.62979000000001
17003.9 46.76239
17009.8 46.89399
17015.6 47.02299000000001
17021.5 47.147890000000004
17027.3 47.26719000000001
17033.2 47.37989
17039.1 47.48469000000001
17044.9 47.58079000000001
17050.8 47.66749000000001
17056.6 47.74419
17062.5 47.810390000000005
17068.4 47.865990000000004
17074.2 47.910590000000006
17080.1 47.94429
17085.9 47.96689000000001
17091.8 47.978590000000004
17097.7 47.979490000000006
17103.5 47.96969000000001
17109.4 47.94919000000001
17115.2 47.918290000000006
17121.1 47.876990000000006
17127.0 47.82549000000001
17132.8 47.76379000000001
17138.7 47.691990000000004
17144.5 47.61019
17150.4 47.518190000000004
17156.2 47.416290000000004
17162.1 47.304390000000005
17168.0 47.182590000000005
17173.8 47.05109000000001
17179.7 46.910090000000004
17185.5 46.75999000000001
17191.4 46.60119
17197.3 46.434490000000004
17203.1 46.26059000000001
17209.0 46.080690000000004
17214.8 45.89609000000001
17220.7 45.708090000000006
17226.6 45.51849000000001
17232.4 45.329190000000004
17238.3 45.14199000000001
17244.1 44.95899000000001
17250.0 44.78199000000001
17255.9 44.61309000000001
17261.7 44.453990000000005
17267.6 44.306490000000004
17273.4 44.171890000000005
17279.3 44.051590000000004
17285.2 43.946690000000004
17291.0 43.85799
17296.9 43.78609
17302.7 43.731590000000004
17308.6 43.69449
17314.5 43.67479
17320.3 43.672090000000004
17326.2 43.68589
17332.0 43.71529000000001
17337.9 43.75929000000001
17343.8 43.816390000000006
17349.6 43.885290000000005
17355.5 43.96419
17361.3 44.051390000000005
17367.2 44.14509
17373.0 44.243390000000005
17378.9 44.34479
17384.8 44.44749000000001
17390.6 44.550090000000004
17396.5 44.651390000000006
17402.3 44.75009000000001
17408.2 44.84539000000001
17414.1 44.93639
17419.9 45.02239000000001
17425.8 45.10289
17431.6 45.177490000000006
17437.5 45.24559000000001
17443.4 45.30709
17449.2 45.36169
17455.1 45.409090000000006
17460.9 45.449090000000005
17466.8 45.481590000000004
17472.7 45.50629000000001
17478.5 45.52309
17484.4 45.531890000000004
17490.2 45.53229
17496.1 45.524190000000004
17502.0 45.50739000000001
17507.8 45.48169000000001
17513.7 45.44679000000001
17519.5 45.40249000000001
17525.4 45.348490000000005
17531.2 45.28439000000001
17537.1 45.21009000000001
17543.0 45.12529000000001
17548.8 44.957190000000004
17554.7 44.84389000000001
17560.5 44.718990000000005
17566.4 44.58209000000001
17572.3 44.432990000000004
17578.1 44.271390000000004
17584.0 44.096990000000005
17589.8 43.90979
17595.7 43.70949
17601.6 43.495990000000006
17607.4 43.359190000000005
17613.3 43.12639
17619.1 42.88109
17625.0 42.623990000000006
17630.9 42.355790000000006
17636.7 42.077690000000004
17642.6 41.79119000000001
17648.4 41.49819000000001
17654.3 41.20089
17660.2 40.90209
17666.0 40.604690000000005
17671.9 40.31179
17677.7 40.02669
17683.6 39.752390000000005
17689.5 39.49179000000001
17695.3 39.24739000000001
17701.2 39.02149000000001
17707.0 38.81589000000001
17712.9 38.63199
17718.8 38.470890000000004
17724.6 38.33339000000001
17730.5 38.21999000000001
17736.3 38.130990000000004
17742.2 38.06649
17748.0 38.02619000000001
17753.9 38.00979000000001
17759.8 38.016490000000005
17765.6 38.045390000000005
17771.5 38.095090000000006
17777.3 38.163790000000006
17783.2 38.249390000000005
17789.1 38.34929000000001
17794.9 38.460390000000004
17800.8 38.57949000000001
17806.6 38.70289000000001
17812.5 38.82699000000001
17818.4 38.94809000000001
17824.2 39.06289000000001
17830.1 39.16819000000001
17835.9 39.26109000000001
17841.8 39.339090000000006
17847.7 39.400090000000006
17853.5 39.44209000000001
17859.4 39.46369000000001
17865.2 39.46329
17871.1 39.439890000000005
17877.0 39.39249000000001
17882.8 39.32029000000001
17888.7 39.22269000000001
17894.5 39.09969000000001
17900.4 38.951190000000004
17906.2 38.77779000000001
17912.1 38.580690000000004
17918.0 38.36139000000001
17923.8 38.12219
17929.7 37.86619
17935.5 37.59689
17941.4 37.31799000000001
17947.3 37.03369000000001
17953.1 36.747890000000005
17959.0 36.464090000000006
17964.8 36.185590000000005
17970.7 35.91479000000001
17976.6 35.653890000000004
17982.4 35.40449000000001
17988.3 35.16799
17994.1 34.94539
18000.0 34.73769
18005.9 34.54579000000001
18011.7 34.37039
18017.6 34.21269000000001
18023.4 34.07349000000001
18029.3 33.953790000000005
18035.2 33.85479000000001
18041.0 33.777390000000004
18046.9 33.72229
18052.7 33.689890000000005
18058.6 33.68009000000001
18064.5 33.69239
18070.3 33.725390000000004
18076.2 33.777390000000004
18082.0 33.84639000000001
18087.9 33.93019000000001
18093.8 34.026790000000005
18099.6 34.13429000000001
18105.5 34.25119000000001
18111.3 34.37639
18117.2 34.508790000000005
18123.0 34.64799000000001
18128.9 34.79339
18134.8 34.944590000000005
18140.6 35.10099000000001
18146.5 35.262190000000004
18152.3 35.42739
18158.2 35.59579000000001
18164.1 35.766090000000005
18169.9 35.937090000000005
18175.8 36.10699000000001
18181.6 36.27389000000001
18187.5 36.435790000000004
18193.4 36.590390000000006
18199.2 36.73579000000001
18205.1 36.869890000000005
18210.9 36.99069
18216.8 37.09689
18222.7 37.18719
18228.5 37.260490000000004
18234.4 37.315990000000006
18240.2 37.353390000000005
18246.1 37.37219
18252.0 37.37219
18257.8 37.353190000000005
18263.7 37.31499000000001
18269.5 37.257290000000005
18275.4 37.17969000000001
18281.2 37.081990000000005
18287.1 36.96329
18293.0 36.822990000000004
18298.8 36.66019000000001
18304.7 36.473490000000005
18310.5 36.26169
18316.4 36.02319000000001
18322.3 35.756190000000004
18328.1 35.45879000000001
18334.0 35.12879000000001
18339.8 34.764390000000006
18345.7 34.363890000000005
18351.6 33.926190000000005
18357.4 33.451690000000006
18363.3 32.942690000000006
18369.1 32.40489000000001
18375.0 31.847590000000007
18380.9 31.283490000000004
18386.7 30.726590000000005
18392.6 30.189590000000006
18398.4 29.682290000000005
18404.3 29.211490000000005
18410.2 28.781690000000005
18416.0 28.396090000000004
18421.9 28.057190000000006
18427.7 27.767190000000006
18433.6 27.528390000000005
18439.5 27.343090000000004
18445.3 27.213490000000007
18451.2 27.141990000000007
18457.0 27.130590000000005
18462.9 27.181390000000007
18468.8 27.296290000000006
18474.6 27.476690000000005
18480.5 27.723590000000005
18486.3 28.037290000000006
18492.2 28.416490000000007
18498.0 28.857590000000005
18503.9 29.353890000000007
18509.8 29.894990000000007
18515.6 30.467090000000006
18521.5 31.055290000000007
18527.3 31.645990000000005
18533.2 32.22869000000001
18539.1 32.79619000000001
18544.9 33.343590000000006
18550.8 33.867990000000006
18556.6 34.36699
18562.5 34.83879
18568.4 35.28209000000001
18574.2 35.69549000000001
18580.1 36.07809
18585.9 36.42929000000001
18591.8 36.74889
18597.7 37.037090000000006
18603.5 37.29449000000001
18609.4 37.52199
18615.2 37.720890000000004
18621.1 37.89289000000001
18627.0 38.03989000000001
18632.8 38.164190000000005
18638.7 38.26809
18644.5 38.35409000000001
18650.4 38.42499000000001
18656.2 38.48339000000001
18662.1 38.53219000000001
18668.0 38.57399000000001
18673.8 38.61149
18679.7 38.64719000000001
18685.5 38.683490000000006
18691.4 38.72249000000001
18697.3 38.76619000000001
18703.1 38.816190000000006
18709.0 38.87389
18714.8 38.940490000000004
18720.7 39.016690000000004
18726.6 39.103190000000005
18732.4 39.20009
18738.3 39.307390000000005
18744.1 39.424690000000005
18750.0 39.551590000000004
18755.9 39.687090000000005
18761.7 39.83019
18767.6 39.97959
18773.4 40.13369
18779.3 40.29079
18785.2 40.449290000000005
18791.0 40.60709000000001
18796.9 40.76229000000001
18802.7 40.91299000000001
18808.6 41.057190000000006
18814.5 41.193290000000005
18820.3 41.31949
18826.2 41.434290000000004
18832.0 41.536590000000004
18837.9 41.62529000000001
18843.8 41.69959
18849.6 41.759190000000004
18855.5 41.803790000000006
18861.3 41.83359
18867.2 41.848890000000004
18873.0 41.850390000000004
18878.9 41.839090000000006
18884.8 41.815990000000006
18890.6 41.78239000000001
18896.5 41.73989
18902.3 41.689890000000005
18908.2 41.63409
18914.1 41.57419
18919.9 41.511590000000005
18925.8 41.44809000000001
18931.6 41.38479000000001
18937.5 41.32309000000001
18943.4 41.26409000000001
18949.2 41.20879000000001
18955.1 41.15769
18960.9 41.11159000000001
18966.8 41.07059000000001
18972.7 41.03499000000001
18978.5 41.00469000000001
18984.4 40.97939000000001
18990.2 40.95879000000001
18996.1 40.94209000000001
19002.0 40.92859000000001
19007.8 40.917390000000005
19013.7 40.90729
19019.5 40.89719000000001
19025.4 40.88569000000001
19031.2 40.87169
19037.1 40.853790000000004
19043.0 40.83079000000001
19048.8 40.801590000000004
19054.7 40.76529000000001
19060.5 40.72119000000001
19066.4 40.668890000000005
19072.3 40.60829000000001
19078.1 40.53949
19084.0 40.46289
19089.8 40.37939
19095.7 40.28999
19101.6 40.196090000000005
19107.4 40.09919000000001
19113.3 40.00119000000001
19119.1 39.90379
19125.0 39.809090000000005
19130.9 39.71909000000001
19136.7 39.63559000000001
19142.6 39.560590000000005
19148.4 39.49569000000001
19154.3 39.44249000000001
19160.2 39.40249000000001
19166.0 39.37659000000001
19171.9 39.36569
19177.7 39.37059000000001
19183.6 39.39139
19189.5 39.428290000000004
19195.3 39.480990000000006
19201.2 39.54899
19207.0 39.63149000000001
19212.9 39.72749
19218.8 39.915690000000005
19224.6 40.03379000000001
19230.5 40.15939
19236.3 40.29059000000001
19242.2 40.425290000000004
19248.0 40.561490000000006
19253.9 40.69689000000001
19259.8 40.82929000000001
19265.6 40.956790000000005
19271.5 41.07719
19277.3 41.18889
19283.2 41.21209
19289.1 41.304790000000004
19294.9 41.38579000000001
19300.8 41.453790000000005
19306.6 41.508190000000006
19312.5 41.548390000000005
19318.4 41.57419
19324.2 41.58549000000001
19330.1 41.58249000000001
19335.9 41.56559000000001
19341.8 41.53519000000001
19347.7 41.49199
19353.5 41.436890000000005
19359.4 41.37069000000001
19365.2 41.29419
19371.1 41.20859
19377.0 41.11489
19382.8 41.014190000000006
19388.7 40.907590000000006
19394.5 40.796290000000006
19400.4 40.68159000000001
19406.2 40.56459000000001
19412.1 40.44679000000001
19418.0 40.32929000000001
19423.8 40.21349000000001
19429.7 40.10049000000001
19435.5 39.99159
19441.4 39.88759
19447.3 39.789590000000004
19453.1 39.69829000000001
19459.0 39.61399
19464.8 39.537090000000006
19470.7 39.467690000000005
19476.6 39.40569000000001
19482.4 39.35079
19488.3 39.30239
19494.1 39.260090000000005
19500.0 39.223090000000006
19505.9 39.190490000000004
19511.7 39.16169000000001
19517.6 39.13559000000001
19523.4 39.11129000000001
19529.3 39.087990000000005
19535.2 39.06459000000001
19541.0 39.040290000000006
19546.9 39.01399000000001
19552.7 38.98469
19558.6 38.95159000000001
19564.5 38.913590000000006
19570.3 38.86979000000001
19576.2 38.819190000000006
19582.0 38.76079000000001
19587.9 38.693690000000004
19593.8 38.617090000000005
19599.6 38.52989000000001
19605.5 38.43149000000001
19611.3 38.320890000000006
19617.2 38.197190000000006
19623.0 38.05949000000001
19628.9 37.90679
19634.8 37.73789000000001
19640.6 37.55149
19646.5 37.34599
19652.3 37.11979000000001
19658.2 36.870490000000004
19664.1 36.595490000000005
19669.9 36.29159000000001
19675.8 35.95479
19681.6 35.57979
19687.5 35.16009000000001
19693.4 34.68659000000001
19699.2 34.14679000000001
19705.1 33.52179000000001
19710.9 32.77949000000001
19716.8 31.853290000000005
19722.7 30.508990000000004
19728.5 29.313090000000006
19734.4 28.443190000000005
19740.2 27.73899000000001
19746.1 27.145790000000005
19752.0 26.635690000000004
19757.8 26.191590000000005
19763.7 25.801990000000004
19769.5 25.458790000000008
19775.4 25.156090000000006
19781.2 24.889390000000006
19787.1 24.655690000000007
19793.0 24.452590000000008
19798.8 24.278790000000008
19804.7 24.133790000000005
19810.5 24.017990000000005
19816.4 23.932590000000005
19822.3 23.879690000000004
19828.1 23.862990000000003
19834.0 23.887590000000007
19839.8 23.961190000000006
19845.7 24.095290000000006
19851.6 24.307990000000004
19857.4 24.630590000000005
19863.3 25.129590000000007
19869.1 26.040290000000006
19875.0 26.791690000000006
19880.9 27.204890000000006
19886.7 27.441390000000006
19892.6 27.556790000000007
19898.4 27.579890000000006
19904.3 27.528490000000005
19910.2 27.415290000000006
19916.0 27.249290000000006
19921.9 27.037690000000005
19927.7 26.785890000000006
19933.6 26.498290000000004
19939.5 26.178190000000008
19945.3 25.828190000000006
19951.2 25.450090000000007
19957.0 25.044990000000006
19962.9 24.613490000000006
19968.8 24.155590000000004
19974.6 23.670690000000008
19980.5 23.157590000000006
19986.3 22.614590000000007
19992.2 22.039190000000005
19998.0 21.428020000000004
