20.0 69.600388
20.290899 69.805389
20.586 70.01239
20.8855 70.218384
21.189301 70.422386
21.497499 70.618385
21.8102 70.80439
22.127399 70.975388
22.4492 71.131386
22.775801 71.270386
23.1071 71.395386
23.443199 71.514389
23.7841 71.632385
24.1301 71.758385
24.4811 71.897385
24.8372 72.049385
25.1984 72.213387
25.564899 72.385384
25.9368 72.560387
26.3141 72.733383
26.6968 72.905388
27.0851 73.074387
27.479099 73.242386
27.878799 73.411385
28.2843 73.58239
28.6957 73.756386
29.1131 73.932388
29.536501 74.11039
29.966101 74.291389
30.402 74.474388
30.8442 74.666389
31.2929 74.861389
31.748 75.058388
32.209801 75.257385
32.678299 75.464386
33.153599 75.672386
33.635899 75.879387
34.125099 76.087387
34.621498 76.29039
35.125 76.490387
35.635899 76.678391
36.154301 76.86039
36.680199 77.04039
37.213699 77.222389
37.755 77.411392
38.3041 77.605385
38.861301 77.806389
39.426498 78.007385
40.0 78.209389
40.581799 78.410385
41.1721 78.611389
41.771 78.815392
42.378502 79.021385
42.9949 79.229385
43.6203 79.437386
44.254799 79.645386
44.898499 79.853386
45.551498 80.062386
46.2141 80.271385
46.886299 80.480385
47.568298 80.689392
48.260201 80.898392
48.962101 81.108391
49.674301 81.31739
50.396801 81.52215234016954
51.129902 81.7258525025787
51.8736 81.9284915106886
52.628101 82.14306015625297
53.3936 82.32957229554354
54.1702 82.53101832443718
54.958099 82.73339808160982
55.7575 82.93670937641103
56.568501 83.138953634044
57.391399 83.34012811252266
58.226101 83.54122635731738
59.073 83.73726306337585
59.932301 83.92822202831705
60.804 84.11211227560209
61.6884 84.2839190280532
62.585701 84.4426581126158
63.496 84.58332296035833
64.419601 84.70890178823781
65.356598 84.82041104491854
66.307297 84.91683193562696
67.271698 85.00117146036307
68.250198 85.07843329061345
69.242897 85.15961583985074
70.250099 85.24470432503198
71.271896 85.33671120655198
72.308601 85.4336346485803
73.360298 85.53346115843397
74.427399 85.63420431962047
75.509903 85.73885513800508
76.608299 85.84541174546924
77.722603 85.95488104816857
78.853104 86.06424835103915
80.0 86.17151949275691
81.163597 86.27569467854826
82.3442 86.3777711195049
83.541901 86.4757422760217
84.757 86.56962138851674
85.989899 86.6563910991502
87.240601 86.73705339032628
88.509598 86.81460937633058
89.797 86.88506141198309
91.103104 86.94239575529768
92.4282 87.00062570534514
93.772598 87.06273944389079
95.136597 87.117743217218
96.520401 87.17062382881103
97.924301 87.21738957187539
99.348602 87.26103765750281
100.794 87.30155600346318
102.26 87.33896251306668
103.747 87.37423985193463
105.256 87.40638915479391
106.787 87.4324054216445
108.34 87.45029765248641
109.916 87.45605298204654
111.515 87.44567541032485
113.137 87.40616293732137
114.783 87.32750869776297
116.452 87.21472255692275
118.146 87.0907807842545
119.865 86.98169937975821
121.608 86.905474208707
123.377 86.8601025405546
125.171 86.83757924057419
126.992 86.82989657821946
128.839 86.83406341876359
130.713 86.84107689693343
132.615 86.84091514745586
134.543 86.80461290087712
136.5 86.70913456137784
138.486 86.57348612895804
140.5 86.40667446889083
142.544 86.25668585062998
144.617 86.15552213944858
146.721 86.0881816048004
148.855 86.04166811195857
151.02 86.01197179564998
153.217 85.99108279060148
155.445 85.98701696208623
157.706 85.98775557955794
160.0 85.97829864301663
162.327 85.96465015246231
164.688 85.96280324262185
167.084 85.96275004822213
169.514 85.97349943453628
171.98 85.99702967101804
174.481 85.98636562294053
177.019 85.90347955975751
179.594 85.770372481469
182.206 85.60005338807497
184.856 85.43350941430234
187.545 85.29974169487794
190.273 85.18574122980179
193.041 85.12050315380078
195.849 85.09303146687489
198.697 85.09633116902414
201.587 85.11337752970226
204.52 85.12817968363618
207.494 85.14173436137207
210.512 85.19603196709062
213.574 85.27607250079181
216.681 85.31484809720253
219.833 85.28836475632276
223.03 85.20760947815252
226.274 85.08058053214555
229.565 84.95428391830185
232.905 84.8636869060752
236.292 84.83382722601182
239.729 84.90066528229235
243.216 84.9952110749168
246.754 85.05546173861204
250.343 85.08040827337805
253.984 85.04005581394176
257.678 84.99739349503
261.426 85.05140645136966
265.229 85.14110081768764
269.087 85.20646959398391
273.001 85.25851791498536
276.972 85.29322591541889
281.0 85.26260359528447
285.088 85.19661935876275
289.234 85.07530193639994
293.441 84.78462773237673
297.709 84.55959774669309
302.04 84.61319724880276
306.433 84.7554311039789
310.89 84.75628958167526
315.412 84.58776081661868
320.0 84.29085494353609
324.655 83.95655209715432
329.377 83.7978522774734
334.168 83.85775675394709
339.028 84.01524852657536
343.959 84.226324864812
348.962 84.39698590338385
354.038 84.40521577701784
359.188 84.1160066204408
364.412 83.67936843365277
369.713 83.42727562083435
375.09 83.43873704725868
380.546 83.5487351171064
386.081 83.68227083037749
391.697 83.66533045652572
397.394 83.56692099555109
403.175 83.61000985163423
409.039 83.68461689004828
414.989 83.75871951497385
421.025 83.71931872641093
427.149 83.59739379381331
433.362 83.51195685190785
439.665 83.55998703542146
446.06 83.57248161380784
452.548 83.5404247217939
459.131 83.5278146288334
465.809 83.46464433492633
472.584 83.37990910952644
479.458 83.3415902220875
486.432 83.3256868073364
493.507 83.27119
503.906 83.27119
509.766 83.24259
515.625 83.21439000000001
521.484 83.18689
527.344 83.16009000000001
533.203 83.13389000000001
539.062 83.10849
544.922 83.08359
550.781 83.05929
556.641 83.03529
562.5 83.01159000000001
568.359 82.98799000000001
574.219 82.96419
580.078 82.93999000000001
585.938 82.91529
591.797 82.88979
597.656 82.86329
603.516 82.83569
609.375 82.80669
615.234 82.77619
621.094 82.74409
626.953 82.71029
632.812 82.67479
638.672 82.63739000000001
644.531 82.59819
650.391 82.55719
656.25 82.51439
662.109 82.47009
667.969 82.42429
673.828 82.37719
679.688 82.32889
685.547 82.27969
691.406 82.22979000000001
697.266 82.17959
703.125 82.12909
708.984 82.07869000000001
714.844 82.02869000000001
720.703 81.97929
726.562 81.93069000000001
732.422 81.88319
738.281 81.83699
744.141 81.79219
750.0 81.74899
755.859 81.70739
761.719 81.66769000000001
767.578 81.62969000000001
773.438 81.59349
779.297 81.55909000000001
785.156 81.52629
791.016 81.49509
796.875 81.46539
802.734 81.43699000000001
808.594 81.40979
814.453 81.38359000000001
820.312 81.35809
826.172 81.33329
832.031 81.30889
837.891 81.27269000000001
843.75 81.26079
849.609 81.23659
855.469 81.21239
861.328 81.18779
867.188 81.16299000000001
873.047 81.13779000000001
878.906 81.11219000000001
884.766 81.08619
890.625 81.05989000000001
896.484 81.03319
902.344 81.00639000000001
908.203 80.97949000000001
914.062 80.95259
919.922 80.92579
925.781 80.89939000000001
931.641 80.87339
937.5 80.84799000000001
943.359 80.82329
949.219 80.79949
955.078 80.77669
960.938 80.75489
966.797 80.73419000000001
972.656 80.71469
978.516 80.69629
984.375 80.67899
990.234 80.66279
996.094 80.64749
1001.95 80.63289
1007.81 80.61899000000001
1013.67 80.60539
1019.53 80.59199000000001
1025.39 80.57849
1031.25 80.56459000000001
1037.11 80.55009000000001
1042.97 80.53459000000001
1048.83 80.51789000000001
1054.69 80.49969
1060.55 80.47969
1066.41 80.45779
1072.27 80.43369000000001
1078.12 80.40719
1083.98 80.37819
1089.84 80.34669000000001
1095.7 80.31259
1101.56 80.27589
1107.42 80.23679
1113.28 80.19529
1119.14 80.15159
1125.0 80.10599
1130.86 80.05869000000001
1136.72 80.01009
1142.58 79.96069
1148.44 79.91069
1154.3 79.86059
1160.16 79.81099
1166.02 79.76219
1171.88 79.71479000000001
1177.73 79.66929
1183.59 79.62609
1189.45 79.58559000000001
1195.31 79.54829000000001
1201.17 79.51439
1207.03 79.48429
1212.89 79.45809000000001
1218.75 79.43599
1224.61 79.41809
1230.47 79.40439
1236.33 79.39469000000001
1242.19 79.38889
1248.05 79.38679
1253.91 79.38799
1259.77 79.39229
1265.62 79.39919
1271.48 79.40819
1277.34 79.41899000000001
1283.2 79.43109000000001
1289.06 79.44399
1294.92 79.45719000000001
1300.78 79.47019
1306.64 79.48279000000001
1312.5 79.49439000000001
1318.36 79.50479
1324.22 79.51359000000001
1330.08 79.52069
1335.94 79.52579
1341.8 79.52879
1347.66 79.52979
1353.52 79.52859000000001
1359.38 79.52539
1365.23 79.52019
1371.09 79.51329000000001
1376.95 79.50479
1382.81 79.49499
1388.67 79.48419000000001
1394.53 79.47269
1400.39 79.46079
1406.25 79.44879
1412.11 79.43709000000001
1417.97 79.42599
1423.83 79.41579
1429.69 79.40679
1435.55 79.39919
1441.41 79.39319
1447.27 79.38889
1453.12 79.38659000000001
1458.98 79.38619
1464.84 79.38779000000001
1470.7 79.39139
1476.56 79.39679000000001
1482.42 79.40389
1488.28 79.41259000000001
1494.14 79.42279
1500.0 79.43409000000001
1505.86 79.44629
1511.72 79.45939
1517.58 79.47289
1523.44 79.48679
1529.3 79.50079000000001
1535.16 79.51469
1541.02 79.52849
1546.88 79.54199000000001
1552.73 79.55529
1558.59 79.56819
1564.45 79.58089000000001
1570.31 79.59349
1576.17 79.60609000000001
1582.03 79.61889000000001
1587.89 79.63219000000001
1593.75 79.64619
1599.61 79.66129000000001
1605.47 79.67779
1611.33 79.69599000000001
1617.19 79.71619000000001
1623.05 79.73879000000001
1628.91 79.76409000000001
1634.77 79.79229000000001
1640.62 79.82379
1646.48 79.85859
1652.34 79.89689
1658.2 79.93869000000001
1664.06 79.98409000000001
1669.92 80.03299000000001
1675.78 80.08519000000001
1681.64 80.14049
1687.5 80.19879
1693.36 80.25959
1699.22 80.32269000000001
1705.08 80.38769
1710.94 80.45409000000001
1716.8 80.52149
1722.66 80.58949000000001
1728.52 80.65759
1734.38 80.72539
1740.23 80.79239000000001
1746.09 80.85819000000001
1751.95 80.92249000000001
1757.81 80.98469
1763.67 81.04469
1769.53 81.10199
1775.39 81.15649
1781.25 81.20769
1787.11 81.25569
1792.97 81.30009000000001
1798.83 81.34099
1804.69 81.37809
1810.55 81.41149
1816.41 81.44119
1822.27 81.46719
1828.12 81.48959
1833.98 81.50849000000001
1839.84 81.52409
1845.7 81.53639000000001
1851.56 81.54579000000001
1857.42 81.55229
1863.28 81.55609000000001
1869.14 81.55759
1875.0 81.55689000000001
1880.86 81.55429000000001
1886.72 81.54979
1892.58 81.54379
1898.44 81.53639000000001
1904.3 81.52769
1910.16 81.51779
1916.02 81.50689000000001
1921.88 81.49499
1927.73 81.48209
1933.59 81.46829000000001
1939.45 81.45349
1945.31 81.43759
1951.17 81.42059
1957.03 81.40239000000001
1962.89 81.38269000000001
1968.75 81.36159
1974.61 81.33879
1980.47 81.31409000000001
1986.33 81.28729
1992.19 81.25829
1998.05 81.22689000000001
2003.91 81.19299000000001
2009.77 81.15619000000001
2015.62 81.11659
2021.48 81.07389
2027.34 81.02809
2033.2 80.97899000000001
2039.06 80.92669000000001
2044.92 80.87119000000001
2050.78 80.81229
2056.64 80.75019
2062.5 80.68489000000001
2068.36 80.61649
2074.22 80.54519
2080.08 80.47119
2085.94 80.39459000000001
2091.8 80.31559
2097.66 80.23449000000001
2103.52 80.15159
2109.38 80.06689
2115.23 79.98089
2121.09 79.89379000000001
2126.95 79.80569000000001
2132.81 79.71699000000001
2138.67 79.62779
2144.53 79.53819
2150.39 79.44859000000001
2156.25 79.35889
2162.11 79.26929000000001
2167.97 79.17969000000001
2173.83 79.09029000000001
2179.69 79.00099
2185.55 78.91179000000001
2191.41 78.82259
2197.27 78.73329000000001
2203.12 78.64369
2208.98 78.55379
2214.84 78.46339
2220.7 78.37239000000001
2226.56 78.28059
2232.42 78.18789000000001
2238.28 78.09429
2244.14 77.99949000000001
2250.0 77.90369000000001
2255.86 77.80669
2261.72 77.70849000000001
2267.58 77.60919000000001
2273.44 77.50899000000001
2279.3 77.40789000000001
2285.16 77.30609000000001
2291.02 77.20389
2296.88 77.10149000000001
2302.73 76.99929
2308.59 76.89749
2314.45 76.79639
2320.31 76.69659
2326.17 76.59819
2332.03 76.50159000000001
2337.89 76.40729
2343.75 76.31539000000001
2349.61 76.22619
2355.47 76.13989000000001
2361.33 76.05659
2367.19 75.97649000000001
2373.05 75.89939000000001
2378.91 75.82549
2384.77 75.75439
2390.62 75.68619000000001
2396.48 75.62039000000001
2402.34 75.55689000000001
2408.2 75.49529000000001
2414.06 75.43539000000001
2419.92 75.37669
2425.78 75.31899000000001
2431.64 75.26179
2437.5 75.20489
2443.36 75.14809
2449.22 75.09089
2455.08 75.03319
2460.94 74.97489000000002
2466.8 74.91569000000001
2472.66 74.85559
2478.52 74.79439
2484.38 74.73209
2490.23 74.66869
2496.09 74.60409000000001
2501.95 74.53849
2507.81 74.43789000000001
2513.67 74.36969
2519.53 74.33499
2525.39 74.26529000000001
2531.25 74.19459
2537.11 74.12289000000001
2542.97 74.04999000000001
2548.83 73.97599
2554.69 73.90049
2560.55 73.82359
2566.41 73.74479000000001
2572.27 73.66389000000001
2578.12 73.58049
2583.98 73.49429
2589.84 73.40489000000001
2595.7 73.31169
2601.56 73.21429
2607.42 73.11209000000001
2613.28 73.00459000000001
2619.14 72.89129
2625.0 72.77169
2630.86 72.64519000000001
2636.72 72.51129
2642.58 72.36949000000001
2648.44 72.21949000000001
2654.3 72.06089
2660.16 71.89329000000001
2666.02 71.71649000000001
2671.88 71.53029000000001
2677.73 71.33449
2683.59 71.12909
2689.45 70.91409000000002
2695.31 70.68959000000001
2701.17 70.45579000000001
2707.03 70.21299
2712.89 69.96139000000001
2718.75 69.70159000000001
2724.61 69.43399000000001
2730.47 69.15919
2736.33 68.87789000000001
2742.19 68.59069
2748.05 68.29849000000002
2753.91 68.00199
2759.77 67.70189
2765.62 67.39929000000001
2771.48 67.09469000000001
2777.34 66.78899000000001
2783.2 66.48299
2789.06 66.17729
2794.92 65.87239
2800.78 65.56919
2806.64 65.26809
2812.5 64.96979
2818.36 64.67519000000001
2824.22 64.38539
2830.08 64.10189
2835.94 63.82659
2841.8 63.56239000000001
2847.66 63.312990000000006
2853.52 63.08299
2859.38 62.878190000000004
2865.23 62.705490000000005
2871.09 62.57209
2876.95 62.48579000000001
2882.81 62.453590000000005
2888.67 62.48149000000001
2894.53 62.572990000000004
2900.39 62.729290000000006
2906.25 62.94839
2912.11 63.22549000000001
2917.97 63.55369
2923.83 63.924290000000006
2929.69 64.32809
2935.55 64.75599
2941.41 65.19929
2947.27 65.65069
2953.12 66.10379
2958.98 66.55349000000001
2964.84 66.99579
2970.7 67.42759000000001
2976.56 67.84679
2982.42 68.25199
2988.28 68.64209
2994.14 69.01659000000001
3000.0 69.37549000000001
3005.86 69.71879000000001
3011.72 70.04679000000002
3017.58 70.35999000000001
3023.44 70.65899
3029.3 70.94439
3035.16 71.21689
3041.02 71.47729000000001
3046.88 71.72639000000001
3052.73 71.96489
3058.59 72.19369
3064.45 72.41329
3070.31 72.62469000000002
3076.17 72.82839000000001
3082.03 73.02519000000001
3087.89 73.21559
3093.75 73.40019000000001
3099.61 73.57949
3105.47 73.75399000000002
3111.33 73.92409
3117.19 74.08999
3123.05 74.25209000000001
3128.91 74.41069
3134.77 74.56569
3140.62 74.71749
3146.48 74.86599000000001
3152.34 75.01129
3158.2 75.15329
3164.06 75.29209
3169.92 75.42759000000001
3175.78 75.55959000000001
3181.64 75.68829000000001
3187.5 75.81339
3193.36 75.93489
3199.22 76.05279
3205.08 76.16719
3210.94 76.27789
3216.8 76.38499
3222.66 76.48869
3228.52 76.58909
3234.38 76.68619000000001
3240.23 76.78039000000001
3246.09 76.87179
3251.95 76.96079
3257.81 77.04759
3263.67 77.13249
3269.53 77.21589
3275.39 77.29829000000001
3281.25 77.37979
3287.11 77.46099000000001
3292.97 77.54219
3298.83 77.62369000000001
3304.69 77.70579000000001
3310.55 77.78889000000001
3316.41 77.87319000000001
3322.27 77.95889000000001
3328.12 78.04609
3333.98 78.13489
3339.84 78.22529
3345.7 78.31739
3351.56 78.41099000000001
3357.42 78.50599000000001
3363.28 78.60219000000001
3369.14 78.69919
3375.0 78.79689
3380.86 78.89489
3386.72 78.99279
3392.58 79.09029000000001
3398.44 79.18689
3404.3 79.28229
3410.16 79.37599
3416.02 79.46779000000001
3421.88 79.55719
3427.73 79.64389
3433.59 79.72759
3439.45 79.80809
3445.31 79.88499
3451.17 79.95829
3457.03 80.02779000000001
3462.89 80.09339
3468.75 80.15489000000001
3474.61 80.21249
3480.47 80.26609
3486.33 80.31589000000001
3492.19 80.36179
3498.05 80.40419
3503.91 80.44309000000001
3509.77 80.47879
3515.62 80.51149000000001
3521.48 80.54149000000001
3527.34 80.56899
3533.2 80.59439
3539.06 80.61789
3544.92 80.63979
3550.78 80.66039
3556.64 80.68009
3562.5 80.69899000000001
3568.36 80.71739000000001
3574.22 80.73559
3580.08 80.75359
3585.94 80.77179000000001
3591.8 80.79019000000001
3597.66 80.80889
3603.52 80.82789000000001
3609.38 80.84739
3615.23 80.86729000000001
3621.09 80.88759
3626.95 80.90819
3632.81 80.92909
3638.67 80.95019
3644.53 80.97129000000001
3650.39 80.99229000000001
3656.25 81.01309
3662.11 81.03359
3667.97 81.05369
3673.83 81.07329
3679.69 81.09219
3685.55 81.11039000000001
3691.41 81.12779
3697.27 81.14429000000001
3703.12 81.16009000000001
3708.98 81.17499000000001
3714.84 81.18909000000001
3720.7 81.20239000000001
3726.56 81.21509
3732.42 81.22719000000001
3738.28 81.23889000000001
3744.14 81.25029
3750.0 81.26139
3755.86 81.27259000000001
3761.72 81.28379000000001
3767.58 81.29539000000001
3773.44 81.30729000000001
3779.3 81.31989
3785.16 81.33309000000001
3791.02 81.34709000000001
3796.88 81.36199
3802.73 81.37779
3808.59 81.39469000000001
3814.45 81.41259000000001
3820.31 81.43149000000001
3826.17 81.45129
3832.03 81.47209000000001
3837.89 81.49379
3843.75 81.51619000000001
3849.61 81.53929000000001
3855.47 81.56289000000001
3861.33 81.58689000000001
3867.19 81.61119000000001
3873.05 81.63559000000001
3878.91 81.65999000000001
3884.77 81.68429
3890.62 81.70839000000001
3896.48 81.73209
3902.34 81.75539
3908.2 81.77819000000001
3914.06 81.80039000000001
3919.92 81.82199
3925.78 81.84299
3931.64 81.86339000000001
3937.5 81.88319
3943.36 81.90249
3949.22 81.92129
3955.08 81.93969
3960.94 81.95769
3966.8 81.97549000000001
3972.66 81.99319000000001
3978.52 82.01079
3984.38 82.02839
3990.23 82.04619000000001
3996.09 82.06419000000001
4001.95 82.08249
4007.81 82.10109
4013.67 82.12009
4019.53 82.13949000000001
4025.39 82.15929
4031.25 82.17949
4037.11 82.19999
4042.97 82.22089000000001
4048.83 82.24199
4054.69 82.26329000000001
4060.55 82.28469000000001
4066.41 82.30609000000001
4072.27 82.32739000000001
4078.12 82.34849000000001
4083.98 82.36939000000001
4089.84 82.38989000000001
4095.7 82.40989
4101.56 82.42949
4107.42 82.44849
4113.28 82.46689
4119.14 82.48469
4125.0 82.50199
4130.86 82.51869
4136.72 82.53499000000001
4142.58 82.55079
4148.44 82.56619
4154.3 82.58149
4160.16 82.59659
4166.02 82.61179
4171.88 82.62719
4177.73 82.65129
4183.59 82.66799
4189.45 82.68539000000001
4195.31 82.69489
4201.17 82.71369
4207.03 82.73369000000001
4212.89 82.75479
4218.75 82.77709
4224.61 82.80079
4230.47 82.82579000000001
4236.33 82.85219000000001
4242.19 82.87979
4248.05 82.90879000000001
4253.91 82.93889
4259.77 82.97009
4265.62 83.00219
4271.48 83.03499000000001
4277.34 83.06849000000001
4283.2 83.10239
4289.06 83.13649000000001
4294.92 83.17059
4300.78 83.20459000000001
4306.64 83.23809
4312.5 83.27109
4318.36 83.30329
4324.22 83.33469000000001
4330.08 83.36499
4335.94 83.39409
4341.8 83.42209000000001
4347.66 83.44869
4353.52 83.47389000000001
4359.38 83.49779000000001
4365.23 83.52029
4371.09 83.54149000000001
4376.95 83.56139
4382.81 83.58019
4388.67 83.59779
4394.53 83.61449
4400.39 83.63029
4406.25 83.64539
4412.11 83.65989
4417.97 83.67399
4423.83 83.68779
4429.69 83.70159000000001
4435.55 83.71529000000001
4441.41 83.72909
4447.27 83.74319000000001
4453.12 83.75769000000001
4458.98 83.77249
4464.84 83.78789
4470.7 83.80379
4476.56 83.82019000000001
4482.42 83.83709
4488.28 83.85459
4494.14 83.87249
4500.0 83.89079000000001
4505.86 83.90939
4511.72 83.92829
4517.58 83.94719
4523.44 83.96629
4529.3 83.98519
4535.16 84.00399
4541.02 84.02239
4546.88 84.04049
4552.73 84.05799
4558.59 84.07499
4564.45 84.09129
4570.31 84.10689
4576.17 84.12179
4582.03 84.13589
4587.89 84.14919
4593.75 84.16169000000001
4599.61 84.17339000000001
4605.47 84.18439000000001
4611.33 84.19469000000001
4617.19 84.20439
4623.05 84.21349000000001
4628.91 84.22219000000001
4634.77 84.23039
4640.62 84.23819
4646.48 84.24589
4652.34 84.25339000000001
4658.2 84.26069000000001
4664.06 84.26809
4669.92 84.27549
4675.78 84.28299000000001
4681.64 84.29059000000001
4687.5 84.29839000000001
4693.36 84.30639000000001
4699.22 84.31449
4705.08 84.32279000000001
4710.94 84.33119
4716.8 84.33969
4722.66 84.34819
4728.52 84.35669
4734.38 84.36509000000001
4740.23 84.37339
4746.09 84.38129
4751.95 84.38879
4757.81 84.39589000000001
4763.67 84.40239000000001
4769.53 84.40819
4775.39 84.41319
4781.25 84.41739000000001
4787.11 84.42069000000001
4792.97 84.42289000000001
4798.83 84.42399
4804.69 84.42389
4810.55 84.42269
4816.41 84.42019
4822.27 84.41649000000001
4828.12 84.41139000000001
4833.98 84.40499000000001
4839.84 84.39739
4845.7 84.38839
4851.56 84.37819
4857.42 84.36679000000001
4863.28 84.35419
4869.14 84.34039
4875.0 84.32549
4880.86 84.30959
4886.72 84.29269000000001
4892.58 84.27489
4898.44 84.25629
4904.3 84.23689
4910.16 84.21679
4916.02 84.19599000000001
4921.88 84.17469000000001
4927.73 84.15289
4933.59 84.13069
4939.45 84.10809
4945.31 84.08509000000001
4951.17 84.06189
4957.03 84.03849000000001
4962.89 84.01489000000001
4968.75 83.99119
4974.61 83.96739000000001
4980.47 83.94349000000001
4986.33 83.91959
4992.19 83.89559000000001
4998.05 83.87149000000001
5003.91 83.84739
5009.77 83.82329
5015.62 83.79899
5021.48 83.77469
5027.34 83.75029
5033.2 83.72569
5039.06 83.70099
5044.92 83.67599
5050.78 83.65079
5056.64 83.62519
5062.5 83.59929000000001
5068.36 83.57299
5074.22 83.54619000000001
5080.08 83.51889
5085.94 83.49109
5091.8 83.46269000000001
5097.66 83.43369000000001
5103.52 83.40409000000001
5109.38 83.37379
5115.23 83.34279000000001
5121.09 83.31119000000001
5126.95 83.27899000000001
5132.81 83.24609000000001
5138.67 83.21269000000001
5144.53 83.17879
5150.39 83.14439
5156.25 83.10959000000001
5162.11 83.07459
5167.97 83.03929000000001
5173.83 83.00409
5179.69 82.96879000000001
5185.55 82.93389
5191.41 82.89919
5197.27 82.86509000000001
5203.12 82.83159
5208.98 82.79899
5214.84 82.76739
5220.7 82.73689
5226.56 82.70779
5232.42 82.68009
5238.28 82.65399000000001
5244.14 82.62959000000001
5250.0 82.60699000000001
5255.86 82.58629
5261.72 82.56759000000001
5267.58 82.55079
5273.44 82.53619
5279.3 82.52359
5285.16 82.51289
5291.02 82.50429000000001
5296.88 82.49759
5302.73 82.49269000000001
5308.59 82.48949
5314.45 82.48789000000001
5320.31 82.48779
5326.17 82.48909
5332.03 82.49149
5337.89 82.49489000000001
5343.75 82.49929
5349.61 82.50439
5355.47 82.51009
5361.33 82.51619000000001
5367.19 82.52269000000001
5373.05 82.52939
5378.91 82.53609
5384.77 82.54299
5390.62 82.54969000000001
5396.48 82.55639000000001
5402.34 82.56289000000001
5408.2 82.56919
5414.06 82.57529000000001
5419.92 82.58129000000001
5425.78 82.58699
5431.64 82.59269
5437.5 82.59819
5443.36 82.60369
5449.22 82.60909000000001
5455.08 82.61459
5460.94 82.62029000000001
5466.8 82.62599
5472.66 82.63199
5478.52 82.63829000000001
5484.38 82.64499
5490.23 82.65199000000001
5496.09 82.65939
5501.95 82.66719
5507.81 82.67549000000001
5513.67 82.68419
5519.53 82.69339000000001
5525.39 82.70289000000001
5531.25 82.71289
5537.11 82.72319
5542.97 82.73379
5548.83 82.74469
5554.69 82.75569
5560.55 82.76679
5566.41 82.77789
5572.27 82.78889000000001
5578.12 82.79979
5583.98 82.81049
5589.84 82.82079
5595.7 82.83069
5601.56 82.84009
5607.42 82.84899
5613.28 82.85719
5619.14 82.86469000000001
5625.0 82.87159000000001
5630.86 82.87759000000001
5636.72 82.88279
5642.58 82.88719
5648.44 82.89069
5654.3 82.89329000000001
5660.16 82.89509000000001
5666.02 82.89599000000001
5671.88 82.89599000000001
5677.73 82.89519
5683.59 82.89349
5689.45 82.89109
5695.31 82.88779000000001
5701.17 82.88369
5707.03 82.87889000000001
5712.89 82.87329000000001
5718.75 82.86709
5724.61 82.85999000000001
5730.47 82.85229000000001
5736.33 82.84389
5742.19 82.83469000000001
5748.05 82.82479000000001
5753.91 82.81419000000001
5759.77 82.80269000000001
5765.62 82.79049
5771.48 82.77749
5777.34 82.76359000000001
5783.2 82.74879
5789.06 82.73299
5794.92 82.71629
5800.78 82.69859000000001
5806.64 82.67989
5812.5 82.66009000000001
5818.36 82.63919
5824.22 82.61729000000001
5830.08 82.59419000000001
5835.94 82.57009000000001
5841.8 82.54489000000001
5847.66 82.51869
5853.52 82.47699
5859.38 82.44839
5865.23 82.41899000000001
5871.09 82.40349
5876.95 82.37309
5882.81 82.34209
5888.67 82.31049
5894.53 82.27859000000001
5900.39 82.24639
5906.25 82.21399000000001
5912.11 82.18149000000001
5917.97 82.14909
5923.83 82.11689000000001
5929.69 82.08489
5935.55 82.05329
5941.41 82.02209
5947.27 81.99139000000001
5953.12 81.96129
5958.98 81.93179
5964.84 81.90279000000001
5970.7 81.87449000000001
5976.56 81.84669000000001
5982.42 81.81959
5988.28 81.79289
5994.14 81.76659000000001
6000.0 81.74069
6005.86 81.71499
6011.72 81.68949
6017.58 81.66399000000001
6023.44 81.63849
6029.3 81.61279
6035.16 81.58679000000001
6041.02 81.56039000000001
6046.88 81.53349
6052.73 81.50609
6058.59 81.47799
6064.45 81.44929
6070.31 81.41979
6076.17 81.38949000000001
6082.03 81.35859
6087.89 81.32689
6093.75 81.29459
6099.61 81.26169
6105.47 81.22829
6111.33 81.19459
6117.19 81.16059
6123.05 81.12659000000001
6128.91 81.09259
6134.77 81.05879
6140.62 81.02549
6146.48 80.99269000000001
6152.34 80.96059000000001
6158.2 80.92949
6164.06 80.89939000000001
6169.92 80.87049
6175.78 80.84289000000001
6181.64 80.81669000000001
6187.5 80.79199000000001
6193.36 80.76889
6199.22 80.74719
6205.08 80.72719000000001
6210.94 80.70859
6216.8 80.69159
6222.66 80.67589000000001
6228.52 80.66149
6234.38 80.64829
6240.23 80.63619
6246.09 80.62499000000001
6251.95 80.61449
6257.81 80.60459
6263.67 80.59519
6269.53 80.58609
6275.39 80.57709000000001
6281.25 80.56809000000001
6287.11 80.55909000000001
6292.97 80.54969000000001
6298.83 80.54009
6304.69 80.53009
6310.55 80.51959000000001
6316.41 80.50859000000001
6322.27 80.49709
6328.12 80.48509
6333.98 80.47259000000001
6339.84 80.45959
6345.7 80.44619
6351.56 80.43239000000001
6357.42 80.41839
6363.28 80.40419
6369.14 80.38979
6375.0 80.37549
6380.86 80.36119000000001
6386.72 80.34709000000001
6392.58 80.33319
6398.44 80.31969000000001
6404.3 80.30659
6410.16 80.29399000000001
6416.02 80.28199000000001
6421.88 80.27049000000001
6427.73 80.25959
6433.59 80.24929
6439.45 80.23959
6445.31 80.23049
6451.17 80.22209000000001
6457.03 80.21419
6462.89 80.20679000000001
6468.75 80.19989000000001
6474.61 80.19339000000001
6480.47 80.18719
6486.33 80.18139000000001
6492.19 80.17579
6498.05 80.17039000000001
6503.91 80.16509
6509.77 80.15989
6515.62 80.15469
6521.48 80.14949
6527.34 80.14419000000001
6533.2 80.13879
6539.06 80.13329
6544.92 80.12769
6550.78 80.12179
6556.64 80.11579
6562.5 80.10959000000001
6568.36 80.10319000000001
6574.22 80.09659
6580.08 80.08979000000001
6585.94 80.08279
6591.8 80.07559
6597.66 80.06809000000001
6603.52 80.06039000000001
6609.38 80.05249
6615.23 80.04439
6621.09 80.03599000000001
6626.95 80.02729000000001
6632.81 80.01829000000001
6638.67 80.00899000000001
6644.53 79.99929
6650.39 79.98929000000001
6656.25 79.97879
6662.11 79.96789000000001
6667.97 79.95639
6673.83 79.94449
6679.69 79.93199
6685.55 79.91879
6691.41 79.90509
6697.27 79.89069
6703.12 79.87559
6708.98 79.85989000000001
6714.84 79.84349
6720.7 79.82639
6726.56 79.80859000000001
6732.42 79.79019000000001
6738.28 79.77109
6744.14 79.75139
6750.0 79.73119000000001
6755.86 79.71039
6761.72 79.68909000000001
6767.58 79.66749
6773.44 79.64549000000001
6779.3 79.62319000000001
6785.16 79.60059000000001
6791.02 79.57799
6796.88 79.55519000000001
6802.73 79.53249000000001
6808.59 79.50979000000001
6814.45 79.48719000000001
6820.31 79.46479000000001
6826.17 79.44259000000001
6832.03 79.42079000000001
6837.89 79.39919
6843.75 79.37789000000001
6849.61 79.35699000000001
6855.47 79.33649000000001
6861.33 79.31639000000001
6867.19 79.29659000000001
6873.05 79.27709
6878.91 79.25799
6884.77 79.23909
6890.62 79.22049000000001
6896.48 79.20209000000001
6902.34 79.18379
6908.2 79.16559000000001
6914.06 79.14739
6919.92 79.12919000000001
6925.78 79.11099
6931.64 79.09269
6937.5 79.07409000000001
6943.36 79.05549
6949.22 79.03659
6955.08 79.01749000000001
6960.94 78.99819000000001
6966.8 78.97859000000001
6972.66 78.95889000000001
6978.52 78.93899
6984.38 78.91899000000001
6990.23 78.89889000000001
6996.09 78.87889000000001
7001.95 78.85879
7007.81 78.83899000000001
7013.67 78.81939000000001
7019.53 78.80009000000001
7025.39 78.78119000000001
7031.25 78.76279000000001
7037.11 78.74509
7042.97 78.72809000000001
7048.83 78.71179000000001
7054.69 78.69639000000001
7060.55 78.68199
7066.41 78.66859000000001
7072.27 78.65619000000001
7078.12 78.64489
7083.98 78.63469
7089.84 78.62559
7095.7 78.61759
7101.56 78.61059
7107.42 78.60469
7113.28 78.59979
7119.14 78.59589000000001
7125.0 78.59279000000001
7130.86 78.59039
7136.72 78.58879
7142.58 78.58789
7148.44 78.58739
7154.3 78.58739
7160.16 78.58789
7166.02 78.58859000000001
7171.88 78.58949000000001
7177.73 78.59069000000001
7183.59 78.59189
7189.45 78.59329000000001
7195.31 78.59469
7201.17 78.59619
7207.03 78.59769
7212.89 78.59919000000001
7218.75 78.60089
7224.61 78.60259
7230.47 78.60439000000001
7236.33 78.60629
7242.19 78.60849
7248.05 78.61089000000001
7253.91 78.61349
7259.77 78.61639000000001
7265.62 78.61969
7271.48 78.62329000000001
7277.34 78.62729
7283.2 78.63169
7289.06 78.63649000000001
7294.92 78.64159000000001
7300.78 78.64709
7306.64 78.65299
7312.5 78.65909
7318.36 78.66539
7324.22 78.67189
7330.08 78.67859
7335.94 78.68529000000001
7341.8 78.69199
7347.66 78.69859000000001
7353.52 78.70509000000001
7359.38 78.71129
7365.23 78.71729
7371.09 78.72289
7376.95 78.72819000000001
7382.81 78.73309
7388.67 78.73749000000001
7394.53 78.74149
7400.39 78.74509
7406.25 78.74819000000001
7412.11 78.75099
7417.97 78.75329
7423.83 78.75539
7429.69 78.75719000000001
7435.55 78.75879
7441.41 78.76029000000001
7447.27 78.76169
7453.12 78.76309
7458.98 78.76459000000001
7464.84 78.76619000000001
7470.7 78.76799000000001
7476.56 78.77009000000001
7482.42 78.77239
7488.28 78.77509
7494.14 78.77809
7500.0 78.78139
7505.86 78.78499000000001
7511.72 78.78889000000001
7517.58 78.79289
7523.44 78.79939
7529.3 78.80369
7535.16 78.80799
7541.02 78.81209000000001
7546.88 78.81379000000001
7552.73 78.81739
7558.59 78.82059000000001
7564.45 78.82339
7570.31 78.82549
7576.17 78.82689
7582.03 78.82759
7587.89 78.82749000000001
7593.75 78.82639
7599.61 78.82429
7605.47 78.82119
7611.33 78.81719000000001
7617.19 78.81199000000001
7623.05 78.80579
7628.91 78.79859
7634.77 78.79039
7640.62 78.78119000000001
7646.48 78.77109
7652.34 78.76019000000001
7658.2 78.74859000000001
7664.06 78.73619000000001
7669.92 78.72329
7675.78 78.70989
7681.64 78.69609000000001
7687.5 78.68199
7693.36 78.66759
7699.22 78.65309
7705.08 78.63849
7710.94 78.62389
7716.8 78.60939
7722.66 78.59479
7728.52 78.58039000000001
7734.38 78.56609
7740.23 78.55189
7746.09 78.53779
7751.95 78.52379
7757.81 78.50979000000001
7763.67 78.49579
7769.53 78.48169
7775.39 78.46759
7781.25 78.45319
7787.11 78.43869000000001
7792.97 78.42389
7798.83 78.40879000000001
7804.69 78.39329000000001
7810.55 78.37739
7816.41 78.36099
7822.27 78.34429
7828.12 78.32709000000001
7833.98 78.30949000000001
7839.84 78.29149000000001
7845.7 78.27309000000001
7851.56 78.25449
7857.42 78.23579000000001
7863.28 78.21689
7869.14 78.19809000000001
7875.0 78.17939000000001
7880.86 78.16089000000001
7886.72 78.14289000000001
7892.58 78.12549
7898.44 78.10879
7904.3 78.09289000000001
7910.16 78.07809
7916.02 78.06439
7921.88 78.05209
7927.73 78.04109000000001
7933.59 78.03169000000001
7939.45 78.02389000000001
7945.31 78.01779
7951.17 78.01349
7957.03 78.01099
7962.89 78.01019000000001
7968.75 78.01129
7974.61 78.01419
7980.47 78.01869
7986.33 78.02499
7992.19 78.03269
7998.05 78.04199000000001
8003.91 78.05259000000001
8009.77 78.06439
8015.62 78.07729
8021.48 78.09109000000001
8027.34 78.10569000000001
8033.2 78.12099
8039.06 78.13679
8044.92 78.15299
8050.78 78.16939
8056.64 78.18599
8062.5 78.20259
8068.36 78.21919000000001
8074.22 78.23569
8080.08 78.25199
8085.94 78.26819
8091.8 78.28409
8097.66 78.29979
8103.52 78.31529
8109.38 78.33069
8115.23 78.34589000000001
8121.09 78.36109
8126.95 78.37629000000001
8132.81 78.39159000000001
8138.67 78.40709000000001
8144.53 78.42279
8150.39 78.43889
8156.25 78.45539000000001
8162.11 78.47249000000001
8167.97 78.49009000000001
8173.83 78.50849000000001
8179.69 78.52759
8185.55 78.54749000000001
8191.41 78.56819
8197.27 78.58969
8203.12 78.61219000000001
8208.98 78.63539
8214.84 78.65949
8220.7 78.68439000000001
8226.56 78.70989
8232.42 78.73609
8238.28 78.76289
8244.14 78.79019000000001
8250.0 78.81779
8255.86 78.84569
8261.72 78.87369000000001
8267.58 78.90179
8273.44 78.92979000000001
8279.3 78.95759000000001
8285.16 78.98509
8291.02 79.01229000000001
8296.88 79.03899000000001
8302.73 79.06509000000001
8308.59 79.09059
8314.45 79.11549000000001
8320.31 79.13959000000001
8326.17 79.16299000000001
8332.03 79.18559
8337.89 79.20749
8343.75 79.22859000000001
8349.61 79.24899
8355.47 79.26869
8361.33 79.28769000000001
8367.19 79.30599000000001
8373.05 79.32369
8378.91 79.34089
8384.77 79.35759
8390.62 79.37379
8396.48 79.38959000000001
8402.34 79.40499000000001
8408.2 79.41999000000001
8414.06 79.43469
8419.92 79.44909000000001
8425.78 79.46319000000001
8431.64 79.47709
8437.5 79.49059000000001
8443.36 79.50379000000001
8449.22 79.51659000000001
8455.08 79.52909000000001
8460.94 79.54119
8466.8 79.55279
8472.66 79.56399
8478.52 79.57449000000001
8484.38 79.58449
8490.23 79.59389
8496.09 79.60249
8501.95 79.61039000000001
8507.81 79.61749
8513.67 79.62379
8519.53 79.62929000000001
8525.39 79.63379
8531.25 79.63749
8537.11 79.64019
8542.97 79.64199
8548.83 79.64299000000001
8554.69 79.64299000000001
8560.55 79.64209000000001
8566.41 79.64029000000001
8572.27 79.63769
8578.12 79.63429000000001
8583.98 79.63019
8589.84 79.62519
8595.7 79.61959
8601.56 79.61329
8607.42 79.60639
8613.28 79.59889000000001
8619.14 79.59069000000001
8625.0 79.58209000000001
8630.86 79.57289
8636.72 79.56319
8642.58 79.55299000000001
8648.44 79.54229000000001
8654.3 79.53119000000001
8660.16 79.51949
8666.02 79.50749
8671.88 79.49489000000001
8677.73 79.48199000000001
8683.59 79.46859
8689.45 79.45469
8695.31 79.44049000000001
8701.17 79.42579
8707.03 79.41079
8712.89 79.39549000000001
8718.75 79.37989
8724.61 79.36409
8730.47 79.34799000000001
8736.33 79.33189
8742.19 79.31559
8748.05 79.29949
8753.91 79.28339000000001
8759.77 79.26749000000001
8765.62 79.25189
8771.48 79.23669000000001
8777.34 79.22199
8783.2 79.20779
8789.06 79.19419
8794.92 79.18129
8800.78 79.16919
8806.64 79.15799000000001
8812.5 79.14759000000001
8818.36 79.13819000000001
8824.22 79.12969000000001
8830.08 79.12209
8835.94 79.11549000000001
8841.8 79.10989000000001
8847.66 79.10519000000001
8853.52 79.10129
8859.38 79.09839000000001
8865.23 79.09619
8871.09 79.09489
8876.95 79.09419000000001
8882.81 79.09419000000001
8888.67 79.09479
8894.53 79.09589000000001
8900.39 79.09759000000001
8906.25 79.09969000000001
8912.11 79.10229000000001
8917.97 79.10529000000001
8923.83 79.10869000000001
8929.69 79.11259000000001
8935.55 79.11689000000001
8941.41 79.12159000000001
8947.27 79.12679
8953.12 79.13259000000001
8958.98 79.13889
8964.84 79.14569
8970.7 79.15329000000001
8976.56 79.16149
8982.42 79.17049
8988.28 79.18029
8994.14 79.19079
9000.0 79.20229
9005.86 79.21459
9011.72 79.22769000000001
9017.58 79.24179000000001
9023.44 79.25659
9029.3 79.27229000000001
9035.16 79.28879
9041.02 79.30589
9046.88 79.32369
9052.73 79.34199000000001
9058.59 79.36079000000001
9064.45 79.37989
9070.31 79.39929000000001
9076.17 79.41879
9082.03 79.43829000000001
9087.89 79.45759000000001
9093.75 79.47679000000001
9099.61 79.49559
9105.47 79.51399
9111.33 79.53179
9117.19 79.54909
9123.05 79.56559
9128.91 79.58139
9134.77 79.59629000000001
9140.62 79.61039000000001
9146.48 79.62349
9152.34 79.63579
9158.2 79.64719000000001
9164.06 79.65759
9169.92 79.66709
9175.78 79.67569
9181.64 79.68339
9187.5 79.69019
9193.36 79.69809000000001
9199.22 79.70299
9205.08 79.70699
9210.94 79.71029
9216.8 79.71279000000001
9222.66 79.71309000000001
9228.52 79.71459
9234.38 79.71529000000001
9240.23 79.71529000000001
9246.09 79.71459
9251.95 79.71319000000001
9257.81 79.71089
9263.67 79.70789
9269.53 79.70409000000001
9275.39 79.69939000000001
9281.25 79.69389000000001
9287.11 79.68739000000001
9292.97 79.67999
9298.83 79.67159000000001
9304.69 79.66219000000001
9310.55 79.65179
9316.41 79.64039000000001
9322.27 79.62779
9328.12 79.61429000000001
9333.98 79.59959
9339.84 79.58389000000001
9345.7 79.56719000000001
9351.56 79.54949
9357.42 79.53089
9363.28 79.51129
9369.14 79.49089000000001
9375.0 79.46969
9380.86 79.44779000000001
9386.72 79.42529
9392.58 79.40219
9398.44 79.37869
9404.3 79.35489000000001
9410.16 79.33079000000001
9416.02 79.30649000000001
9421.88 79.28209000000001
9427.73 79.25769000000001
9433.59 79.23349
9439.45 79.20929000000001
9445.31 79.18549
9451.17 79.16189
9457.03 79.13869000000001
9462.89 79.11579
9468.75 79.09339
9474.61 79.07149000000001
9480.47 79.04999000000001
9486.33 79.02899000000001
9492.19 79.00859000000001
9498.05 78.98849
9503.91 78.96899
9509.77 78.94979000000001
9515.62 78.93109000000001
9521.48 78.91279
9527.34 78.89479
9533.2 78.87709000000001
9539.06 78.85959000000001
9544.92 78.84239000000001
9550.78 78.82539
9556.64 78.80849
9562.5 78.79179
9568.36 78.77509
9574.22 78.75849000000001
9580.08 78.74199
9585.94 78.72549000000001
9591.8 78.70899
9597.66 78.69249
9603.52 78.67609
9609.38 78.65969000000001
9615.23 78.64339000000001
9621.09 78.62719
9626.95 78.61109
9632.81 78.59519
9638.67 78.57949
9644.53 78.56399
9650.39 78.54879000000001
9656.25 78.53389
9662.11 78.51949
9667.97 78.50549000000001
9673.83 78.49209
9679.69 78.47919
9685.55 78.46699000000001
9691.41 78.45549000000001
9697.27 78.44469000000001
9703.12 78.43469
9708.98 78.42549000000001
9714.84 78.41719
9720.7 78.40979
9726.56 78.40329000000001
9732.42 78.39769000000001
9738.28 78.39299000000001
9744.14 78.38929
9750.0 78.38639
9755.86 78.38449
9761.72 78.38329
9767.58 78.38299
9773.44 78.38339
9779.3 78.38449
9785.16 78.38619
9791.02 78.38839
9796.88 78.39099
9802.73 78.39399
9808.59 78.39729000000001
9814.45 78.40069000000001
9820.31 78.40419
9826.17 78.40759
9832.03 78.41089000000001
9837.89 78.41409
9843.75 78.41689000000001
9849.61 78.41939
9855.47 78.42139
9861.33 78.42289000000001
9867.19 78.42389
9873.05 78.42419000000001
9878.91 78.42389
9884.77 78.42289000000001
9890.62 78.42119000000001
9896.48 78.41889
9902.34 78.41579
9908.2 78.41209
9914.06 78.40769
9919.92 78.40259
9925.78 78.39699
9931.64 78.39079000000001
9937.5 78.38399000000001
9943.36 78.37679
9949.22 78.36919
9955.08 78.36119000000001
9960.94 78.35289
9966.8 78.34429
9972.66 78.33539
9978.52 78.32639
9984.38 78.31729
9990.23 78.30799
9996.09 78.29869000000001
10002.0 78.28929000000001
10007.8 78.27989000000001
10013.7 78.27039
10019.5 78.26099
10025.4 78.25149
10031.2 78.24209
10037.1 78.23259
10043.0 78.22319
10048.8 78.21369
10054.7 78.20419000000001
10060.5 78.19459
10066.4 78.18499
10072.3 78.17529
10078.1 78.16549
10084.0 78.15569
10089.8 78.14559000000001
10095.7 78.13549
10101.6 78.12519
10107.4 78.11479
10113.3 78.10419
10119.1 78.09339
10125.0 78.08239
10130.9 78.07129
10136.7 78.05999
10142.6 78.04849
10148.4 78.03679000000001
10154.3 78.02489
10160.2 78.01289
10166.0 78.00069
10171.9 77.98829
10177.7 77.97579
10183.6 77.96309000000001
10189.5 77.95029000000001
10195.3 77.93739000000001
10201.2 77.92439
10207.0 77.91129000000001
10212.9 77.89809000000001
10218.8 77.88489
10224.6 77.87169
10230.5 77.85859
10236.3 77.84549000000001
10242.2 77.83249
10248.0 77.81959
10253.9 77.80699
10259.8 77.79469
10265.6 77.78259
10271.5 77.77089000000001
10277.3 77.75959
10283.2 77.74879
10289.1 77.73849
10294.9 77.72889
10300.8 77.71979
10306.6 77.71139000000001
10312.5 77.70369000000001
10318.4 77.69679000000001
10324.2 77.69059
10330.1 77.68519
10335.9 77.68049
10341.8 77.67659
10347.7 77.67349
10353.5 77.67099
10359.4 77.66929
10365.2 77.66809
10371.1 77.66749
10377.0 77.66739000000001
10382.8 77.66769000000001
10388.7 77.66829
10394.5 77.66909000000001
10400.4 77.66999000000001
10406.2 77.67089
10412.1 77.67179
10418.0 77.67249000000001
10423.8 77.67299
10429.7 77.67319
10435.5 77.67289000000001
10441.4 77.67219
10447.3 77.67089
10453.1 77.66909000000001
10459.0 77.66669
10464.8 77.66379
10470.7 77.66019
10476.6 77.65599
10482.4 77.65119
10488.3 77.64589000000001
10494.1 77.63999000000001
10500.0 77.63379
10505.9 77.62709000000001
10511.7 77.62019000000001
10517.6 77.61289000000001
10523.4 77.60549
10529.3 77.59799000000001
10535.2 77.59039
10541.0 77.58289
10546.9 77.57539
10552.7 77.56809000000001
10558.6 77.56089
10564.5 77.55389000000001
10570.3 77.54709000000001
10576.2 77.54049
10582.0 77.53409
10587.9 77.52789
10593.8 77.52179000000001
10599.6 77.51589
10605.5 77.50989
10611.3 77.50399
10617.2 77.49799
10623.0 77.49179000000001
10628.9 77.48529
10634.8 77.47849000000001
10640.6 77.47129000000001
10646.5 77.46359000000001
10652.3 77.45529
10658.2 77.44639000000001
10664.1 77.43669
10669.9 77.42619
10675.8 77.41489
10681.6 77.40269
10687.5 77.38959000000001
10693.4 77.37559
10699.2 77.36069
10705.1 77.34489
10710.9 77.32809
10716.8 77.31049
10722.7 77.29199000000001
10728.5 77.27279
10734.4 77.25279
10740.2 77.23219
10746.1 77.21089
10752.0 77.18909000000001
10757.8 77.16689000000001
10763.7 77.14419000000001
10769.5 77.12119000000001
10775.4 77.09789
10781.2 77.07449000000001
10787.1 77.05079
10793.0 77.02709
10798.8 77.00329
10804.7 76.97939000000001
10810.5 76.95559
10816.4 76.93179
10822.3 76.90799000000001
10828.1 76.88409
10834.0 76.86039000000001
10839.8 76.83659
10845.7 76.81279
10851.6 76.78899000000001
10857.4 76.76509
10863.3 76.72909
10869.1 76.70499000000001
10875.0 76.68069000000001
10880.9 76.65629000000001
10886.7 76.63179000000001
10892.6 76.60709
10898.4 76.58219000000001
10904.3 76.56949
10910.2 76.54439
10916.0 76.51919000000001
10921.9 76.49379
10927.7 76.46839
10933.6 76.44279
10939.5 76.41729000000001
10945.3 76.39179
10951.2 76.36629
10957.0 76.34099
10962.9 76.31579
10968.8 76.29089
10974.6 76.26629000000001
10980.5 76.24209
10986.3 76.21819
10992.2 76.19489
10998.0 76.17209000000001
11003.9 76.14989
11009.8 76.12829
11015.6 76.10749000000001
11021.5 76.08729000000001
11027.3 76.06799000000001
11033.2 76.04949
11039.1 76.03179
11044.9 76.01489000000001
11050.8 75.99889
11056.6 75.98379
11062.5 75.96959000000001
11068.4 75.95619
11074.2 75.94369
11080.1 75.93209
11085.9 75.92129
11091.8 75.91139000000001
11097.7 75.90219
11103.5 75.89389
11109.4 75.88629
11115.2 75.87939
11121.1 75.87319000000001
11127.0 75.86769000000001
11132.8 75.86279
11138.7 75.85849
11144.5 75.85479000000001
11150.4 75.85159000000002
11156.2 75.84899000000001
11162.1 75.84679
11168.0 75.84499
11173.8 75.84369000000001
11179.7 75.84269
11185.5 75.84199000000001
11191.4 75.84159
11197.3 75.84149000000001
11203.1 75.84149000000001
11209.0 75.84169
11214.8 75.84199000000001
11220.7 75.84229
11226.6 75.84269
11232.4 75.84299000000001
11238.3 75.84319
11244.1 75.84319
11250.0 75.84309
11255.9 75.84269
11261.7 75.84199000000001
11267.6 75.84089
11273.4 75.83939000000001
11279.3 75.83749
11285.2 75.83509000000001
11291.0 75.83219
11296.9 75.82869000000001
11302.7 75.82469
11308.6 75.82009000000001
11314.5 75.81479000000002
11320.3 75.80899000000001
11326.2 75.80249
11332.0 75.79549
11337.9 75.78779
11343.8 75.77959000000001
11349.6 75.77079
11355.5 75.76149000000001
11361.3 75.75169
11367.2 75.74139
11373.0 75.73069000000001
11378.9 75.71959000000001
11384.8 75.70809
11390.6 75.69639000000001
11396.5 75.68429
11402.3 75.67199000000001
11408.2 75.65949
11414.1 75.64679000000001
11419.9 75.63389000000001
11425.8 75.62089
11431.6 75.60759000000002
11437.5 75.59419
11443.4 75.58069
11449.2 75.56689
11455.1 75.55289
11460.9 75.53859
11466.8 75.52399
11472.7 75.50909000000001
11478.5 75.49369000000002
11484.4 75.47789
11490.2 75.46149
11496.1 75.44459
11502.0 75.42689000000001
11507.8 75.40859
11513.7 75.38939
11519.5 75.36939000000001
11525.4 75.34849
11531.2 75.32659000000001
11537.1 75.30379
11543.0 75.27999
11548.8 75.25509
11554.7 75.22929
11560.5 75.20239000000001
11566.4 75.17449
11572.3 75.14569
11578.1 75.11599000000001
11584.0 75.08549000000001
11589.8 75.05419
11595.7 75.02219000000001
11601.6 74.98969
11607.4 74.95679000000001
11613.3 74.92349000000002
11619.1 74.88999000000001
11625.0 74.85639
11630.9 74.82289
11636.7 74.78949
11642.6 74.75649000000001
11648.4 74.72389000000001
11654.3 74.69179
11660.2 74.66039
11666.0 74.62979000000001
11671.9 74.59999
11677.7 74.57119
11683.6 74.54339
11689.5 74.51659000000001
11695.3 74.49099000000001
11701.2 74.46649000000001
11707.0 74.44309000000001
11712.9 74.42089000000001
11718.8 74.39979
11724.6 74.37979000000001
11730.5 74.36089000000001
11736.3 74.34299000000001
11742.2 74.32609000000001
11748.0 74.31009
11753.9 74.29489000000001
11759.8 74.28059
11765.6 74.26689
11771.5 74.25389000000001
11777.3 74.24149
11783.2 74.22959
11789.1 74.21809
11794.9 74.20709000000001
11800.8 74.19629
11806.6 74.18579
11812.5 74.17559
11818.4 74.16549
11824.2 74.15559
11830.1 74.14579
11835.9 74.13609
11841.8 74.12649
11847.7 74.11689000000001
11853.5 74.10739000000001
11859.4 74.09799000000001
11865.2 74.08859000000001
11871.1 74.07939
11877.0 74.07019
11882.8 74.06109000000001
11888.7 74.05219
11894.5 74.04349
11900.4 74.03499000000001
11906.2 74.02679
11912.1 74.01879
11918.0 74.01129
11923.8 74.00409
11929.7 73.99739
11935.5 73.99129
11941.4 73.98579000000001
11947.3 73.98089
11953.1 73.97679000000001
11959.0 73.97349
11964.8 73.97099
11970.7 73.96939
11976.6 73.96879000000001
11982.4 73.96919
11988.3 73.97069
11994.1 73.97319
12000.0 73.97689
12005.9 73.98169000000001
12011.7 73.98749000000001
12017.6 73.99449000000001
12023.4 74.00259
12029.3 74.01169000000002
12035.2 74.02189000000001
12041.0 74.03289000000001
12046.9 74.04479
12052.7 74.05749
12058.6 74.07079
12064.5 74.08469000000001
12070.3 74.09909
12076.2 74.11379000000001
12082.0 74.12869
12087.9 74.14369
12093.8 74.15869
12099.6 74.17359
12105.5 74.18819
12111.3 74.20249000000001
12117.2 74.21629000000001
12123.0 74.22969
12128.9 74.24249
12134.8 74.25459000000001
12140.6 74.26609
12146.5 74.27689000000001
12152.3 74.28699
12158.2 74.29639
12164.1 74.30519000000001
12169.9 74.31339
12175.8 74.32099000000001
12181.6 74.32799
12187.5 74.33469000000001
12193.4 74.34099
12199.2 74.34699
12205.1 74.35289
12210.9 74.35869
12216.8 74.36459
12222.7 74.37049
12228.5 74.37659000000001
12234.4 74.38299
12240.2 74.38969
12246.1 74.39689000000001
12252.0 74.40449000000001
12257.8 74.41259000000001
12263.7 74.42119
12269.5 74.43039
12275.4 74.44009
12281.2 74.45029
12287.1 74.46099000000001
12293.0 74.47209000000001
12298.8 74.48369
12304.7 74.49559
12310.5 74.50779
12316.4 74.52019000000001
12322.3 74.53279
12328.1 74.54539
12334.0 74.55799
12339.8 74.57049
12345.7 74.58279
12351.6 74.59479
12357.4 74.60649000000001
12363.3 74.61779000000001
12369.1 74.62859
12375.0 74.63889
12380.9 74.64859000000001
12386.7 74.65769
12392.6 74.66619
12398.4 74.67399
12404.3 74.68099000000001
12410.2 74.68739000000001
12416.0 74.69309000000001
12421.9 74.69799
12427.7 74.70229
12433.6 74.70589000000001
12439.5 74.70889
12445.3 74.71119000000002
12451.2 74.71299
12457.0 74.71419
12462.9 74.71489
12468.8 74.71519
12474.6 74.71509
12480.5 74.71459000000002
12486.3 74.71379
12492.2 74.71269000000001
12498.0 74.71139000000001
12503.9 74.70999
12509.8 74.70849000000001
12515.6 74.70689000000002
12521.5 74.70529
12527.3 74.70379
12533.2 74.70189
12539.1 74.70069000000001
12544.9 74.69959
12550.8 74.69879
12556.6 74.69809000000001
12562.5 74.69769000000001
12568.4 74.69749000000002
12574.2 74.69759
12580.1 74.69809000000001
12585.9 74.69849
12591.8 74.69919000000002
12597.7 74.69999000000001
12603.5 74.70109000000001
12609.4 74.70229
12615.2 74.70359
12621.1 74.70499000000001
12627.0 74.70639
12632.8 74.70789
12638.7 74.70929000000001
12644.5 74.71059
12650.4 74.71169
12656.2 74.71269000000001
12662.1 74.71339
12668.0 74.71389
12673.8 74.71399
12679.7 74.71369000000001
12685.5 74.71299
12691.4 74.71179000000001
12697.3 74.71019000000001
12703.1 74.70799
12709.0 74.70529
12714.8 74.70199000000001
12720.7 74.69819000000001
12726.6 74.69369
12732.4 74.68859
12738.3 74.68299
12744.1 74.67669000000001
12750.0 74.66979
12755.9 74.66229000000001
12761.7 74.65419
12767.6 74.64549
12773.4 74.63609
12779.3 74.62629000000001
12785.2 74.61579
12791.0 74.60469
12796.9 74.59309
12802.7 74.58089000000001
12808.6 74.56809000000001
12814.5 74.55479
12820.3 74.54089
12826.2 74.52649
12832.0 74.51159000000001
12837.9 74.49609000000001
12843.8 74.48009
12849.6 74.46349000000001
12855.5 74.44659000000001
12861.3 74.42909
12867.2 74.41119
12873.0 74.39289000000001
12878.9 74.37419
12884.8 74.35519000000001
12890.6 74.33589
12896.5 74.31639000000001
12902.3 74.29669000000001
12908.2 74.27679
12914.1 74.25679
12919.9 74.23689
12925.8 74.21689
12931.6 74.19699
12937.5 74.17719
12943.4 74.15759
12949.2 74.13809
12955.1 74.11889000000001
12960.9 74.09989000000002
12966.8 74.08119
12972.7 74.06269
12978.5 74.04449
12984.4 74.02649
12990.2 74.00869
12996.1 73.99109000000001
13002.0 73.97359
13007.8 73.95619
13013.7 73.93879000000001
13019.5 73.92139
13025.4 73.90389
13031.2 73.88629
13037.1 73.86859000000001
13043.0 73.85059000000001
13048.8 73.83239
13054.7 73.81399
13060.5 73.79529000000001
13066.4 73.77639
13072.3 73.75719000000001
13078.1 73.73789000000001
13084.0 73.71839
13089.8 73.69889
13095.7 73.67949000000002
13101.6 73.66029
13107.4 73.64129
13113.3 73.62269
13119.1 73.60479000000001
13125.0 73.58749
13130.9 73.57119
13136.7 73.55589
13142.6 73.54169
13148.4 73.52889
13154.3 73.51749000000001
13160.2 73.50769
13166.0 73.49949000000001
13171.9 73.49299
13177.7 73.48829
13183.6 73.48529
13189.5 73.48419000000001
13195.3 73.48469
13201.2 73.48699
13207.0 73.49079
13212.9 73.49609000000001
13218.8 73.50279
13224.6 73.51079000000001
13230.5 73.51979
13236.3 73.52969
13242.2 73.54039
13248.0 73.55159
13253.9 73.56329000000001
13259.8 73.57529
13265.6 73.58739
13271.5 73.59959
13277.3 73.61169000000001
13283.2 73.62359000000001
13289.1 73.63539
13294.9 73.64699
13300.8 73.65839
13306.6 73.66959
13312.5 73.68069
13318.4 73.69169000000001
13324.2 73.70279000000001
13330.1 73.71399
13335.9 73.72549000000001
13341.8 73.73729
13347.7 73.74969000000002
13353.5 73.76259
13359.4 73.77639
13365.2 73.79099000000001
13371.1 73.80659
13377.0 73.82319000000001
13382.8 73.84099
13388.7 73.85989000000001
13394.5 73.87999
13400.4 73.90119000000001
13406.2 73.92359
13412.1 73.94699
13418.0 73.97149
13423.8 73.99679
13429.7 74.02289
13435.5 74.04959000000001
13441.4 74.07679
13447.3 74.10429
13453.1 74.13189
13459.0 74.15949
13464.8 74.18679
13470.7 74.21389
13476.6 74.24039
13482.4 74.26619000000001
13488.3 74.29129
13494.1 74.31559000000001
13500.0 74.33879
13505.9 74.36109
13511.7 74.38229000000001
13517.6 74.40239
13523.4 74.42149
13529.3 74.43959000000001
13535.2 74.45669000000001
13541.0 74.47289
13546.9 74.48819
13552.7 74.50289000000001
13558.6 74.51689
13564.5 74.53039000000001
13570.3 74.54359000000001
13576.2 74.55639000000001
13582.0 74.56899000000001
13587.9 74.58159
13593.8 74.59419
13599.6 74.60689
13605.5 74.61969
13611.3 74.63279
13617.2 74.64599000000001
13623.0 74.65959000000001
13628.9 74.67339000000001
13634.8 74.68739000000001
13640.6 74.70159000000001
13646.5 74.71599
13652.3 74.73039
13658.2 74.74469
13664.1 74.75899000000001
13669.9 74.77299000000001
13675.8 74.78679
13681.6 74.80009000000001
13687.5 74.81279
13693.4 74.82489000000001
13699.2 74.83619000000002
13705.1 74.84669
13710.9 74.85619
13716.8 74.86459
13722.7 74.87199000000001
13728.5 74.87829
13734.4 74.88329
13740.2 74.88719
13746.1 74.88979
13752.0 74.89119000000001
13757.8 74.89139
13763.7 74.89049
13769.5 74.88839000000002
13775.4 74.88529
13781.2 74.88119
13787.1 74.87619000000001
13793.0 74.87029000000001
13798.8 74.86369
13804.7 74.85649000000001
13810.5 74.84869
13816.4 74.84029000000001
13822.3 74.83159
13828.1 74.82259
13834.0 74.81329000000001
13839.8 74.80389
13845.7 74.79439
13851.6 74.78479000000002
13857.4 74.77519000000001
13863.3 74.76559
13869.1 74.75599
13875.0 74.74659
13880.9 74.73709000000001
13886.7 74.72779
13892.6 74.71839
13898.4 74.70909
13904.3 74.69969
13910.2 74.69029
13916.0 74.68079
13921.9 74.67119
13927.7 74.66139000000001
13933.6 74.65129
13939.5 74.64089000000001
13945.3 74.63019
13951.2 74.61909
13957.0 74.60759000000002
13962.9 74.59569
13968.8 74.58319
13974.6 74.57029
13980.5 74.55689000000001
13986.3 74.54289
13992.2 74.52849
13998.0 74.51359000000001
14003.9 74.49819000000001
14009.8 74.48239000000001
14015.6 74.46629000000001
14021.5 74.44979000000001
14027.3 74.43309
14033.2 74.41619
14039.1 74.39919
14044.9 74.38229000000001
14050.8 74.36529000000002
14056.6 74.34859
14062.5 74.33219
14068.4 74.31609
14074.2 74.30039000000001
14080.1 74.28529
14085.9 74.27089000000001
14091.8 74.25719000000001
14097.7 74.24419
14103.5 74.23209
14109.4 74.22099
14115.2 74.21079
14121.1 74.20159000000001
14127.0 74.19339000000001
14132.8 74.18629000000001
14138.7 74.18029000000001
14144.5 74.17529
14150.4 74.17139
14156.2 74.16849
14162.1 74.16649000000001
14168.0 74.16559000000001
14173.8 74.16559000000001
14179.7 74.16639
14185.5 74.16809
14191.4 74.17059
14197.3 74.17379
14203.1 74.18079
14209.0 74.18549000000002
14214.8 74.19089
14220.7 74.19679000000001
14226.6 74.20319
14232.4 74.21009000000001
14238.3 74.21739000000001
14244.1 74.22519
14250.0 74.23349
14255.9 74.23839000000001
14261.7 74.24739
14267.6 74.25669
14273.4 74.26659000000001
14279.3 74.27689000000001
14285.2 74.28759000000001
14291.0 74.29879
14296.9 74.31059
14302.7 74.32279
14308.6 74.33549000000001
14314.5 74.34869
14320.3 74.36239
14326.2 74.37659000000001
14332.0 74.39119000000001
14337.9 74.40639000000002
14343.8 74.42199000000001
14349.6 74.43799000000001
14355.5 74.45449
14361.3 74.47129000000001
14367.2 74.48839000000001
14373.0 74.50579
14378.9 74.52349000000001
14384.8 74.54139
14390.6 74.55949000000001
14396.5 74.57759000000001
14402.3 74.59589
14408.2 74.61419000000001
14414.1 74.63239000000002
14419.9 74.65059000000001
14425.8 74.66869
14431.6 74.68669
14437.5 74.70449
14443.4 74.72219000000001
14449.2 74.73959
14455.1 74.75679
14460.9 74.77379
14466.8 74.79059000000001
14472.7 74.80709
14478.5 74.82339
14484.4 74.83939000000001
14490.2 74.85519000000001
14496.1 74.87079
14502.0 74.88619
14507.8 74.90139
14513.7 74.91639
14519.5 74.93129
14525.4 74.94609
14531.2 74.96069
14537.1 74.97529
14543.0 74.98979
14548.8 75.00439
14554.7 75.01889
14560.5 75.03349
14566.4 75.04809
14572.3 75.06279
14578.1 75.07769
14584.0 75.09269
14589.8 75.10789
14595.7 75.12339
14601.6 75.13909000000001
14607.4 75.15509
14613.3 75.17129
14619.1 75.18789000000001
14625.0 75.20489
14630.9 75.22219000000001
14636.7 75.23989
14642.6 75.25799
14648.4 75.27649
14654.3 75.29529000000001
14660.2 75.31449
14666.0 75.33409
14671.9 75.35409000000001
14677.7 75.37429
14683.6 75.39479
14689.5 75.41559000000001
14695.3 75.43649
14701.2 75.45759000000001
14707.0 75.47869
14712.9 75.49979
14718.8 75.52089000000001
14724.6 75.54179
14730.5 75.56259
14736.3 75.58299
14742.2 75.60319000000001
14748.0 75.62289000000001
14753.9 75.64219
14759.8 75.66109
14765.6 75.67929000000001
14771.5 75.69699
14777.3 75.71409
14783.2 75.73059
14789.1 75.74649000000001
14794.9 75.76189000000001
14800.8 75.77659
14806.6 75.79089
14812.5 75.80469000000001
14818.4 75.81809000000001
14824.2 75.83119
14830.1 75.84409000000001
14835.9 75.85679
14841.8 75.86949000000001
14847.7 75.88219000000001
14853.5 75.89499
14859.4 75.90819
14865.2 75.92159000000001
14871.1 75.93549000000002
14877.0 75.94989000000001
14882.8 75.96479000000001
14888.7 75.98039
14894.5 75.99659
14900.4 76.01349
14906.2 76.03119000000001
14912.1 76.04949
14918.0 76.06849000000001
14923.8 76.08809000000001
14929.7 76.10829000000001
14935.5 76.12899
14941.4 76.15009
14947.3 76.17159000000001
14953.1 76.19329
14959.0 76.21509
14964.8 76.23689
14970.7 76.25869
14976.6 76.28019
14982.4 76.30149
14988.3 76.32229000000001
14994.1 76.34259
15000.0 76.36229
15005.9 76.38149
15011.7 76.39989
15017.6 76.41759
15023.4 76.43449000000001
15029.3 76.45069000000001
15035.2 76.46619000000001
15041.0 76.48099
15046.9 76.49519000000001
15052.7 76.50879
15058.6 76.52189
15064.5 76.53459000000001
15070.3 76.54699000000001
15076.2 76.55919
15082.0 76.57129
15087.9 76.58349000000001
15093.8 76.59579000000001
15099.6 76.60829000000001
15105.5 76.62119000000001
15111.3 76.63459
15117.2 76.64849000000001
15123.0 76.66289
15128.9 76.67809000000001
15134.8 76.69389000000001
15140.6 76.71039
15146.5 76.72759
15152.3 76.74549
15158.2 76.76409000000001
15164.1 76.78319
15169.9 76.80299000000001
15175.8 76.82309000000001
15181.6 76.84369000000001
15187.5 76.86449
15193.4 76.88549
15199.2 76.90639
15205.1 76.92729
15210.9 76.94799
15216.8 76.96839
15222.7 76.98829
15228.5 77.00759000000001
15234.4 77.02629
15240.2 77.04419
15246.1 77.06129
15252.0 77.07749000000001
15257.8 77.09269
15263.7 77.10699000000001
15269.5 77.12029000000001
15275.4 77.13259000000001
15281.2 77.14399
15287.1 77.15429
15293.0 77.16379
15298.8 77.17249000000001
15304.7 77.18039
15310.5 77.18749000000001
15316.4 77.19409
15322.3 77.20019
15328.1 77.20579000000001
15334.0 77.21119
15339.8 77.21629
15345.7 77.22139
15351.6 77.22639000000001
15357.4 77.23149000000001
15363.3 77.23669000000001
15369.1 77.24219000000001
15375.0 77.24799
15380.9 77.25419000000001
15386.7 77.26069000000001
15392.6 77.26769
15398.4 77.27519000000001
15404.3 77.28309
15410.2 77.29149000000001
15416.0 77.30039000000001
15421.9 77.30969
15427.7 77.31939000000001
15433.6 77.32959000000001
15439.5 77.34009
15445.3 77.35089
15451.2 77.36199
15457.0 77.37339
15462.9 77.38489
15468.8 77.39669
15474.6 77.40849
15480.5 77.42049
15486.3 77.43259
15492.2 77.44469000000001
15498.0 77.45689
15503.9 77.46909000000001
15509.8 77.48139
15515.6 77.49379
15521.5 77.50629
15527.3 77.51879000000001
15533.2 77.53149
15539.1 77.54429
15544.9 77.55739000000001
15550.8 77.57059000000001
15556.6 77.58409
15562.5 77.59789
15568.4 77.61199
15574.2 77.62639
15580.1 77.64119000000001
15585.9 77.65639
15591.8 77.67189
15597.7 77.68779
15603.5 77.70409000000001
15609.4 77.72069
15615.2 77.73769
15621.1 77.75499
15627.0 77.77259000000001
15632.8 77.79049
15638.7 77.80859000000001
15644.5 77.82679
15650.4 77.84519
15656.2 77.86359
15662.1 77.88209
15668.0 77.90059000000001
15673.8 77.91899000000001
15679.7 77.93739000000001
15685.5 77.95559
15691.4 77.97369
15697.3 77.99159
15703.1 78.00939000000001
15709.0 78.02689000000001
15714.8 78.04429
15720.7 78.06149
15726.6 78.07859
15732.4 78.09549000000001
15738.3 78.11229
15744.1 78.12909
15750.0 78.14589000000001
15755.9 78.16269000000001
15761.7 78.17949
15767.6 78.19649000000001
15773.4 78.21359000000001
15779.3 78.23089
15785.2 78.24849
15791.0 78.26629000000001
15796.9 78.28439
15802.7 78.30279
15808.6 78.32149000000001
15814.5 78.34059
15820.3 78.35989000000001
15826.2 78.37949
15832.0 78.39939000000001
15837.9 78.41949000000001
15843.8 78.43979
15849.6 78.46019000000001
15855.5 78.48059
15861.3 78.50109
15867.2 78.52139000000001
15873.0 78.55109
15878.9 78.57079
15884.8 78.59009
15890.6 78.60899
15896.5 78.62739
15902.3 78.64539
15908.2 78.66269000000001
15914.1 78.67939000000001
15919.9 78.69549
15925.8 78.71099000000001
15931.6 78.71709
15937.5 78.73159000000001
15943.4 78.74539
15949.2 78.75859000000001
15955.1 78.77119
15960.9 78.78319
15966.8 78.79479
15972.7 78.80589
15978.5 78.81669000000001
15984.4 78.82709000000001
15990.2 78.83739
15996.1 78.84749000000001
16002.0 78.85749000000001
16007.8 78.86759
16013.7 78.87769
16019.5 78.88809
16025.4 78.89869
16031.2 78.90959000000001
16037.1 78.92099
16043.0 78.93269000000001
16048.8 78.94489
16054.7 78.95769
16060.5 78.97089000000001
16066.4 78.98469
16072.3 78.99909000000001
16078.1 79.01399
16084.0 79.02949000000001
16089.8 79.04549
16095.7 79.06189
16101.6 79.07879000000001
16107.4 79.09619
16113.3 79.11379000000001
16119.1 79.13179000000001
16125.0 79.15009
16130.9 79.16859000000001
16136.7 79.18719
16142.6 79.20589000000001
16148.4 79.22479
16154.3 79.24369
16160.2 79.26249
16166.0 79.28139
16171.9 79.30019
16177.7 79.31889000000001
16183.6 79.33759
16189.5 79.35609000000001
16195.3 79.37459000000001
16201.2 79.39309
16207.0 79.41149
16212.9 79.42989
16218.8 79.44819000000001
16224.6 79.46669
16230.5 79.48509
16236.3 79.50369
16242.2 79.52239
16248.0 79.54129
16253.9 79.56029000000001
16259.8 79.57969
16265.6 79.59919000000001
16271.5 79.61909
16277.3 79.63939
16283.2 79.65989
16289.1 79.68089
16294.9 79.70219
16300.8 79.72399
16306.6 79.74609000000001
16312.5 79.76859
16318.4 79.79159
16324.2 79.81489
16330.1 79.83859000000001
16335.9 79.86269
16341.8 79.88709
16347.7 79.91189
16353.5 79.93689
16359.4 79.96229000000001
16365.2 79.98779
16371.1 80.01369000000001
16377.0 80.03959
16382.8 80.06579
16388.7 80.09209
16394.5 80.11849000000001
16400.4 80.14499
16406.2 80.17149
16412.1 80.19799
16418.0 80.22449
16423.8 80.25099
16429.7 80.27749
16435.5 80.30379
16441.4 80.33009000000001
16447.3 80.35619000000001
16453.1 80.38219000000001
16459.0 80.40809
16464.8 80.43379
16470.7 80.45929000000001
16476.6 80.48469
16482.4 80.50989
16488.3 80.53479
16494.1 80.55959
16500.0 80.58409
16505.9 80.60849
16511.7 80.63259000000001
16517.6 80.65649
16523.4 80.68019000000001
16529.3 80.70369000000001
16535.2 80.72689000000001
16541.0 80.74999000000001
16546.9 80.77289
16552.7 80.79549
16558.6 80.81799000000001
16564.5 80.84029000000001
16570.3 80.86239
16576.2 80.88429000000001
16582.0 80.90609
16587.9 80.92769000000001
16593.8 80.94909000000001
16599.6 80.97039000000001
16605.5 80.99159
16611.3 81.01259
16617.2 81.03349
16623.0 81.05419
16628.9 81.07479000000001
16634.8 81.09529
16640.6 81.11559000000001
16646.5 81.13579
16652.3 81.15589
16658.2 81.17579
16664.1 81.19559000000001
16669.9 81.21519
16675.8 81.23469
16681.6 81.25409
16687.5 81.27319
16693.4 81.29219
16699.2 81.31099
16705.1 81.32959000000001
16710.9 81.34809
16716.8 81.36639000000001
16722.7 81.38449
16728.5 81.40239000000001
16734.4 81.42009
16740.2 81.43769
16746.1 81.45499000000001
16752.0 81.47219000000001
16757.8 81.48929000000001
16763.7 81.50619
16769.5 81.52299000000001
16775.4 81.53969000000001
16781.2 81.55629
16787.1 81.57279000000001
16793.0 81.58929
16798.8 81.60569000000001
16804.7 81.62209
16810.5 81.63849
16816.4 81.65499000000001
16822.3 81.67149
16828.1 81.68809
16834.0 81.70479
16839.8 81.72159
16845.7 81.73849
16851.6 81.75559000000001
16857.4 81.77289
16863.3 81.79029
16869.1 81.80789
16875.0 81.82569000000001
16880.9 81.84369000000001
16886.7 81.86179
16892.6 81.88019
16898.4 81.89869
16904.3 81.91729000000001
16910.2 81.93609000000001
16916.0 81.95509000000001
16921.9 81.97419000000001
16927.7 81.99329
16933.6 82.01259
16939.5 82.03179
16945.3 82.05119
16951.2 82.07049
16957.0 82.08979000000001
16962.9 82.10909000000001
16968.8 82.12829
16974.6 82.14739
16980.5 82.16639
16986.3 82.18529000000001
16992.2 82.20409000000001
16998.0 82.22269
17003.9 82.24109
17009.8 82.25939000000001
17015.6 82.27749
17021.5 82.29549
17027.3 82.31319
17033.2 82.33079000000001
17039.1 82.34819
17044.9 82.36539
17050.8 82.38249
17056.6 82.39939000000001
17062.5 82.41619
17068.4 82.43279000000001
17074.2 82.44919
17080.1 82.46559
17085.9 82.48169
17091.8 82.49779000000001
17097.7 82.51369000000001
17103.5 82.52949000000001
17109.4 82.54509
17115.2 82.56059
17121.1 82.57589
17127.0 82.59109000000001
17132.8 82.60599
17138.7 82.62069000000001
17144.5 82.63519000000001
17150.4 82.64939000000001
17156.2 82.66319
17162.1 82.67679000000001
17168.0 82.68989
17173.8 82.70269
17179.7 82.71489000000001
17185.5 82.72669
17191.4 82.73799000000001
17197.3 82.74869000000001
17203.1 82.75879
17209.0 82.76829000000001
17214.8 82.77709
17220.7 82.78519
17226.6 82.79259
17232.4 82.79929
17238.3 82.80519000000001
17244.1 82.81029000000001
17250.0 82.81469
17255.9 82.81829
17261.7 82.82119
17267.6 82.82329
17273.4 82.82459
17279.3 82.82529000000001
17285.2 82.82519
17291.0 82.82449000000001
17296.9 82.82309000000001
17302.7 82.82109000000001
17308.6 82.81849000000001
17314.5 82.81529
17320.3 82.81169
17326.2 82.80749
17332.0 82.80299000000001
17337.9 82.79789000000001
17343.8 82.79259
17349.6 82.78679000000001
17355.5 82.78069
17361.3 82.77429000000001
17367.2 82.76759000000001
17373.0 82.76059000000001
17378.9 82.75329
17384.8 82.74569000000001
17390.6 82.73789000000001
17396.5 82.72969
17402.3 82.72119
17408.2 82.71239
17414.1 82.70329000000001
17419.9 82.69369
17425.8 82.68379
17431.6 82.67349
17437.5 82.66279
17443.4 82.65159
17449.2 82.63989000000001
17455.1 82.62769
17460.9 82.61499
17466.8 82.60169
17472.7 82.58789
17478.5 82.57349
17484.4 82.55849
17490.2 82.54299
17496.1 82.52699000000001
17502.0 82.51039
17507.8 82.49319000000001
17513.7 82.47559000000001
17519.5 82.45739
17525.4 82.43889
17531.2 82.41989000000001
17537.1 82.40049
17543.0 82.38079
17548.8 82.35039
17554.7 82.33009000000001
17560.5 82.30969
17566.4 82.28909
17572.3 82.26849
17578.1 82.24769
17584.0 82.22689000000001
17589.8 82.20609
17595.7 82.18529000000001
17601.6 82.16459
17607.4 82.15439
17613.3 82.13369
17619.1 82.11299000000001
17625.0 82.09239000000001
17630.9 82.07169
17636.7 82.05109
17642.6 82.03039000000001
17648.4 82.00969
17654.3 81.98889000000001
17660.2 81.96799
17666.0 81.94699
17671.9 81.92579
17677.7 81.90429
17683.6 81.88269000000001
17689.5 81.86069
17695.3 81.83839
17701.2 81.81569
17707.0 81.79259
17712.9 81.76909
17718.8 81.74519000000001
17724.6 81.72089000000001
17730.5 81.69599000000001
17736.3 81.67069000000001
17742.2 81.64489
17748.0 81.61869
17753.9 81.59199000000001
17759.8 81.56479
17765.6 81.53729
17771.5 81.50939000000001
17777.3 81.48119000000001
17783.2 81.45269
17789.1 81.42389
17794.9 81.39489
17800.8 81.36569
17806.6 81.33639000000001
17812.5 81.30699
17818.4 81.27759
17824.2 81.24809
17830.1 81.21869000000001
17835.9 81.18939
17841.8 81.16009000000001
17847.7 81.13099000000001
17853.5 81.10199
17859.4 81.07309000000001
17865.2 81.04429
17871.1 81.01569
17877.0 80.98719000000001
17882.8 80.95869
17888.7 80.93039
17894.5 80.90199000000001
17900.4 80.87369000000001
17906.2 80.84529
17912.1 80.81669000000001
17918.0 80.78809000000001
17923.8 80.75919
17929.7 80.73009
17935.5 80.70059
17941.4 80.67079000000001
17947.3 80.64059
17953.1 80.60989000000001
17959.0 80.57869000000001
17964.8 80.54689
17970.7 80.51449000000001
17976.6 80.48149000000001
17982.4 80.44789
17988.3 80.41359
17994.1 80.37869
18000.0 80.34299
18005.9 80.30669
18011.7 80.26979
18017.6 80.23229
18023.4 80.19409
18029.3 80.15539000000001
18035.2 80.11619
18041.0 80.07649
18046.9 80.03639000000001
18052.7 79.99589
18058.6 79.95509000000001
18064.5 79.91409
18070.3 79.87289000000001
18076.2 79.83149
18082.0 79.79009
18087.9 79.74869000000001
18093.8 79.70729
18099.6 79.66599000000001
18105.5 79.62479
18111.3 79.58379000000001
18117.2 79.54289
18123.0 79.50229
18128.9 79.46189000000001
18134.8 79.42179
18140.6 79.38189000000001
18146.5 79.34229
18152.3 79.30279
18158.2 79.26359000000001
18164.1 79.22459
18169.9 79.18579000000001
18175.8 79.14699
18181.6 79.10839
18187.5 79.06979000000001
18193.4 79.03109
18199.2 78.99249
18205.1 78.95379000000001
18210.9 78.91489
18216.8 78.87589000000001
18222.7 78.83659
18228.5 78.79709000000001
18234.4 78.75729000000001
18240.2 78.71729
18246.1 78.67679000000001
18252.0 78.63609000000001
18257.8 78.59499000000001
18263.7 78.55359
18269.5 78.51179
18275.4 78.46969
18281.2 78.42729
18287.1 78.38469
18293.0 78.34169
18298.8 78.29859
18304.7 78.25529
18310.5 78.21199
18316.4 78.16849
18322.3 78.12509
18328.1 78.08169000000001
18334.0 78.03839
18339.8 77.99529000000001
18345.7 77.95249000000001
18351.6 77.90989
18357.4 77.86759
18363.3 77.82579000000001
18369.1 77.78429
18375.0 77.74329
18380.9 77.70279000000001
18386.7 77.66279
18392.6 77.62339
18398.4 77.58449
18404.3 77.54619000000001
18410.2 77.50839
18416.0 77.47109
18421.9 77.43439000000001
18427.7 77.39819
18433.6 77.36249000000001
18439.5 77.32719
18445.3 77.29239000000001
18451.2 77.25789
18457.0 77.22379000000001
18462.9 77.18989
18468.8 77.15629000000001
18474.6 77.12289000000001
18480.5 77.08969
18486.3 77.05659
18492.2 77.02359
18498.0 76.99059000000001
18503.9 76.95759000000001
18509.8 76.92459000000001
18515.6 76.89149
18521.5 76.85849
18527.3 76.82529000000001
18533.2 76.79199000000001
18539.1 76.75869
18544.9 76.72529
18550.8 76.69179000000001
18556.6 76.65829000000001
18562.5 76.62469
18568.4 76.59109000000001
18574.2 76.55749
18580.1 76.52389000000001
18585.9 76.49039
18591.8 76.45709000000001
18597.7 76.42379000000001
18603.5 76.39069
18609.4 76.35779000000001
18615.2 76.32509
18621.1 76.29269000000001
18627.0 76.26059000000001
18632.8 76.22879
18638.7 76.19729000000001
18644.5 76.16619
18650.4 76.13539
18656.2 76.10499
18662.1 76.07499
18668.0 76.04539
18673.8 76.01619000000001
18679.7 75.98729
18685.5 75.95869
18691.4 75.93049
18697.3 75.90259
18703.1 75.87499
18709.0 75.84759
18714.8 75.82049
18720.7 75.79359000000001
18726.6 75.76679000000001
18732.4 75.74019000000001
18738.3 75.71359000000001
18744.1 75.68719000000002
18750.0 75.66079
18755.9 75.63429000000001
18761.7 75.60789
18767.6 75.58139
18773.4 75.55489
18779.3 75.52829
18785.2 75.50159000000001
18791.0 75.47489000000002
18796.9 75.44799
18802.7 75.42109
18808.6 75.39409
18814.5 75.36709
18820.3 75.33999
18826.2 75.31299000000001
18832.0 75.28599
18837.9 75.25899000000001
18843.8 75.23209
18849.6 75.20539000000001
18855.5 75.17889
18861.3 75.15259
18867.2 75.12659000000001
18873.0 75.10089
18878.9 75.07549
18884.8 75.05059
18890.6 75.02609000000001
18896.5 75.00219000000001
18902.3 74.97869
18908.2 74.95579000000001
18914.1 74.93349
18919.9 74.91179
18925.8 74.89069
18931.6 74.87019000000001
18937.5 74.85039
18943.4 74.83119
18949.2 74.81249
18955.1 74.79449
18960.9 74.77699000000001
18966.8 74.76009
18972.7 74.74359000000001
18978.5 74.72759
18984.4 74.71199000000001
18990.2 74.69669
18996.1 74.68169
19002.0 74.66699
19007.8 74.65239
19013.7 74.63799
19019.5 74.62359000000001
19025.4 74.60909000000001
19031.2 74.59469000000001
19037.1 74.58009000000001
19043.0 74.56539000000001
19048.8 74.55039000000001
19054.7 74.53519
19060.5 74.51979
19066.4 74.50399000000002
19072.3 74.48789000000001
19078.1 74.47139000000001
19084.0 74.45469
19089.8 74.43749
19095.7 74.42009000000002
19101.6 74.40229000000001
19107.4 74.38419
19113.3 74.36579
19119.1 74.34719000000001
19125.0 74.32839000000001
19130.9 74.30939000000001
19136.7 74.29029
19142.6 74.27109000000002
19148.4 74.25189
19154.3 74.23269
19160.2 74.21349000000001
19166.0 74.19449
19171.9 74.17559
19177.7 74.15679
19183.6 74.13829000000001
19189.5 74.11999
19195.3 74.10189
19201.2 74.08419
19207.0 74.06669000000001
19212.9 74.04959000000001
19218.8 74.02519000000001
19224.6 74.00879
19230.5 73.99279000000001
19236.3 73.97689
19242.2 73.96139000000001
19248.0 73.94609
19253.9 73.93099000000001
19259.8 73.91609
19265.6 73.90139
19271.5 73.88679
19277.3 73.87239
19283.2 73.86529000000002
19289.1 73.85089
19294.9 73.83649
19300.8 73.82219
19306.6 73.80789000000001
19312.5 73.79349
19318.4 73.77909
19324.2 73.76469
19330.1 73.75029
19335.9 73.73569
19341.8 73.72109
19347.7 73.70649
19353.5 73.69179
19359.4 73.67699
19365.2 73.66219000000001
19371.1 73.64739
19377.0 73.63269
19382.8 73.61789
19388.7 73.60319000000001
19394.5 73.58859000000001
19400.4 73.57409000000001
19406.2 73.55969
19412.1 73.54549
19418.0 73.53149
19423.8 73.51769000000002
19429.7 73.50419000000001
19435.5 73.49099000000001
19441.4 73.47809000000001
19447.3 73.46559
19453.1 73.45339000000001
19459.0 73.44159
19464.8 73.43019000000001
19470.7 73.41919000000001
19476.6 73.40859
19482.4 73.39839
19488.3 73.38869
19494.1 73.37929
19500.0 73.37029000000001
19505.9 73.36169000000001
19511.7 73.35339
19517.6 73.34549000000001
19523.4 73.33779000000001
19529.3 73.33029
19535.2 73.32309000000001
19541.0 73.31599
19546.9 73.30899000000001
19552.7 73.30209
19558.6 73.29509000000002
19564.5 73.28809000000001
19570.3 73.28089
19576.2 73.27349000000001
19582.0 73.26589000000001
19587.9 73.25809000000001
19593.8 73.24979
19599.6 73.24119
19605.5 73.23209
19611.3 73.22259
19617.2 73.21259
19623.0 73.20219
19628.9 73.19119
19634.8 73.17979
19640.6 73.16789
19646.5 73.15569
19652.3 73.14299
19658.2 73.13009
19664.1 73.11699000000002
19669.9 73.10379
19675.8 73.09059
19681.6 73.07749000000001
19687.5 73.06459000000001
19693.4 73.05209
19699.2 73.03999
19705.1 73.02859000000001
19710.9 73.01799
19716.8 73.00819000000001
19722.7 72.99949000000001
19728.5 72.99189000000001
19734.4 72.98559
19740.2 72.98049
19746.1 72.97689
19752.0 72.97469000000001
19757.8 72.97389000000001
19763.7 72.97459
19769.5 72.97669
19775.4 72.98019000000001
19781.2 72.98489000000001
19787.1 72.99079
19793.0 72.99749
19798.8 73.00509
19804.7 73.01319000000001
19810.5 73.02149
19816.4 73.02979
19822.3 73.03769
19828.1 73.04489000000001
19834.0 73.05109000000002
19839.8 73.05579
19845.7 73.05859000000001
19851.6 73.05909
19857.4 73.05699000000001
19863.3 73.05169000000001
19869.1 73.04279
19875.0 73.02999
19880.9 73.01279
19886.7 72.99079
19892.6 72.96379
19898.4 72.93129
19904.3 72.89299
19910.2 72.84879000000001
19916.0 72.79839000000001
19921.9 72.74159
19927.7 72.67819
19933.6 72.60839000000001
19939.5 72.53199000000001
19945.3 72.44899000000001
19951.2 72.35969
19957.0 72.26419000000001
19962.9 72.16259000000001
19968.8 72.05539
19974.6 71.94289
19980.5 71.82539
19986.3 71.70359
19992.2 71.57769
19998.0 71.44859
