20.0 69.600388
20.290899 69.805389
20.586 70.01239
20.8855 70.218384
21.189301 70.422386
21.497499 70.618385
21.8102 70.80439
22.127399 70.975388
22.4492 71.131386
22.775801 71.270386
23.1071 71.395386
23.443199 71.514389
23.7841 71.632385
24.1301 71.758385
24.4811 71.897385
24.8372 72.049385
25.1984 72.213387
25.564899 72.385384
25.9368 72.560387
26.3141 72.733383
26.6968 72.905388
27.0851 73.074387
27.479099 73.242386
27.878799 73.411385
28.2843 73.58239
28.6957 73.756386
29.1131 73.932388
29.536501 74.11039
29.966101 74.291389
30.402 74.474388
30.8442 74.666389
31.2929 74.861389
31.748 75.058388
32.209801 75.257385
32.678299 75.464386
33.153599 75.672386
33.635899 75.879387
34.125099 76.087387
34.621498 76.29039
35.125 76.490387
35.635899 76.678391
36.154301 76.86039
36.680199 77.04039
37.213699 77.222389
37.755 77.411392
38.3041 77.605385
38.861301 77.806389
39.426498 78.007385
40.0 78.209389
40.581799 78.410385
41.1721 78.611389
41.771 78.815392
42.378502 79.021385
42.9949 79.229385
43.6203 79.437386
44.254799 79.645386
44.898499 79.853386
45.551498 80.062386
46.2141 80.271385
46.886299 80.480385
47.568298 80.689392
48.260201 80.898392
48.962101 81.108391
49.674301 81.31739
50.396801 81.5036573447163
51.129902 81.68859114081162
51.8736 81.87219251414147
52.628101 82.06744698314604
53.3936 82.23436341236817
54.1702 82.41592956102794
54.958099 82.59814019927654
55.7575 82.78098793994585
56.568501 82.96247169957527
57.391399 83.14258113339169
58.226101 83.32231216753617
59.073 83.49666943670279
59.932301 83.66563149079562
60.804 83.82720745567016
61.6884 83.97637479776994
62.585701 84.11214422431844
63.496 84.22950668331899
64.419601 84.33144260975128
65.356598 84.4189660460103
66.307297 84.49105036414792
67.271698 84.55070256416418
68.250198 84.60291615489763
69.242897 84.65868698995995
70.250099 84.71799250433081
71.271896 84.783842803333
72.308601 84.85422803877123
73.360298 84.92713256767932
74.427399 85.00055942693761
75.509903 85.07749964800996
76.608299 85.15593884505773
77.722603 85.23688351465877
78.853104 85.31731156375098
80.0 85.39522376248559
81.163597 85.46961248291444
82.3442 85.54146712855335
83.541901 85.60877880472506
84.757 85.67155307226476
85.989899 85.7267622826916
87.240601 85.7754083416139
88.509598 85.82047976880138
89.797 85.85797610322692
91.103104 85.88187600011737
92.4282 85.9061853349467
93.772598 85.93388435391127
95.136597 85.95397164931016
96.520401 85.97142880251127
97.924301 85.98225665752472
99.348602 85.98944461786627
100.794 85.99296278467354
102.26 85.99284173256848
103.747 85.99005393892577
105.256 85.98357493986268
106.787 85.97039973537915
108.34 85.94853732547523
109.916 85.91394924626816
111.515 85.86263949775794
113.137 85.78160607994458
114.783 85.66081652894532
116.452 85.5053063086429
118.146 85.33800049127186
119.865 85.18491507683217
121.608 85.06407152920659
123.377 84.97341592062962
125.171 84.90496871498401
126.992 84.85067098450426
128.839 84.80755719307314
130.713 84.76659887680788
132.615 84.71774857182575
134.543 84.63209220589222
136.5 84.48651738735907
138.486 84.30003011622632
140.5 84.08166285637667
142.544 83.87935068004467
144.617 83.72512105111304
146.721 83.60392104181628
148.855 83.50278011603717
151.02 83.41766280989295
153.217 83.34053365950085
155.445 83.27943412874366
157.706 83.22229428985585
160.0 83.15411414283744
162.327 83.08089768768842
164.688 83.01861246052606
167.084 82.9572249974676
169.514 82.90576976239579
171.98 82.86617382754514
174.481 82.79148765679838
177.019 82.64363232239003
179.594 82.44460882432011
182.206 82.2074261625886
184.856 81.97304587331276
187.545 81.77044349260983
190.273 81.58661002047984
193.041 81.45051499304
195.849 81.35116241029036
198.697 81.28155727223088
201.587 81.2246236510961
204.52 81.16434508300325
207.494 81.10176949571783
210.512 81.07881049759159
213.574 81.08046808862456
216.681 81.03970880493398
219.833 80.93253864651984
223.03 80.76994461338217
226.274 80.55987377775543
229.565 80.34933213963966
232.905 80.17323577126933
236.292 80.05667360041
239.729 80.03552923541335
243.216 80.04081267627944
246.754 80.0104954591255
250.343 79.94356858395153
253.984 79.8100115868748
257.678 79.67278800401255
261.426 79.63085737148202
265.229 79.62320022540051
269.087 79.58980956576798
273.001 79.54166492870168
276.972 79.4747208503189
281.0 79.34098733061963
285.088 79.17035597795561
289.234 78.94290672009232
293.441 78.5445391653816
297.709 78.21025431382336
302.04 78.15298623765216
306.433 78.18276540075072
310.89 78.06953087535358
315.412 77.78524519757796
320.0 77.37089290354115
324.655 76.91742852936036
329.377 76.63785207503564
334.168 76.57511361280146
339.028 76.60819614265785
343.959 76.69304573683928
348.962 76.73563693146302
354.038 76.61392826264635
359.188 76.19288626650649
364.412 75.62252094304347
369.713 75.23472990060904
375.09 75.10854760308595
380.546 75.07887965882594
386.081 75.07072706782903
391.697 74.91002490232972
397.394 74.66578016232803
403.175 74.5608834561757
409.039 74.4853802477555
414.989 74.40717114541918
421.025 74.21325714916672
427.149 73.93456633123265
433.362 73.69008522773423
439.665 73.5767673747887
446.06 73.42555884463057
452.548 73.22741817337712
459.131 73.0462924332628
465.809 72.81217462428769
472.584 72.55400881868623
479.458 72.33972508869296
486.432 72.14529697042514
493.507 71.90969000000001
503.906 71.90969000000001
509.766 71.70619
515.625 71.51179
521.484 71.32749000000001
527.344 71.15429
533.203 70.99279000000001
539.062 70.84349
544.922 70.70639
550.781 70.58139
556.641 70.46799000000001
562.5 70.36529
568.359 70.27239
574.219 70.18799000000001
580.078 70.11059
585.938 70.03889000000001
591.797 69.97119
597.656 69.90589
603.516 69.84159
609.375 69.77689000000001
615.234 69.71039
621.094 69.64099
626.953 69.56769
632.812 69.48979
638.672 69.40669
644.531 69.31819
650.391 69.22429
656.25 69.12509
662.109 69.02119
667.969 68.91349
673.828 68.80329
679.688 68.69189
685.547 68.58139
691.406 68.47379000000001
697.266 68.37169
703.125 68.27759
708.984 68.19439
714.844 68.12479
720.703 68.07159000000001
726.562 68.03709
732.422 68.02329
738.281 68.03159
744.141 68.06269
750.0 68.11649
755.859 68.19249
761.719 68.28899000000001
767.578 68.40419
773.438 68.53559000000001
779.297 68.68059
785.156 68.83639
791.016 69.00009
796.875 69.16899000000001
802.734 69.34089
808.594 69.51329000000001
814.453 69.68449000000001
820.312 69.85279
826.172 70.01709
832.031 70.17639
837.891 70.40329
843.75 70.47459
849.609 70.61579
855.469 70.75079
861.328 70.87999
867.188 71.00359
873.047 71.12229
878.906 71.23669000000001
884.766 71.34759
890.625 71.45569
896.484 71.56189
902.344 71.66699
908.203 71.77189000000001
914.062 71.87719000000001
919.922 71.98369
925.781 72.09179
931.641 72.20199
937.5 72.31459000000001
943.359 72.42959
949.219 72.54699
955.078 72.66659000000001
960.938 72.78809000000001
966.797 72.91099
972.656 73.03479
978.516 73.15869
984.375 73.28209000000001
990.234 73.40419
996.094 73.52419
1001.95 73.64149
1007.81 73.75519
1013.67 73.86459
1019.53 73.96919
1025.39 74.06839
1031.25 74.16169000000001
1037.11 74.24869000000001
1042.97 74.32909000000001
1048.83 74.40269
1054.69 74.46929
1060.55 74.52879000000001
1066.41 74.58139
1072.27 74.62699
1078.12 74.66599000000001
1083.98 74.69839
1089.84 74.72479000000001
1095.7 74.74539000000001
1101.56 74.76059000000001
1107.42 74.77099000000001
1113.28 74.77699000000001
1119.14 74.77909
1125.0 74.77789000000001
1130.86 74.77399
1136.72 74.76779
1142.58 74.75989000000001
1148.44 74.75069
1154.3 74.74069
1160.16 74.73019000000001
1166.02 74.71969000000001
1171.88 74.70939000000001
1177.73 74.69939
1183.59 74.68979
1189.45 74.68089
1195.31 74.67239000000001
1201.17 74.66439
1207.03 74.65669
1212.89 74.64909
1218.75 74.64129
1224.61 74.63309000000001
1230.47 74.62419
1236.33 74.61429000000001
1242.19 74.60289
1248.05 74.58979000000001
1253.91 74.57479000000001
1259.77 74.55739
1265.62 74.53739
1271.48 74.51459
1277.34 74.48889
1283.2 74.45989
1289.06 74.42779
1294.92 74.39229
1300.78 74.35349000000001
1306.64 74.31149
1312.5 74.26629
1318.36 74.21809
1324.22 74.16699
1330.08 74.11339000000001
1335.94 74.05749
1341.8 73.99969
1347.66 73.94019
1353.52 73.87939
1359.38 73.81779
1365.23 73.75579
1371.09 73.69379
1376.95 73.63209
1382.81 73.57119
1388.67 73.51149000000001
1394.53 73.45319
1400.39 73.39679000000001
1406.25 73.34239
1412.11 73.29029
1417.97 73.24049
1423.83 73.19329
1429.69 73.14859000000001
1435.55 73.10629
1441.41 73.06649
1447.27 73.02869000000001
1453.12 72.99299
1458.98 72.95899
1464.84 72.92629
1470.7 72.89459
1476.56 72.86369
1482.42 72.83289
1488.28 72.80209
1494.14 72.77079
1500.0 72.73859
1505.86 72.70519
1511.72 72.67029
1517.58 72.63359
1523.44 72.59479
1529.3 72.55389
1535.16 72.51069000000001
1541.02 72.46519
1546.88 72.41729000000001
1552.73 72.36719000000001
1558.59 72.31489
1564.45 72.26069000000001
1570.31 72.20489
1576.17 72.14789
1582.03 72.08989
1587.89 72.03139
1593.75 71.97299000000001
1599.61 71.91529
1605.47 71.85869
1611.33 71.80379
1617.19 71.75139000000001
1623.05 71.70199
1628.91 71.65629000000001
1634.77 71.61479
1640.62 71.57809
1646.48 71.54669000000001
1652.34 71.52109
1658.2 71.50169
1664.06 71.48879
1669.92 71.48259
1675.78 71.48329000000001
1681.64 71.49089000000001
1687.5 71.50539
1693.36 71.52659
1699.22 71.55419
1705.08 71.58809
1710.94 71.62759
1716.8 71.67249000000001
1722.66 71.72199
1728.52 71.77579
1734.38 71.83299
1740.23 71.89319
1746.09 71.95559
1751.95 72.01959
1757.81 72.08459
1763.67 72.14989
1769.53 72.21499
1775.39 72.27929
1781.25 72.34229
1787.11 72.40359000000001
1792.97 72.46289
1798.83 72.51969
1804.69 72.57389
1810.55 72.62519
1816.41 72.67359
1822.27 72.71889
1828.12 72.76109
1833.98 72.80039000000001
1839.84 72.83679000000001
1845.7 72.87049
1851.56 72.90169
1857.42 72.93069
1863.28 72.95769000000001
1869.14 72.98299
1875.0 73.00709
1880.86 73.03009
1886.72 73.05249
1892.58 73.07449
1898.44 73.09639000000001
1904.3 73.11859000000001
1910.16 73.14129
1916.02 73.16459
1921.88 73.18879000000001
1927.73 73.21389
1933.59 73.23989
1939.45 73.26699
1945.31 73.29489000000001
1951.17 73.32369
1957.03 73.35309000000001
1962.89 73.38299
1968.75 73.41299000000001
1974.61 73.44309000000001
1980.47 73.47269
1986.33 73.50169
1992.19 73.52969
1998.05 73.55639000000001
2003.91 73.58149
2009.77 73.60469
2015.62 73.62559
2021.48 73.64409
2027.34 73.65979
2033.2 73.67269
2039.06 73.68249
2044.92 73.68909000000001
2050.78 73.69239
2056.64 73.69239
2062.5 73.68909000000001
2068.36 73.68269000000001
2074.22 73.67299
2080.08 73.66049000000001
2085.94 73.64509000000001
2091.8 73.62719000000001
2097.66 73.60699
2103.52 73.58479
2109.38 73.56089
2115.23 73.53569
2121.09 73.50949
2126.95 73.48269
2132.81 73.45569
2138.67 73.42869
2144.53 73.40219
2150.39 73.37639000000001
2156.25 73.35159
2162.11 73.32809
2167.97 73.30609000000001
2173.83 73.28569
2179.69 73.26719
2185.55 73.25049000000001
2191.41 73.23569
2197.27 73.22279
2203.12 73.21169
2208.98 73.20239000000001
2214.84 73.19469000000001
2220.7 73.18849
2226.56 73.18359000000001
2232.42 73.17979
2238.28 73.17689000000001
2244.14 73.17469
2250.0 73.17289
2255.86 73.17139
2261.72 73.16979
2267.58 73.16809
2273.44 73.16589
2279.3 73.16319000000001
2285.16 73.15969000000001
2291.02 73.15529000000001
2296.88 73.14989
2302.73 73.14339000000001
2308.59 73.13569000000001
2314.45 73.12679
2320.31 73.11659
2326.17 73.10509
2332.03 73.09239
2337.89 73.07859
2343.75 73.06359
2349.61 73.04759000000001
2355.47 73.03069
2361.33 73.01309
2367.19 72.99479
2373.05 72.97599
2378.91 72.95679000000001
2384.77 72.93739000000001
2390.62 72.91789
2396.48 72.89829
2402.34 72.87889000000001
2408.2 72.85959
2414.06 72.84049
2419.92 72.82159000000001
2425.78 72.80299
2431.64 72.78459000000001
2437.5 72.76629
2443.36 72.74809
2449.22 72.72999
2455.08 72.71169
2460.94 72.69329
2466.8 72.67449
2472.66 72.65529000000001
2478.52 72.63559000000001
2484.38 72.61529
2490.23 72.59429
2496.09 72.57259
2501.95 72.55009000000001
2507.81 72.51489000000001
2513.67 72.49059
2519.53 72.47799
2525.39 72.45289
2531.25 72.42729
2537.11 72.40139
2542.97 72.37529
2548.83 72.34929
2554.69 72.32349
2560.55 72.29809
2566.41 72.27349000000001
2572.27 72.24969
2578.12 72.22719000000001
2583.98 72.20599000000001
2589.84 72.18649
2595.7 72.16889
2601.56 72.15329
2607.42 72.13999000000001
2613.28 72.12909
2619.14 72.12079
2625.0 72.11519000000001
2630.86 72.11239
2636.72 72.11229
2642.58 72.11499
2648.44 72.12039000000001
2654.3 72.12839
2660.16 72.13899
2666.02 72.15189000000001
2671.88 72.16689
2677.73 72.18369000000001
2683.59 72.20209
2689.45 72.22179
2695.31 72.24229
2701.17 72.26339
2707.03 72.28459000000001
2712.89 72.30549
2718.75 72.32579000000001
2724.61 72.34499
2730.47 72.36279
2736.33 72.37879000000001
2742.19 72.39269
2748.05 72.40409
2753.91 72.41269
2759.77 72.41819000000001
2765.62 72.42049
2771.48 72.41939
2777.34 72.41469000000001
2783.2 72.40629000000001
2789.06 72.39419000000001
2794.92 72.37839
2800.78 72.35879
2806.64 72.33569
2812.5 72.30899
2818.36 72.27909
2824.22 72.24609000000001
2830.08 72.21019000000001
2835.94 72.17169000000001
2841.8 72.13099
2847.66 72.08829
2853.52 72.04409000000001
2859.38 71.99869000000001
2865.23 71.95239000000001
2871.09 71.90569
2876.95 71.85889
2882.81 71.81239000000001
2888.67 71.76649
2894.53 71.72159
2900.39 71.67789
2906.25 71.63579000000001
2912.11 71.59539000000001
2917.97 71.55699000000001
2923.83 71.52069
2929.69 71.48669000000001
2935.55 71.45489
2941.41 71.42539000000001
2947.27 71.39809
2953.12 71.37319
2958.98 71.35029
2964.84 71.32939
2970.7 71.31039000000001
2976.56 71.29309
2982.42 71.27719
2988.28 71.26269
2994.14 71.24909
3000.0 71.23639
3005.86 71.22429
3011.72 71.21259
3017.58 71.20109000000001
3023.44 71.18949
3029.3 71.17769000000001
3035.16 71.16559000000001
3041.02 71.15289000000001
3046.88 71.13959
3052.73 71.12559
3058.59 71.11079000000001
3064.45 71.09509
3070.31 71.07849
3076.17 71.06109000000001
3082.03 71.04279
3087.89 71.02369
3093.75 71.00389000000001
3099.61 70.98349
3105.47 70.96259
3111.33 70.94139000000001
3117.19 70.91989000000001
3123.05 70.89829
3128.91 70.87689
3134.77 70.85569000000001
3140.62 70.83489
3146.48 70.81469000000001
3152.34 70.79519
3158.2 70.77649
3164.06 70.75869
3169.92 70.74199
3175.78 70.72629
3181.64 70.71169
3187.5 70.69819000000001
3193.36 70.68589
3199.22 70.67459
3205.08 70.66419
3210.94 70.65479
3216.8 70.64619
3222.66 70.63829000000001
3228.52 70.63089
3234.38 70.62389
3240.23 70.61709
3246.09 70.61049
3251.95 70.60369
3257.81 70.59669
3263.67 70.58939000000001
3269.53 70.58149
3275.39 70.57289
3281.25 70.56359
3287.11 70.55329
3292.97 70.54209
3298.83 70.52979
3304.69 70.51629
3310.55 70.50169
3316.41 70.48579000000001
3322.27 70.46879000000001
3328.12 70.45049
3333.98 70.43099000000001
3339.84 70.41039
3345.7 70.38869
3351.56 70.36589000000001
3357.42 70.34219
3363.28 70.31759
3369.14 70.29219
3375.0 70.26619
3380.86 70.23959
3386.72 70.21249
3392.58 70.18489
3398.44 70.15709000000001
3404.3 70.12889000000001
3410.16 70.10049000000001
3416.02 70.07189
3421.88 70.04309
3427.73 70.01399
3433.59 69.98459
3439.45 69.95479
3445.31 69.92459
3451.17 69.89389
3457.03 69.86239
3462.89 69.83009000000001
3468.75 69.79669000000001
3474.61 69.76219
3480.47 69.72629
3486.33 69.68879000000001
3492.19 69.64949000000001
3498.05 69.60839000000001
3503.91 69.56519
3509.77 69.51979
3515.62 69.47209000000001
3521.48 69.42189
3527.34 69.36919
3533.2 69.31399
3539.06 69.25609
3544.92 69.19569000000001
3550.78 69.13269
3556.64 69.06729000000001
3562.5 68.99949000000001
3568.36 68.92949
3574.22 68.85739000000001
3580.08 68.78349
3585.94 68.70789
3591.8 68.63099
3597.66 68.55289
3603.52 68.47409
3609.38 68.39479
3615.23 68.31519
3621.09 68.23589000000001
3626.95 68.15709000000001
3632.81 68.07909000000001
3638.67 68.00229
3644.53 67.92709
3650.39 67.85369
3656.25 67.78249
3662.11 67.71369000000001
3667.97 67.64769000000001
3673.83 67.58469
3679.69 67.52479
3685.55 67.46829
3691.41 67.41529
3697.27 67.36589000000001
3703.12 67.32019
3708.98 67.27829
3714.84 67.24019000000001
3720.7 67.20589000000001
3726.56 67.17529
3732.42 67.14839
3738.28 67.12509
3744.14 67.10539
3750.0 67.08899
3755.86 67.07589
3761.72 67.06589
3767.58 67.05879
3773.44 67.05459
3779.3 67.05299
3785.16 67.05399
3791.02 67.05719
3796.88 67.06269
3802.73 67.07019
3808.59 67.07949
3814.45 67.09069
3820.31 67.10339
3826.17 67.11759
3832.03 67.13329
3837.89 67.15029000000001
3843.75 67.16849
3849.61 67.18779
3855.47 67.20819
3861.33 67.22969
3867.19 67.25219000000001
3873.05 67.27569
3878.91 67.30009000000001
3884.77 67.32549
3890.62 67.35179
3896.48 67.37889000000001
3902.34 67.40689
3908.2 67.43569
3914.06 67.46529000000001
3919.92 67.49559
3925.78 67.52639
3931.64 67.55779000000001
3937.5 67.58959
3943.36 67.62159
3949.22 67.65369000000001
3955.08 67.68559
3960.94 67.71719
3966.8 67.74829
3972.66 67.77849
3978.52 67.80769000000001
3984.38 67.83559
3990.23 67.86179000000001
3996.09 67.88619
4001.95 67.90839
4007.81 67.92819
4013.67 67.94539
4019.53 67.95959
4025.39 67.97079
4031.25 67.97869
4037.11 67.98309
4042.97 67.98399
4048.83 67.98119
4054.69 67.97469000000001
4060.55 67.96439000000001
4066.41 67.95039
4072.27 67.93269000000001
4078.12 67.91139000000001
4083.98 67.88669
4089.84 67.85859
4095.7 67.82729
4101.56 67.79319000000001
4107.42 67.75649000000001
4113.28 67.71729
4119.14 67.67609
4125.0 67.63309000000001
4130.86 67.58869000000001
4136.72 67.54309
4142.58 67.49679
4148.44 67.44989000000001
4154.3 67.40289000000001
4160.16 67.35609
4166.02 67.30959000000001
4171.88 67.26379
4177.73 67.19729000000001
4183.59 67.15399000000001
4189.45 67.11189
4195.31 67.09209000000001
4201.17 67.05189000000001
4207.03 67.01299
4212.89 66.97539
4218.75 66.93899
4224.61 66.90359000000001
4230.47 66.86929
4236.33 66.83569
4242.19 66.80279
4248.05 66.77039
4253.91 66.73819
4259.77 66.70599000000001
4265.62 66.67359
4271.48 66.64089000000001
4277.34 66.60749000000001
4283.2 66.57349
4289.06 66.53849
4294.92 66.50249
4300.78 66.46529000000001
4306.64 66.42689000000001
4312.5 66.38739000000001
4318.36 66.34649
4324.22 66.30449
4330.08 66.26139
4335.94 66.21729
4341.8 66.17239000000001
4347.66 66.12679
4353.52 66.08069
4359.38 66.03449
4365.23 65.98839000000001
4371.09 65.94249
4376.95 65.89739
4382.81 65.85319000000001
4388.67 65.81029000000001
4394.53 65.76889
4400.39 65.72939
4406.25 65.69189
4412.11 65.65679
4417.97 65.62429
4423.83 65.59439
4429.69 65.56729000000001
4435.55 65.54309
4441.41 65.52179000000001
4447.27 65.50329
4453.12 65.48749000000001
4458.98 65.47429
4464.84 65.46349000000001
4470.7 65.45479
4476.56 65.44789
4482.42 65.44249
4488.28 65.43809
4494.14 65.43449000000001
4500.0 65.43109000000001
4505.86 65.42749
4511.72 65.42319
4517.58 65.41789
4523.44 65.41099
4529.3 65.40219
4535.16 65.39109
4541.02 65.37729
4546.88 65.36039
4552.73 65.34019
4558.59 65.31639000000001
4564.45 65.28889000000001
4570.31 65.25759000000001
4576.17 65.22219000000001
4582.03 65.18279000000001
4587.89 65.13949
4593.75 65.09229
4599.61 65.04139
4605.47 64.98689
4611.33 64.92919
4617.19 64.86849000000001
4623.05 64.80519000000001
4628.91 64.73979
4634.77 64.67249000000001
4640.62 64.60389
4646.48 64.53439
4652.34 64.46459
4658.2 64.39489
4664.06 64.32569000000001
4669.92 64.25759000000001
4675.78 64.19099
4681.64 64.12619000000001
4687.5 64.06359
4693.36 64.00359
4699.22 63.94619
4705.08 63.89179000000001
4710.94 63.840390000000006
4716.8 63.791990000000006
4722.66 63.74649
4728.52 63.70389
4734.38 63.663990000000005
4740.23 63.62639000000001
4746.09 63.59089
4751.95 63.55709
4757.81 63.52459
4763.67 63.49289
4769.53 63.461490000000005
4775.39 63.42989000000001
4781.25 63.39759
4787.11 63.364090000000004
4792.97 63.32889
4798.83 63.29149
4804.69 63.251490000000004
4810.55 63.20839
4816.41 63.16189000000001
4822.27 63.11159000000001
4828.12 63.05729
4833.98 62.99879000000001
4839.84 62.93609000000001
4845.7 62.86889000000001
4851.56 62.79739000000001
4857.42 62.721590000000006
4863.28 62.64179000000001
4869.14 62.55809000000001
4875.0 62.470890000000004
4880.86 62.38069
4886.72 62.28779
4892.58 62.19279
4898.44 62.09639000000001
4904.3 61.998990000000006
4910.16 61.90149
4916.02 61.80449
4921.88 61.70879000000001
4927.73 61.61509
4933.59 61.523990000000005
4939.45 61.43639
4945.31 61.352790000000006
4951.17 61.273790000000005
4957.03 61.19999000000001
4962.89 61.13179
4968.75 61.06949
4974.61 61.01339
4980.47 60.96369000000001
4986.33 60.92029
4992.19 60.88309
4998.05 60.85199000000001
5003.91 60.82659
5009.77 60.80659000000001
5015.62 60.791290000000004
5021.48 60.780190000000005
5027.34 60.772690000000004
5033.2 60.76809
5039.06 60.76549000000001
5044.92 60.76429
5050.78 60.763690000000004
5056.64 60.76279
5062.5 60.76099000000001
5068.36 60.757490000000004
5074.22 60.75169
5080.08 60.742990000000006
5085.94 60.730790000000006
5091.8 60.71459
5097.66 60.69409
5103.52 60.668890000000005
5109.38 60.63879000000001
5115.23 60.60369000000001
5121.09 60.56349
5126.95 60.518190000000004
5132.81 60.467890000000004
5138.67 60.41279
5144.53 60.35329
5150.39 60.289590000000004
5156.25 60.222190000000005
5162.11 60.15149
5167.97 60.07809
5173.83 60.00249
5179.69 59.925290000000004
5185.55 59.84709
5191.41 59.76869000000001
5197.27 59.69039000000001
5203.12 59.61309000000001
5208.98 59.53719
5214.84 59.46329000000001
5220.7 59.391890000000004
5226.56 59.323190000000004
5232.42 59.25779000000001
5238.28 59.19579
5244.14 59.13739
5250.0 59.08259
5255.86 59.031490000000005
5261.72 58.983790000000006
5267.58 58.93959
5273.44 58.89829
5279.3 58.85969000000001
5285.16 58.82339
5291.02 58.78889
5296.88 58.755590000000005
5302.73 58.72289000000001
5308.59 58.69039000000001
5314.45 58.65749
5320.31 58.62339000000001
5326.17 58.58769
5332.03 58.54979
5337.89 58.50909000000001
5343.75 58.46529
5349.61 58.41789000000001
5355.47 58.366490000000006
5361.33 58.310790000000004
5367.19 58.250690000000006
5373.05 58.18589000000001
5378.91 58.116490000000006
5384.77 58.042390000000005
5390.62 57.96379
5396.48 57.88069
5402.34 57.793690000000005
5408.2 57.70279000000001
5414.06 57.60869
5419.92 57.511790000000005
5425.78 57.41259
5431.64 57.311890000000005
5437.5 57.210190000000004
5443.36 57.10839000000001
5449.22 57.00699
5455.08 56.906890000000004
5460.94 56.80879
5466.8 56.713390000000004
5472.66 56.621390000000005
5478.52 56.53349000000001
5484.38 56.45009
5490.23 56.37189000000001
5496.09 56.29919
5501.95 56.23239
5507.81 56.17159
5513.67 56.11719000000001
5519.53 56.06889
5525.39 56.02689
5531.25 55.990990000000004
5537.11 55.960890000000006
5542.97 55.93619
5548.83 55.91669
5554.69 55.901790000000005
5560.55 55.89099
5566.41 55.88369
5572.27 55.879490000000004
5578.12 55.877590000000005
5583.98 55.877390000000005
5589.84 55.87839
5595.7 55.87999000000001
5601.56 55.88149000000001
5607.42 55.882490000000004
5613.28 55.88239
5619.14 55.880790000000005
5625.0 55.87729
5630.86 55.871390000000005
5636.72 55.86299
5642.58 55.851890000000004
5648.44 55.837790000000005
5654.3 55.820690000000006
5660.16 55.80059000000001
5666.02 55.77749000000001
5671.88 55.75169
5677.73 55.72319
5683.59 55.69249000000001
5689.45 55.659690000000005
5695.31 55.62539
5701.17 55.589890000000004
5707.03 55.55369
5712.89 55.51719000000001
5718.75 55.48109
5724.61 55.44579
5730.47 55.41179
5736.33 55.37959000000001
5742.19 55.349590000000006
5748.05 55.32229
5753.91 55.297990000000006
5759.77 55.27689
5765.62 55.259190000000004
5771.48 55.245090000000005
5777.34 55.23449
5783.2 55.22729
5789.06 55.22339
5794.92 55.22249000000001
5800.78 55.22419000000001
5806.64 55.228190000000005
5812.5 55.233990000000006
5818.36 55.24109000000001
5824.22 55.24879000000001
5830.08 55.256690000000006
5835.94 55.26409
5841.8 55.270390000000006
5847.66 55.275090000000006
5853.52 55.27579000000001
5859.38 55.27369
5865.23 55.26809
5871.09 55.26099000000001
5876.95 55.249390000000005
5882.81 55.23339000000001
5888.67 55.21289
5894.53 55.18769
5900.39 55.15769
5906.25 55.122690000000006
5912.11 55.082890000000006
5917.97 55.03839000000001
5923.83 54.989290000000004
5929.69 54.93589000000001
5935.55 54.878490000000006
5941.41 54.81739
5947.27 54.753190000000004
5953.12 54.68629000000001
5958.98 54.61739000000001
5964.84 54.546890000000005
5970.7 54.475590000000004
5976.56 54.404090000000004
5982.42 54.333090000000006
5988.28 54.263290000000005
5994.14 54.19549000000001
6000.0 54.13029
6005.86 54.068290000000005
6011.72 54.01019
6017.58 53.95649
6023.44 53.90769
6029.3 53.86419000000001
6035.16 53.82649000000001
6041.02 53.79459000000001
6046.88 53.76879
6052.73 53.749190000000006
6058.59 53.73559
6064.45 53.727990000000005
6070.31 53.726090000000006
6076.17 53.72959
6082.03 53.73809000000001
6087.89 53.75099
6093.75 53.76789
6099.61 53.78819000000001
6105.47 53.81119
6111.33 53.836290000000005
6117.19 53.86269000000001
6123.05 53.889790000000005
6128.91 53.91689
6134.77 53.94339
6140.62 53.968590000000006
6146.48 53.991890000000005
6152.34 54.01279
6158.2 54.03079
6164.06 54.045390000000005
6169.92 54.056290000000004
6175.78 54.06309
6181.64 54.065690000000004
6187.5 54.063790000000004
6193.36 54.05749
6199.22 54.046690000000005
6205.08 54.03159
6210.94 54.012190000000004
6216.8 53.98879
6222.66 53.961690000000004
6228.52 53.931290000000004
6234.38 53.89799000000001
6240.23 53.862190000000005
6246.09 53.824490000000004
6251.95 53.78539000000001
6257.81 53.745490000000004
6263.67 53.70519
6269.53 53.66519
6275.39 53.625890000000005
6281.25 53.58789
6287.11 53.55149
6292.97 53.51719000000001
6298.83 53.485290000000006
6304.69 53.45599000000001
6310.55 53.42949
6316.41 53.40579
6322.27 53.38499
6328.12 53.36699
6333.98 53.35159
6339.84 53.33869000000001
6345.7 53.327890000000004
6351.56 53.31889
6357.42 53.31139
6363.28 53.30489000000001
6369.14 53.29909000000001
6375.0 53.29339
6380.86 53.287490000000005
6386.72 53.28089000000001
6392.58 53.27329
6398.44 53.264190000000006
6404.3 53.25329000000001
6410.16 53.24029
6416.02 53.224790000000006
6421.88 53.206790000000005
6427.73 53.185990000000004
6433.59 53.16239
6439.45 53.13579000000001
6445.31 53.10629
6451.17 53.07399
6457.03 53.038990000000005
6462.89 53.001490000000004
6468.75 52.96179000000001
6474.61 52.92029
6480.47 52.877190000000006
6486.33 52.833090000000006
6492.19 52.78839000000001
6498.05 52.743590000000005
6503.91 52.699490000000004
6509.77 52.65639
6515.62 52.615190000000005
6521.48 52.576190000000004
6527.34 52.540290000000006
6533.2 52.50789
6539.06 52.47959
6544.92 52.455890000000004
6550.78 52.43719
6556.64 52.42399
6562.5 52.41649
6568.36 52.41479
6574.22 52.41919000000001
6580.08 52.429590000000005
6585.94 52.445890000000006
6591.8 52.46799000000001
6597.66 52.49559000000001
6603.52 52.52839
6609.38 52.56589
6615.23 52.607690000000005
6621.09 52.653290000000005
6626.95 52.70219
6632.81 52.753690000000006
6638.67 52.807390000000005
6644.53 52.862590000000004
6650.39 52.918890000000005
6656.25 52.97569000000001
6662.11 53.03239000000001
6667.97 53.08879
6673.83 53.144290000000005
6679.69 53.19859
6685.55 53.251490000000004
6691.41 53.30259
6697.27 53.351690000000005
6703.12 53.398790000000005
6708.98 53.443690000000004
6714.84 53.48639000000001
6720.7 53.52689
6726.56 53.565290000000005
6732.42 53.60159
6738.28 53.63599000000001
6744.14 53.66879
6750.0 53.70009
6755.86 53.73019000000001
6761.72 53.75939
6767.58 53.78799000000001
6773.44 53.816390000000006
6779.3 53.84479
6785.16 53.87379000000001
6791.02 53.903690000000005
6796.88 53.93469
6802.73 53.967290000000006
6808.59 54.00179000000001
6814.45 54.03849
6820.31 54.077690000000004
6826.17 54.11939
6832.03 54.163990000000005
6837.89 54.21139
6843.75 54.261790000000005
6849.61 54.314890000000005
6855.47 54.37069
6861.33 54.42909
6867.19 54.48959000000001
6873.05 54.55199
6878.91 54.615990000000004
6884.77 54.68099
6890.62 54.746590000000005
6896.48 54.81239000000001
6902.34 54.87789000000001
6908.2 54.94249000000001
6914.06 55.005790000000005
6919.92 55.06739
6925.78 55.12689
6931.64 55.18379
6937.5 55.23799
6943.36 55.28909
6949.22 55.33699000000001
6955.08 55.38159
6960.94 55.42269
6966.8 55.46049000000001
6972.66 55.495090000000005
6978.52 55.52649
6984.38 55.55489000000001
6990.23 55.58079000000001
6996.09 55.604290000000006
7001.95 55.62579
7007.81 55.645790000000005
7013.67 55.664590000000004
7019.53 55.68269
7025.39 55.700590000000005
7031.25 55.71869
7037.11 55.737390000000005
7042.97 55.75719
7048.83 55.778490000000005
7054.69 55.80169000000001
7060.55 55.82719
7066.41 55.855090000000004
7072.27 55.88589
7078.12 55.91949
7083.98 55.95629
7089.84 55.996190000000006
7095.7 56.03909
7101.56 56.08509
7107.42 56.13389
7113.28 56.185390000000005
7119.14 56.239090000000004
7125.0 56.29469
7130.86 56.351890000000004
7136.72 56.410090000000004
7142.58 56.46889
7148.44 56.52769000000001
7154.3 56.58599
7160.16 56.643190000000004
7166.02 56.698690000000006
7171.88 56.75209
7177.73 56.802690000000005
7183.59 56.850190000000005
7189.45 56.894090000000006
7195.31 56.93399
7201.17 56.96949000000001
7207.03 57.000490000000006
7212.89 57.026790000000005
7218.75 57.048190000000005
7224.61 57.06479
7230.47 57.07649000000001
7236.33 57.083490000000005
7242.19 57.086090000000006
7248.05 57.084590000000006
7253.91 57.07929000000001
7259.77 57.07059
7265.62 57.05919
7271.48 57.045590000000004
7277.34 57.03049000000001
7283.2 57.014390000000006
7289.06 56.99819
7294.92 56.98259
7300.78 56.96829
7306.64 56.95609
7312.5 56.946690000000004
7318.36 56.940690000000004
7324.22 56.938790000000004
7330.08 56.941590000000005
7335.94 56.94959000000001
7341.8 56.963190000000004
7347.66 56.982690000000005
7353.52 57.008390000000006
7359.38 57.040290000000006
7365.23 57.07849
7371.09 57.12279
7376.95 57.17309
7382.81 57.22899
7388.67 57.29019
7394.53 57.355990000000006
7400.39 57.425990000000006
7406.25 57.49949
7412.11 57.575790000000005
7417.97 57.65429
7423.83 57.733990000000006
7429.69 57.81439
7435.55 57.894490000000005
7441.41 57.97379
7447.27 58.05149
7453.12 58.12679000000001
7458.98 58.199290000000005
7464.84 58.268190000000004
7470.7 58.33319
7476.56 58.39379
7482.42 58.449490000000004
7488.28 58.50019
7494.14 58.545590000000004
7500.0 58.58559
7505.86 58.620090000000005
7511.72 58.64929000000001
7517.58 58.67309
7523.44 58.695690000000006
7529.3 58.70779
7535.16 58.715590000000006
7541.02 58.71969000000001
7546.88 58.71779
7552.73 58.717690000000005
7558.59 58.71529
7564.45 58.711090000000006
7570.31 58.705690000000004
7576.17 58.69989
7582.03 58.69429
7587.89 58.68939
7593.75 58.685990000000004
7599.61 58.68469
7605.47 58.68589000000001
7611.33 58.69019
7617.19 58.697990000000004
7623.05 58.70969
7628.91 58.725590000000004
7634.77 58.74579000000001
7640.62 58.77049
7646.48 58.799690000000005
7652.34 58.83319
7658.2 58.87089
7664.06 58.91259
7669.92 58.957890000000006
7675.78 59.00629000000001
7681.64 59.057390000000005
7687.5 59.11079
7693.36 59.165690000000005
7699.22 59.22169
7705.08 59.278090000000006
7710.94 59.33419000000001
7716.8 59.38949
7722.66 59.44339
7728.52 59.495290000000004
7734.38 59.54459000000001
7740.23 59.590790000000005
7746.09 59.633590000000005
7751.95 59.67239000000001
7757.81 59.70689
7763.67 59.73689
7769.53 59.76209000000001
7775.39 59.78239000000001
7781.25 59.79769
7787.11 59.807990000000004
7792.97 59.81329
7798.83 59.81369
7804.69 59.809490000000004
7810.55 59.80089
7816.41 59.78819000000001
7822.27 59.77159
7828.12 59.75169
7833.98 59.72889000000001
7839.84 59.70369
7845.7 59.676390000000005
7851.56 59.64779000000001
7857.42 59.61829
7863.28 59.588390000000004
7869.14 59.558690000000006
7875.0 59.52969
7880.86 59.50189
7886.72 59.475590000000004
7892.58 59.45139
7898.44 59.42949
7904.3 59.41019000000001
7910.16 59.393890000000006
7916.02 59.38069
7921.88 59.37059000000001
7927.73 59.36379
7933.59 59.36019
7939.45 59.35969000000001
7945.31 59.36229
7951.17 59.36769
7957.03 59.375690000000006
7962.89 59.38609
7968.75 59.39849
7974.61 59.41259
7980.47 59.42799
7986.33 59.44449
7992.19 59.461690000000004
7998.05 59.47919
8003.91 59.496590000000005
8009.77 59.51359000000001
8015.62 59.529990000000005
8021.48 59.54529
8027.34 59.559490000000004
8033.2 59.572190000000006
8039.06 59.583290000000005
8044.92 59.592490000000005
8050.78 59.59989
8056.64 59.60539000000001
8062.5 59.608790000000006
8068.36 59.610290000000006
8074.22 59.60989000000001
8080.08 59.60779
8085.94 59.60399
8091.8 59.598690000000005
8097.66 59.59219
8103.52 59.58469
8109.38 59.57649000000001
8115.23 59.567690000000006
8121.09 59.55879
8126.95 59.54999
8132.81 59.54159000000001
8138.67 59.53379
8144.53 59.526990000000005
8150.39 59.52129000000001
8156.25 59.51699000000001
8162.11 59.51429
8167.97 59.51319
8173.83 59.51399000000001
8179.69 59.51659000000001
8185.55 59.52109
8191.41 59.527390000000004
8197.27 59.53539000000001
8203.12 59.54509
8208.98 59.556290000000004
8214.84 59.56879000000001
8220.7 59.582390000000004
8226.56 59.596790000000006
8232.42 59.61189
8238.28 59.62729
8244.14 59.642790000000005
8250.0 59.65809
8255.86 59.67289
8261.72 59.68699
8267.58 59.70029
8273.44 59.71229
8279.3 59.723090000000006
8285.16 59.73239
8291.02 59.74009
8296.88 59.74609
8302.73 59.75039
8308.59 59.75289000000001
8314.45 59.753690000000006
8320.31 59.752790000000005
8326.17 59.75029000000001
8332.03 59.74629
8337.89 59.74089000000001
8343.75 59.734390000000005
8349.61 59.72699000000001
8355.47 59.718790000000006
8361.33 59.71009
8367.19 59.70109000000001
8373.05 59.69209000000001
8378.91 59.68329000000001
8384.77 59.67499
8390.62 59.667390000000005
8396.48 59.660590000000006
8402.34 59.654990000000005
8408.2 59.650490000000005
8414.06 59.647290000000005
8419.92 59.645590000000006
8425.78 59.64519000000001
8431.64 59.64629000000001
8437.5 59.648790000000005
8443.36 59.65249000000001
8449.22 59.65729
8455.08 59.663090000000004
8460.94 59.66959000000001
8466.8 59.676590000000004
8472.66 59.68379
8478.52 59.69079000000001
8484.38 59.697390000000006
8490.23 59.703190000000006
8496.09 59.707890000000006
8501.95 59.711090000000006
8507.81 59.71249
8513.67 59.711690000000004
8519.53 59.70859
8525.39 59.70259000000001
8531.25 59.693690000000004
8537.11 59.681490000000004
8542.97 59.665890000000005
8548.83 59.64669000000001
8554.69 59.62379000000001
8560.55 59.597190000000005
8566.41 59.56669
8572.27 59.53239000000001
8578.12 59.49439
8583.98 59.452690000000004
8589.84 59.407590000000006
8595.7 59.359190000000005
8601.56 59.307790000000004
8607.42 59.25359
8613.28 59.19709
8619.14 59.13839
8625.0 59.07809
8630.86 59.016490000000005
8636.72 58.953990000000005
8642.58 58.891090000000005
8648.44 58.828190000000006
8654.3 58.765890000000006
8660.16 58.704390000000004
8666.02 58.644090000000006
8671.88 58.58559
8677.73 58.529090000000004
8683.59 58.47489
8689.45 58.423390000000005
8695.31 58.374590000000005
8701.17 58.32889
8707.03 58.286190000000005
8712.89 58.246790000000004
8718.75 58.21049000000001
8724.61 58.177290000000006
8730.47 58.147090000000006
8736.33 58.119890000000005
8742.19 58.09539
8748.05 58.07329000000001
8753.91 58.053490000000004
8759.77 58.03569
8765.62 58.019690000000004
8771.48 58.00499000000001
8777.34 57.991490000000006
8783.2 57.978790000000004
8789.06 57.966590000000004
8794.92 57.95469000000001
8800.78 57.94279
8806.64 57.930690000000006
8812.5 57.91819
8818.36 57.904990000000005
8824.22 57.891090000000005
8830.08 57.876290000000004
8835.94 57.86059
8841.8 57.843790000000006
8847.66 57.825990000000004
8853.52 57.807190000000006
8859.38 57.78739
8865.23 57.766890000000004
8871.09 57.74559000000001
8876.95 57.723690000000005
8882.81 57.70149000000001
8888.67 57.678990000000006
8894.53 57.656690000000005
8900.39 57.63449000000001
8906.25 57.61289000000001
8912.11 57.59199
8917.97 57.57209
8923.83 57.55319000000001
8929.69 57.53569
8935.55 57.519690000000004
8941.41 57.50529
8947.27 57.492490000000004
8953.12 57.48149
8958.98 57.47209
8964.84 57.46439
8970.7 57.458290000000005
8976.56 57.453590000000005
8982.42 57.45009
8988.28 57.447590000000005
8994.14 57.44599
9000.0 57.444790000000005
9005.86 57.44389
9011.72 57.442890000000006
9017.58 57.441590000000005
9023.44 57.43959
9029.3 57.43659
9035.16 57.432390000000005
9041.02 57.426590000000004
9046.88 57.419090000000004
9052.73 57.409690000000005
9058.59 57.39809
9064.45 57.384190000000004
9070.31 57.367990000000006
9076.17 57.34919000000001
9082.03 57.32799000000001
9087.89 57.304190000000006
9093.75 57.277890000000006
9099.61 57.249190000000006
9105.47 57.218090000000004
9111.33 57.18479000000001
9117.19 57.14949000000001
9123.05 57.11229
9128.91 57.07349000000001
9134.77 57.033190000000005
9140.62 56.99179
9146.48 56.94959000000001
9152.34 56.906890000000004
9158.2 56.863890000000005
9164.06 56.821090000000005
9169.92 56.778690000000005
9175.78 56.737190000000005
9181.64 56.69689
9187.5 56.658190000000005
9193.36 56.606190000000005
9199.22 56.57309000000001
9205.08 56.542590000000004
9210.94 56.514990000000004
9216.8 56.490390000000005
9222.66 56.48279
9228.52 56.462990000000005
9234.38 56.446490000000004
9240.23 56.432990000000004
9246.09 56.42269
9251.95 56.41519
9257.81 56.41049
9263.67 56.408190000000005
9269.53 56.407990000000005
9275.39 56.40959
9281.25 56.41239
9287.11 56.416090000000004
9292.97 56.420190000000005
9298.83 56.424290000000006
9304.69 56.42779
9310.55 56.43029000000001
9316.41 56.431490000000004
9322.27 56.43079
9328.12 56.42799
9333.98 56.42269
9339.84 56.41479
9345.7 56.40399000000001
9351.56 56.390190000000004
9357.42 56.373290000000004
9363.28 56.35349000000001
9369.14 56.33079000000001
9375.0 56.30529000000001
9380.86 56.27729000000001
9386.72 56.246990000000004
9392.58 56.214690000000004
9398.44 56.180890000000005
9404.3 56.14589
9410.16 56.11009000000001
9416.02 56.07399
9421.88 56.03799000000001
9427.73 56.00249
9433.59 55.96799000000001
9439.45 55.93489
9445.31 55.90359
9451.17 55.87429
9457.03 55.847390000000004
9462.89 55.822990000000004
9468.75 55.80149
9474.61 55.782790000000006
9480.47 55.76699000000001
9486.33 55.754090000000005
9492.19 55.743990000000004
9498.05 55.73669
9503.91 55.731790000000004
9509.77 55.72909000000001
9515.62 55.728390000000005
9521.48 55.729290000000006
9527.34 55.731390000000005
9533.2 55.734390000000005
9539.06 55.73769000000001
9544.92 55.740990000000004
9550.78 55.74389000000001
9556.64 55.74589
9562.5 55.74649
9568.36 55.74539000000001
9574.22 55.74219000000001
9580.08 55.73649
9585.94 55.72789
9591.8 55.71629000000001
9597.66 55.70129000000001
9603.52 55.682790000000004
9609.38 55.660590000000006
9615.23 55.63459
9621.09 55.60479
9626.95 55.57119
9632.81 55.53399
9638.67 55.49309
9644.53 55.44899
9650.39 55.401790000000005
9656.25 55.35179
9662.11 55.299490000000006
9667.97 55.245290000000004
9673.83 55.18959
9679.69 55.13309
9685.55 55.076190000000004
9691.41 55.019490000000005
9697.27 54.96369000000001
9703.12 54.909290000000006
9708.98 54.85699
9714.84 54.807390000000005
9720.7 54.76109
9726.56 54.71869
9732.42 54.680490000000006
9738.28 54.64719
9744.14 54.618990000000004
9750.0 54.59639000000001
9755.86 54.57959
9761.72 54.568690000000004
9767.58 54.56369
9773.44 54.56479
9779.3 54.571690000000004
9785.16 54.58429
9791.02 54.60229
9796.88 54.62529000000001
9802.73 54.652890000000006
9808.59 54.68459000000001
9814.45 54.71989000000001
9820.31 54.75809
9826.17 54.79869000000001
9832.03 54.84089
9837.89 54.88409000000001
9843.75 54.927690000000005
9849.61 54.97099000000001
9855.47 55.013490000000004
9861.33 55.054390000000005
9867.19 55.09329
9873.05 55.12959000000001
9878.91 55.162890000000004
9884.77 55.19279
9890.62 55.21889
9896.48 55.240990000000004
9902.34 55.25869
9908.2 55.272090000000006
9914.06 55.28089000000001
9919.92 55.28519000000001
9925.78 55.284890000000004
9931.64 55.280190000000005
9937.5 55.27129000000001
9943.36 55.258190000000006
9949.22 55.24139
9955.08 55.22099000000001
9960.94 55.197390000000006
9966.8 55.17099
9972.66 55.14229
9978.52 55.11159000000001
9984.38 55.07929000000001
9990.23 55.04599
9996.09 55.012190000000004
10002.0 54.978190000000005
10007.8 54.944590000000005
10013.7 54.91179
10019.5 54.880190000000006
10025.4 54.850190000000005
10031.2 54.82209
10037.1 54.79639
10043.0 54.77319000000001
10048.8 54.752790000000005
10054.7 54.73539
10060.5 54.72119000000001
10066.4 54.71009
10072.3 54.702290000000005
10078.1 54.697590000000005
10084.0 54.696090000000005
10089.8 54.69749
10095.7 54.70179
10101.6 54.70859
10107.4 54.71779
10113.3 54.72909000000001
10119.1 54.742090000000005
10125.0 54.75639
10130.9 54.77179
10136.7 54.78779
10142.6 54.80409
10148.4 54.82029000000001
10154.3 54.836090000000006
10160.2 54.85099
10166.0 54.864790000000006
10171.9 54.87709
10177.7 54.887690000000006
10183.6 54.896190000000004
10189.5 54.90249000000001
10195.3 54.906290000000006
10201.2 54.907590000000006
10207.0 54.90619
10212.9 54.90189
10218.8 54.89479000000001
10224.6 54.884890000000006
10230.5 54.87209000000001
10236.3 54.856590000000004
10242.2 54.83829000000001
10248.0 54.81749000000001
10253.9 54.79419000000001
10259.8 54.76869000000001
10265.6 54.740990000000004
10271.5 54.71139
10277.3 54.68019
10283.2 54.64739
10289.1 54.61339
10294.9 54.578390000000006
10300.8 54.54269000000001
10306.6 54.50639
10312.5 54.46979
10318.4 54.43319
10324.2 54.39679
10330.1 54.36079
10335.9 54.32549
10341.8 54.29099000000001
10347.7 54.25759000000001
10353.5 54.22549000000001
10359.4 54.19489
10365.2 54.165890000000005
10371.1 54.13859000000001
10377.0 54.113290000000006
10382.8 54.089890000000004
10388.7 54.068690000000004
10394.5 54.04959
10400.4 54.032790000000006
10406.2 54.01809
10412.1 54.00569
10418.0 53.995490000000004
10423.8 53.987390000000005
10429.7 53.981390000000005
10435.5 53.97739000000001
10441.4 53.975190000000005
10447.3 53.97489
10453.1 53.97619
10459.0 53.97899
10464.8 53.98319000000001
10470.7 53.98859
10476.6 53.99519
10482.4 54.00269
10488.3 54.01099000000001
10494.1 54.02009
10500.0 54.029790000000006
10505.9 54.03989000000001
10511.7 54.05039000000001
10517.6 54.06109000000001
10523.4 54.07209
10529.3 54.08299
10535.2 54.09389
10541.0 54.104690000000005
10546.9 54.11529
10552.7 54.12559
10558.6 54.13539
10564.5 54.14479000000001
10570.3 54.153490000000005
10576.2 54.161590000000004
10582.0 54.16899
10587.9 54.17549
10593.8 54.18099
10599.6 54.185590000000005
10605.5 54.18909000000001
10611.3 54.191390000000006
10617.2 54.19259
10623.0 54.19259
10628.9 54.191390000000006
10634.8 54.18889000000001
10640.6 54.18529
10646.5 54.18039
10652.3 54.17439
10658.2 54.167190000000005
10664.1 54.159090000000006
10669.9 54.150090000000006
10675.8 54.140190000000004
10681.6 54.12959000000001
10687.5 54.118390000000005
10693.4 54.106790000000004
10699.2 54.09489000000001
10705.1 54.08279
10710.9 54.070690000000006
10716.8 54.05859
10722.7 54.046890000000005
10728.5 54.03549
10734.4 54.02459
10740.2 54.014390000000006
10746.1 54.00489
10752.0 53.996190000000006
10757.8 53.98839
10763.7 53.981590000000004
10769.5 53.97569000000001
10775.4 53.97099000000001
10781.2 53.96719
10787.1 53.96459
10793.0 53.962990000000005
10798.8 53.962390000000006
10804.7 53.962790000000005
10810.5 53.964090000000006
10816.4 53.966390000000004
10822.3 53.969390000000004
10828.1 53.973090000000006
10834.0 53.97739000000001
10839.8 53.982290000000006
10845.7 53.98769000000001
10851.6 53.99329
10857.4 53.999190000000006
10863.3 54.00829
10869.1 54.01429
10875.0 54.02019000000001
10880.9 54.025890000000004
10886.7 54.03139
10892.6 54.03649000000001
10898.4 54.041290000000004
10904.3 54.04299
10910.2 54.047090000000004
10916.0 54.050790000000006
10921.9 54.053990000000006
10927.7 54.05669
10933.6 54.058890000000005
10939.5 54.060590000000005
10945.3 54.061890000000005
10951.2 54.06269
10957.0 54.06309
10962.9 54.06309
10968.8 54.06279000000001
10974.6 54.06219
10980.5 54.06129000000001
10986.3 54.06029
10992.2 54.05899
10998.0 54.05769
11003.9 54.05619
11009.8 54.05469000000001
11015.6 54.05319000000001
11021.5 54.051590000000004
11027.3 54.04999
11033.2 54.04829
11039.1 54.04659
11044.9 54.04489
11050.8 54.04299
11056.6 54.04099000000001
11062.5 54.038790000000006
11068.4 54.03629
11074.2 54.03349000000001
11080.1 54.030390000000004
11085.9 54.02669
11091.8 54.02259
11097.7 54.017790000000005
11103.5 54.01229000000001
11109.4 54.005990000000004
11115.2 53.99889
11121.1 53.990790000000004
11127.0 53.981790000000004
11132.8 53.97169
11138.7 53.96059
11144.5 53.94829000000001
11150.4 53.93489
11156.2 53.920390000000005
11162.1 53.90469
11168.0 53.88799
11173.8 53.870090000000005
11179.7 53.851290000000006
11185.5 53.831590000000006
11191.4 53.810990000000004
11197.3 53.78979
11203.1 53.76789
11209.0 53.74559000000001
11214.8 53.72289000000001
11220.7 53.70009
11226.6 53.677290000000006
11232.4 53.65469
11238.3 53.63239
11244.1 53.61059
11250.0 53.58939
11255.9 53.56899000000001
11261.7 53.54939
11267.6 53.53079
11273.4 53.513290000000005
11279.3 53.49689000000001
11285.2 53.48149
11291.0 53.467290000000006
11296.9 53.454190000000004
11302.7 53.441990000000004
11308.6 53.430690000000006
11314.5 53.420190000000005
11320.3 53.41029
11326.2 53.40079000000001
11332.0 53.391490000000005
11337.9 53.38219
11343.8 53.372690000000006
11349.6 53.362790000000004
11355.5 53.35219000000001
11361.3 53.34069
11367.2 53.32809
11373.0 53.31409000000001
11378.9 53.29869000000001
11384.8 53.281490000000005
11390.6 53.262690000000006
11396.5 53.241890000000005
11402.3 53.219190000000005
11408.2 53.19449
11414.1 53.167790000000004
11419.9 53.13929
11425.8 53.108990000000006
11431.6 53.07699
11437.5 53.04359
11443.4 53.00889
11449.2 52.97319
11455.1 52.936890000000005
11460.9 52.900290000000005
11466.8 52.863690000000005
11472.7 52.82759000000001
11478.5 52.792390000000005
11484.4 52.75849
11490.2 52.726490000000005
11496.1 52.696690000000004
11502.0 52.66969
11507.8 52.645990000000005
11513.7 52.625890000000005
11519.5 52.609790000000004
11525.4 52.598290000000006
11531.2 52.59149000000001
11537.1 52.58979000000001
11543.0 52.59329
11548.8 52.60229
11554.7 52.61679
11560.5 52.63669
11566.4 52.662090000000006
11572.3 52.692690000000006
11578.1 52.72829
11584.0 52.76859
11589.8 52.81309
11595.7 52.86139000000001
11601.6 52.913090000000004
11607.4 52.96739
11613.3 53.023790000000005
11619.1 53.08169
11625.0 53.14049000000001
11630.9 53.199290000000005
11636.7 53.25759000000001
11642.6 53.31479
11648.4 53.370090000000005
11654.3 53.42309
11660.2 53.473090000000006
11666.0 53.51959
11671.9 53.56219
11677.7 53.60049000000001
11683.6 53.63409000000001
11689.5 53.66279
11695.3 53.68629000000001
11701.2 53.70449000000001
11707.0 53.71739
11712.9 53.724790000000006
11718.8 53.726890000000004
11724.6 53.723890000000004
11730.5 53.715790000000005
11736.3 53.70299000000001
11742.2 53.68569
11748.0 53.664390000000004
11753.9 53.63949
11759.8 53.61149
11765.6 53.58079000000001
11771.5 53.548190000000005
11777.3 53.51409
11783.2 53.479290000000006
11789.1 53.44429
11794.9 53.40999000000001
11800.8 53.37679000000001
11806.6 53.34559
11812.5 53.31689000000001
11818.4 53.29139000000001
11824.2 53.26959
11830.1 53.251990000000006
11835.9 53.23919000000001
11841.8 53.23149
11847.7 53.22909000000001
11853.5 53.23239
11859.4 53.241290000000006
11865.2 53.255990000000004
11871.1 53.27629
11877.0 53.30219
11882.8 53.333090000000006
11888.7 53.368990000000004
11894.5 53.40919
11900.4 53.453190000000006
11906.2 53.500490000000006
11912.1 53.55049
11918.0 53.60239000000001
11923.8 53.65549000000001
11929.7 53.70919000000001
11935.5 53.762690000000006
11941.4 53.81519
11947.3 53.86619
11953.1 53.91499
11959.0 53.960890000000006
11964.8 54.00339
11970.7 54.04209
11976.6 54.07639
11982.4 54.10609
11988.3 54.130790000000005
11994.1 54.150290000000005
12000.0 54.16449000000001
12005.9 54.173390000000005
12011.7 54.17689000000001
12017.6 54.17519000000001
12023.4 54.16839
12029.3 54.15679
12035.2 54.14059
12041.0 54.120290000000004
12046.9 54.09629
12052.7 54.06909
12058.6 54.03909
12064.5 54.00699
12070.3 53.973290000000006
12076.2 53.938790000000004
12082.0 53.903890000000004
12087.9 53.86939
12093.8 53.835890000000006
12099.6 53.803990000000006
12105.5 53.77429000000001
12111.3 53.74729000000001
12117.2 53.72359
12123.0 53.703590000000005
12128.9 53.68769
12134.8 53.676190000000005
12140.6 53.66939000000001
12146.5 53.66749
12152.3 53.670390000000005
12158.2 53.678290000000004
12164.1 53.690990000000006
12169.9 53.70839
12175.8 53.730290000000004
12181.6 53.75639
12187.5 53.786190000000005
12193.4 53.81949
12199.2 53.85569
12205.1 53.894290000000005
12210.9 53.93479000000001
12216.8 53.97659
12222.7 54.019290000000005
12228.5 54.06219
12234.4 54.104890000000005
12240.2 54.14669000000001
12246.1 54.18719
12252.0 54.22589000000001
12257.8 54.26239
12263.7 54.29619
12269.5 54.32719
12275.4 54.35479
12281.2 54.37899
12287.1 54.39949000000001
12293.0 54.41619000000001
12298.8 54.428990000000006
12304.7 54.43789
12310.5 54.442890000000006
12316.4 54.44409
12322.3 54.44149
12328.1 54.435390000000005
12334.0 54.425990000000006
12339.8 54.41339000000001
12345.7 54.397890000000004
12351.6 54.37999000000001
12357.4 54.35969000000001
12363.3 54.337590000000006
12369.1 54.31389000000001
12375.0 54.288990000000005
12380.9 54.263290000000005
12386.7 54.236990000000006
12392.6 54.21069000000001
12398.4 54.184490000000004
12404.3 54.15889000000001
12410.2 54.13409000000001
12416.0 54.11039
12421.9 54.08809
12427.7 54.06739
12433.6 54.048390000000005
12439.5 54.03139
12445.3 54.016490000000005
12451.2 54.003690000000006
12457.0 53.99309
12462.9 53.98469000000001
12468.8 53.978590000000004
12474.6 53.97469
12480.5 53.97279
12486.3 53.97299
12492.2 53.974990000000005
12498.0 53.978790000000004
12503.9 53.984190000000005
12509.8 53.990990000000004
12515.6 53.99909
12521.5 54.00829
12527.3 54.01829000000001
12533.2 54.03519000000001
12539.1 54.04659
12544.9 54.05819
12550.8 54.07009000000001
12556.6 54.081990000000005
12562.5 54.09389
12568.4 54.10559000000001
12574.2 54.11699
12580.1 54.121990000000004
12585.9 54.13289
12591.8 54.14329000000001
12597.7 54.153090000000006
12603.5 54.162490000000005
12609.4 54.17119
12615.2 54.179190000000006
12621.1 54.186490000000006
12627.0 54.193090000000005
12632.8 54.19879
12638.7 54.20349
12644.5 54.20729000000001
12650.4 54.21009
12656.2 54.21159
12662.1 54.21199000000001
12668.0 54.21099
12673.8 54.20859
12679.7 54.20469000000001
12685.5 54.199090000000005
12691.4 54.191790000000005
12697.3 54.18269
12703.1 54.171690000000005
12709.0 54.158590000000004
12714.8 54.14359
12720.7 54.12639000000001
12726.6 54.10719
12732.4 54.08569000000001
12738.3 54.06219
12744.1 54.036590000000004
12750.0 54.00889
12755.9 53.979290000000006
12761.7 53.94789
12767.6 53.91479
12773.4 53.88029
12779.3 53.844390000000004
12785.2 53.807390000000005
12791.0 53.769690000000004
12796.9 53.731390000000005
12802.7 53.69299
12808.6 53.65469
12814.5 53.616890000000005
12820.3 53.579890000000006
12826.2 53.544290000000004
12832.0 53.51019
12837.9 53.47829
12843.8 53.44879
12849.6 53.422090000000004
12855.5 53.39869
12861.3 53.378890000000006
12867.2 53.36299
12873.0 53.35139
12878.9 53.34429
12884.8 53.34199
12890.6 53.34449000000001
12896.5 53.352090000000004
12902.3 53.36469
12908.2 53.382490000000004
12914.1 53.405190000000005
12919.9 53.43289000000001
12925.8 53.46519000000001
12931.6 53.50189
12937.5 53.542790000000004
12943.4 53.58729
12949.2 53.63519
12955.1 53.68589000000001
12960.9 53.738890000000005
12966.8 53.79379
12972.7 53.849790000000006
12978.5 53.906490000000005
12984.4 53.963390000000004
12990.2 54.019690000000004
12996.1 54.07499000000001
13002.0 54.128690000000006
13007.8 54.18029000000001
13013.7 54.22939
13019.5 54.27539
13025.4 54.31799
13031.2 54.35669000000001
13037.1 54.39139
13043.0 54.42159
13048.8 54.44729
13054.7 54.46819000000001
13060.5 54.48429
13066.4 54.49539000000001
13072.3 54.50169
13078.1 54.502990000000004
13084.0 54.499590000000005
13089.8 54.491490000000006
13095.7 54.47909000000001
13101.6 54.462390000000006
13107.4 54.441790000000005
13113.3 54.41749
13119.1 54.389990000000004
13125.0 54.35949
13130.9 54.32639
13136.7 54.29119000000001
13142.6 54.254290000000005
13148.4 54.215990000000005
13154.3 54.17669000000001
13160.2 54.136990000000004
13166.0 54.09709
13171.9 54.057390000000005
13177.7 54.01829000000001
13183.6 53.97999
13189.5 53.942890000000006
13195.3 53.90719000000001
13201.2 53.873090000000005
13207.0 53.84069
13212.9 53.81009
13218.8 53.781490000000005
13224.6 53.75459000000001
13230.5 53.729690000000005
13236.3 53.706390000000006
13242.2 53.68479000000001
13248.0 53.66449000000001
13253.9 53.64549
13259.8 53.62729
13265.6 53.60989000000001
13271.5 53.592690000000005
13277.3 53.575590000000005
13283.2 53.55819
13289.1 53.540090000000006
13294.9 53.52109
13300.8 53.50079
13306.6 53.478790000000004
13312.5 53.45499
13318.4 53.42889
13324.2 53.400490000000005
13330.1 53.369490000000006
13335.9 53.33569000000001
13341.8 53.29899
13347.7 53.25939
13353.5 53.21669000000001
13359.4 53.17109000000001
13365.2 53.12259
13371.1 53.071290000000005
13377.0 53.01729
13382.8 52.960890000000006
13388.7 52.902390000000004
13394.5 52.84199
13400.4 52.779990000000005
13406.2 52.71689000000001
13412.1 52.653090000000006
13418.0 52.58899
13423.8 52.525090000000006
13429.7 52.46179000000001
13435.5 52.39969000000001
13441.4 52.339290000000005
13447.3 52.281090000000006
13453.1 52.22549000000001
13459.0 52.172990000000006
13464.8 52.12409
13470.7 52.079190000000004
13476.6 52.038790000000006
13482.4 52.002990000000004
13488.3 51.97229
13494.1 51.94679000000001
13500.0 51.92669000000001
13505.9 51.912090000000006
13511.7 51.903090000000006
13517.6 51.89969000000001
13523.4 51.90169
13529.3 51.90889000000001
13535.2 51.921290000000006
13541.0 51.93829
13546.9 51.959790000000005
13552.7 51.98539
13558.6 52.01449
13564.5 52.046690000000005
13570.3 52.08149
13576.2 52.11849
13582.0 52.156890000000004
13587.9 52.196290000000005
13593.8 52.236090000000004
13599.6 52.27579000000001
13605.5 52.31479
13611.3 52.35249
13617.2 52.38859000000001
13623.0 52.42249
13628.9 52.453790000000005
13634.8 52.48199
13640.6 52.50679
13646.5 52.527890000000006
13652.3 52.54489
13658.2 52.55769
13664.1 52.56589
13669.9 52.56949
13675.8 52.56819
13681.6 52.562090000000005
13687.5 52.55089
13693.4 52.53479
13699.2 52.51359000000001
13705.1 52.487590000000004
13710.9 52.45669
13716.8 52.42099
13722.7 52.380790000000005
13728.5 52.33619
13734.4 52.28739
13740.2 52.23469000000001
13746.1 52.17839000000001
13752.0 52.118590000000005
13757.8 52.055890000000005
13763.7 51.990390000000005
13769.5 51.92269
13775.4 51.85309
13781.2 51.781890000000004
13787.1 51.70969
13793.0 51.63689
13798.8 51.563990000000004
13804.7 51.49139
13810.5 51.41969
13816.4 51.34919000000001
13822.3 51.280390000000004
13828.1 51.213890000000006
13834.0 51.14999
13839.8 51.08919
13845.7 51.03179
13851.6 50.97829
13857.4 50.92889
13863.3 50.88389
13869.1 50.843590000000006
13875.0 50.807990000000004
13880.9 50.777390000000004
13886.7 50.75179000000001
13892.6 50.731190000000005
13898.4 50.715390000000006
13904.3 50.704390000000004
13910.2 50.697990000000004
13916.0 50.69579
13921.9 50.697590000000005
13927.7 50.70299000000001
13933.6 50.711490000000005
13939.5 50.72269000000001
13945.3 50.736090000000004
13951.2 50.751090000000005
13957.0 50.76719000000001
13962.9 50.78379
13968.8 50.80019000000001
13974.6 50.81589
13980.5 50.830290000000005
13986.3 50.842890000000004
13992.2 50.852990000000005
13998.0 50.86009000000001
14003.9 50.863690000000005
14009.8 50.863490000000006
14015.6 50.85889
14021.5 50.849590000000006
14027.3 50.835390000000004
14033.2 50.815990000000006
14039.1 50.791090000000004
14044.9 50.76079000000001
14050.8 50.72489
14056.6 50.68339
14062.5 50.636590000000005
14068.4 50.58449
14074.2 50.527390000000004
14080.1 50.46569
14085.9 50.39959
14091.8 50.32979
14097.7 50.25659
14103.5 50.18059
14109.4 50.102590000000006
14115.2 50.02309
14121.1 49.942890000000006
14127.0 49.862790000000004
14132.8 49.783390000000004
14138.7 49.705490000000005
14144.5 49.62999000000001
14150.4 49.55749
14156.2 49.488690000000005
14162.1 49.424290000000006
14168.0 49.364990000000006
14173.8 49.31119
14179.7 49.26339
14185.5 49.221990000000005
14191.4 49.187290000000004
14197.3 49.159490000000005
14203.1 49.14139
14209.0 49.13049
14214.8 49.125890000000005
14220.7 49.12749
14226.6 49.134890000000006
14232.4 49.14759
14238.3 49.165090000000006
14244.1 49.186690000000006
14250.0 49.21159
14255.9 49.22889000000001
14261.7 49.25639
14267.6 49.28539000000001
14273.4 49.31519
14279.3 49.34489000000001
14285.2 49.373990000000006
14291.0 49.401590000000006
14296.9 49.42699
14302.7 49.44959000000001
14308.6 49.468790000000006
14314.5 49.48409
14320.3 49.49499
14326.2 49.50119
14332.0 49.50229
14337.9 49.49819
14343.8 49.488690000000005
14349.6 49.473890000000004
14355.5 49.453790000000005
14361.3 49.428490000000004
14367.2 49.39829
14373.0 49.36359
14378.9 49.32479000000001
14384.8 49.28229
14390.6 49.23669
14396.5 49.18869
14402.3 49.13879000000001
14408.2 49.087790000000005
14414.1 49.036390000000004
14419.9 48.985290000000006
14425.8 48.93529
14431.6 48.886990000000004
14437.5 48.841190000000005
14443.4 48.79849
14449.2 48.75939
14455.1 48.72449
14460.9 48.69429
14466.8 48.669090000000004
14472.7 48.64909
14478.5 48.63459
14484.4 48.62559
14490.2 48.621990000000004
14496.1 48.62379000000001
14502.0 48.630590000000005
14507.8 48.64219000000001
14513.7 48.65809
14519.5 48.677690000000005
14525.4 48.700390000000006
14531.2 48.725590000000004
14537.1 48.752590000000005
14543.0 48.78049000000001
14548.8 48.80859
14554.7 48.83599
14560.5 48.86189
14566.4 48.885490000000004
14572.3 48.90599
14578.1 48.92249
14584.0 48.93439000000001
14589.8 48.940990000000006
14595.7 48.94169
14601.6 48.935990000000004
14607.4 48.92349
14613.3 48.903690000000005
14619.1 48.876490000000004
14625.0 48.84169000000001
14630.9 48.79939
14636.7 48.74969
14642.6 48.692690000000006
14648.4 48.62899
14654.3 48.55899
14660.2 48.48339000000001
14666.0 48.402890000000006
14671.9 48.318290000000005
14677.7 48.230790000000006
14683.6 48.14139
14689.5 48.051190000000005
14695.3 47.96139
14701.2 47.87319
14707.0 47.78799000000001
14712.9 47.70689
14718.8 47.63109000000001
14724.6 47.56179
14730.5 47.49989000000001
14736.3 47.446290000000005
14742.2 47.401990000000005
14748.0 47.367490000000004
14753.9 47.34329
14759.8 47.329890000000006
14765.6 47.32739
14771.5 47.33599
14777.3 47.35539000000001
14783.2 47.38539
14789.1 47.42559000000001
14794.9 47.47549000000001
14800.8 47.534490000000005
14806.6 47.601690000000005
14812.5 47.676190000000005
14818.4 47.757290000000005
14824.2 47.84389
14830.1 47.934990000000006
14835.9 48.029590000000006
14841.8 48.12659000000001
14847.7 48.22509
14853.5 48.32419
14859.4 48.42269
14865.2 48.519890000000004
14871.1 48.614790000000006
14877.0 48.70669
14882.8 48.79469
14888.7 48.87809000000001
14894.5 48.95619000000001
14900.4 49.02859
14906.2 49.094390000000004
14912.1 49.15339
14918.0 49.205090000000006
14923.8 49.24909
14929.7 49.285090000000004
14935.5 49.312990000000006
14941.4 49.33269000000001
14947.3 49.34409
14953.1 49.347390000000004
14959.0 49.34259
14964.8 49.33019
14970.7 49.31029
14976.6 49.28369000000001
14982.4 49.25059
14988.3 49.211890000000004
14994.1 49.16819
15000.0 49.12019
15005.9 49.06879000000001
15011.7 49.01469
15017.6 48.958890000000004
15023.4 48.90209
15029.3 48.845090000000006
15035.2 48.78869
15041.0 48.73359000000001
15046.9 48.68039
15052.7 48.629690000000004
15058.6 48.58189
15064.5 48.53739
15070.3 48.49649
15076.2 48.459390000000006
15082.0 48.426190000000005
15087.9 48.39699
15093.8 48.371790000000004
15099.6 48.350390000000004
15105.5 48.33269000000001
15111.3 48.31859000000001
15117.2 48.307790000000004
15123.0 48.30019000000001
15128.9 48.295590000000004
15134.8 48.293690000000005
15140.6 48.29439000000001
15146.5 48.29759000000001
15152.3 48.30299
15158.2 48.310590000000005
15164.1 48.32029000000001
15169.9 48.331990000000005
15175.8 48.34559
15181.6 48.36099
15187.5 48.37809000000001
15193.4 48.396890000000006
15199.2 48.41709
15205.1 48.43869
15210.9 48.46139
15216.8 48.48489000000001
15222.7 48.50909000000001
15228.5 48.53369000000001
15234.4 48.55839
15240.2 48.58279
15246.1 48.60669000000001
15252.0 48.629690000000004
15257.8 48.651590000000006
15263.7 48.672090000000004
15269.5 48.690990000000006
15275.4 48.70819
15281.2 48.723490000000005
15287.1 48.736990000000006
15293.0 48.74859000000001
15298.8 48.75849
15304.7 48.76679000000001
15310.5 48.77369
15316.4 48.77949
15322.3 48.784490000000005
15328.1 48.788990000000005
15334.0 48.793290000000006
15339.8 48.79769
15345.7 48.802490000000006
15351.6 48.80809000000001
15357.4 48.81459
15363.3 48.822190000000006
15369.1 48.83119000000001
15375.0 48.841390000000004
15380.9 48.85309
15386.7 48.86609000000001
15392.6 48.880390000000006
15398.4 48.89569
15404.3 48.91199
15410.2 48.928990000000006
15416.0 48.94639
15421.9 48.963890000000006
15427.7 48.981390000000005
15433.6 48.99839000000001
15439.5 49.014790000000005
15445.3 49.030190000000005
15451.2 49.04449
15457.0 49.05749
15462.9 49.06909
15468.8 49.078990000000005
15474.6 49.08729
15480.5 49.093990000000005
15486.3 49.09899000000001
15492.2 49.10229
15498.0 49.10409000000001
15503.9 49.10439
15509.8 49.10329
15515.6 49.10099
15521.5 49.09749000000001
15527.3 49.09299000000001
15533.2 49.08769
15539.1 49.081590000000006
15544.9 49.07489
15550.8 49.067690000000006
15556.6 49.06009
15562.5 49.052290000000006
15568.4 49.04439000000001
15574.2 49.03649000000001
15580.1 49.028690000000005
15585.9 49.021190000000004
15591.8 49.014190000000006
15597.7 49.00759000000001
15603.5 49.00179000000001
15609.4 48.99669
15615.2 48.99259000000001
15621.1 48.98949
15627.0 48.98749
15632.8 48.98689
15638.7 48.98749
15644.5 48.98949
15650.4 48.99289
15656.2 48.99759
15662.1 49.00359
15668.0 49.01079000000001
15673.8 49.019090000000006
15679.7 49.028290000000005
15685.5 49.03819000000001
15691.4 49.04849
15697.3 49.05899
15703.1 49.069390000000006
15709.0 49.07929000000001
15714.8 49.088390000000004
15720.7 49.09639000000001
15726.6 49.10289
15732.4 49.10759
15738.3 49.11019
15744.1 49.11039
15750.0 49.10799
15755.9 49.10269
15761.7 49.094390000000004
15767.6 49.08299
15773.4 49.068490000000004
15779.3 49.050790000000006
15785.2 49.029990000000005
15791.0 49.00609000000001
15796.9 48.979490000000006
15802.7 48.95029
15808.6 48.91859
15814.5 48.884890000000006
15820.3 48.84949
15826.2 48.81259000000001
15832.0 48.77459
15837.9 48.73599
15843.8 48.69699000000001
15849.6 48.65809
15855.5 48.61959
15861.3 48.581790000000005
15867.2 48.54509
15873.0 48.49589
15878.9 48.463390000000004
15884.8 48.43269
15890.6 48.40419000000001
15896.5 48.37789000000001
15902.3 48.35389000000001
15908.2 48.332390000000004
15914.1 48.313390000000005
15919.9 48.296890000000005
15925.8 48.282990000000005
15931.6 48.28139
15937.5 48.270990000000005
15943.4 48.26299
15949.2 48.257290000000005
15955.1 48.25379
15960.9 48.25229
15966.8 48.25269
15972.7 48.25489
15978.5 48.258590000000005
15984.4 48.263690000000004
15990.2 48.269890000000004
15996.1 48.27709
16002.0 48.28499000000001
16007.8 48.293490000000006
16013.7 48.30219
16019.5 48.31089000000001
16025.4 48.31949
16031.2 48.327690000000004
16037.1 48.33529000000001
16043.0 48.342090000000006
16048.8 48.34779
16054.7 48.35239000000001
16060.5 48.35569
16066.4 48.35739
16072.3 48.35759
16078.1 48.35609
16084.0 48.352790000000006
16089.8 48.34789000000001
16095.7 48.341190000000005
16101.6 48.33279
16107.4 48.32269
16113.3 48.31119
16119.1 48.29829
16125.0 48.28419
16130.9 48.26899
16136.7 48.25309000000001
16142.6 48.23649
16148.4 48.219590000000004
16154.3 48.20259000000001
16160.2 48.18569
16166.0 48.16919000000001
16171.9 48.153290000000005
16177.7 48.13819
16183.6 48.12409
16189.5 48.11119000000001
16195.3 48.099590000000006
16201.2 48.089490000000005
16207.0 48.08079000000001
16212.9 48.07379
16218.8 48.06819
16224.6 48.06419
16230.5 48.06159
16236.3 48.060390000000005
16242.2 48.06029
16248.0 48.06109000000001
16253.9 48.06269
16259.8 48.064890000000005
16265.6 48.06729000000001
16271.5 48.069590000000005
16277.3 48.071690000000004
16283.2 48.07309000000001
16289.1 48.07359
16294.9 48.07289
16300.8 48.070690000000006
16306.6 48.06669
16312.5 48.06069
16318.4 48.052490000000006
16324.2 48.041990000000006
16330.1 48.02879000000001
16335.9 48.01299
16341.8 47.99429000000001
16347.7 47.97289000000001
16353.5 47.94859
16359.4 47.92159
16365.2 47.89179000000001
16371.1 47.85929
16377.0 47.82439
16382.8 47.787090000000006
16388.7 47.747690000000006
16394.5 47.70629
16400.4 47.66329
16406.2 47.618790000000004
16412.1 47.57309000000001
16418.0 47.52649
16423.8 47.479290000000006
16429.7 47.43189
16435.5 47.38439
16441.4 47.33719000000001
16447.3 47.290490000000005
16453.1 47.244690000000006
16459.0 47.20009
16464.8 47.15679
16470.7 47.11509
16476.6 47.075190000000006
16482.4 47.03739
16488.3 47.00179000000001
16494.1 46.96849
16500.0 46.93769
16505.9 46.909290000000006
16511.7 46.88349
16517.6 46.86019
16523.4 46.839290000000005
16529.3 46.820690000000006
16535.2 46.804190000000006
16541.0 46.78969000000001
16546.9 46.77689
16552.7 46.76549000000001
16558.6 46.75509
16564.5 46.74539000000001
16570.3 46.735890000000005
16576.2 46.726090000000006
16582.0 46.71569
16587.9 46.704190000000004
16593.8 46.69089
16599.6 46.67559000000001
16605.5 46.657590000000006
16611.3 46.636590000000005
16617.2 46.612190000000005
16623.0 46.58399000000001
16628.9 46.55169000000001
16634.8 46.515190000000004
16640.6 46.47439000000001
16646.5 46.42929
16652.3 46.37989
16658.2 46.32649000000001
16664.1 46.26939
16669.9 46.20919000000001
16675.8 46.14629000000001
16681.6 46.081390000000006
16687.5 46.01529000000001
16693.4 45.948890000000006
16699.2 45.88299000000001
16705.1 45.818490000000004
16710.9 45.75639
16716.8 45.69769
16722.7 45.64329000000001
16728.5 45.593990000000005
16734.4 45.55059000000001
16740.2 45.51399000000001
16746.1 45.484790000000004
16752.0 45.463390000000004
16757.8 45.45049
16763.7 45.44639
16769.5 45.451190000000004
16775.4 45.46519000000001
16781.2 45.48819
16787.1 45.52029
16793.0 45.560990000000004
16798.8 45.61019
16804.7 45.66729
16810.5 45.731790000000004
16816.4 45.803090000000005
16822.3 45.88049
16828.1 45.963190000000004
16834.0 46.05039000000001
16839.8 46.14139
16845.7 46.235290000000006
16851.6 46.33129
16857.4 46.42859000000001
16863.3 46.52649
16869.1 46.62409
16875.0 46.72079
16880.9 46.81589
16886.7 46.90869000000001
16892.6 46.99859000000001
16898.4 47.08509
16904.3 47.167590000000004
16910.2 47.24569
16916.0 47.31899000000001
16921.9 47.386990000000004
16927.7 47.44959000000001
16933.6 47.50639
16939.5 47.55729
16945.3 47.60219000000001
16951.2 47.641090000000005
16957.0 47.67399
16962.9 47.701190000000004
16968.8 47.72269000000001
16974.6 47.73899
16980.5 47.75029000000001
16986.3 47.757090000000005
16992.2 47.75979
16998.0 47.758990000000004
17003.9 47.75529
17009.8 47.749190000000006
17015.6 47.74119
17021.5 47.73219
17027.3 47.72249000000001
17033.2 47.712790000000005
17039.1 47.703590000000005
17044.9 47.69549000000001
17050.8 47.68889000000001
17056.6 47.68419
17062.5 47.68169
17068.4 47.68169
17074.2 47.684490000000004
17080.1 47.69019
17085.9 47.698890000000006
17091.8 47.71049000000001
17097.7 47.725190000000005
17103.5 47.74269
17109.4 47.762890000000006
17115.2 47.785590000000006
17121.1 47.810590000000005
17127.0 47.83749
17132.8 47.86609000000001
17138.7 47.895990000000005
17144.5 47.92689000000001
17150.4 47.958490000000005
17156.2 47.990390000000005
17162.1 48.02219
17168.0 48.053790000000006
17173.8 48.08469
17179.7 48.114790000000006
17185.5 48.14379
17191.4 48.17159
17197.3 48.197990000000004
17203.1 48.22299
17209.0 48.24649
17214.8 48.26849000000001
17220.7 48.288990000000005
17226.6 48.30829000000001
17232.4 48.32639
17238.3 48.34349
17244.1 48.35989000000001
17250.0 48.375890000000005
17255.9 48.39159000000001
17261.7 48.40749
17267.6 48.42369000000001
17273.4 48.440690000000004
17279.3 48.45859
17285.2 48.47769
17291.0 48.498290000000004
17296.9 48.52029
17302.7 48.54399
17308.6 48.56929
17314.5 48.59619000000001
17320.3 48.624590000000005
17326.2 48.654090000000004
17332.0 48.68459000000001
17337.9 48.71549
17343.8 48.746590000000005
17349.6 48.77709
17355.5 48.806490000000004
17361.3 48.83409
17367.2 48.85909
17373.0 48.880790000000005
17378.9 48.89829
17384.8 48.910790000000006
17390.6 48.917390000000005
17396.5 48.91729
17402.3 48.90959
17408.2 48.89359
17414.1 48.868590000000005
17419.9 48.833690000000004
17425.8 48.78849
17431.6 48.73239
17437.5 48.66499
17443.4 48.58579
17449.2 48.49479
17455.1 48.39179000000001
17460.9 48.27669
17466.8 48.14979
17472.7 48.011190000000006
17478.5 47.86139000000001
17484.4 47.70089
17490.2 47.530390000000004
17496.1 47.350590000000004
17502.0 47.162490000000005
17507.8 46.967090000000006
17513.7 46.76559
17519.5 46.559290000000004
17525.4 46.34939000000001
17531.2 46.13749000000001
17537.1 45.92479
17543.0 45.712990000000005
17548.8 45.408590000000004
17554.7 45.207890000000006
17560.5 45.012690000000006
17566.4 44.824090000000005
17572.3 44.643190000000004
17578.1 44.47099
17584.0 44.30809000000001
17589.8 44.15529000000001
17595.7 44.01299
17601.6 43.88149
17607.4 43.84449000000001
17613.3 43.72919
17619.1 43.62449000000001
17625.0 43.529990000000005
17630.9 43.44559
17636.7 43.37059000000001
17642.6 43.304390000000005
17648.4 43.246390000000005
17654.3 43.19549000000001
17660.2 43.15099000000001
17666.0 43.11169
17671.9 43.07659
17677.7 43.04469
17683.6 43.01489000000001
17689.5 42.98619000000001
17695.3 42.95749000000001
17701.2 42.92799000000001
17707.0 42.89689
17712.9 42.863290000000006
17718.8 42.82659
17724.6 42.786390000000004
17730.5 42.742090000000005
17736.3 42.693490000000004
17742.2 42.640390000000004
17748.0 42.58269
17753.9 42.52049000000001
17759.8 42.45389
17765.6 42.38309
17771.5 42.30859000000001
17777.3 42.23069
17783.2 42.14989
17789.1 42.06689
17794.9 41.98219
17800.8 41.896390000000004
17806.6 41.81029000000001
17812.5 41.72449
17818.4 41.63969
17824.2 41.556490000000004
17830.1 41.475590000000004
17835.9 41.397490000000005
17841.8 41.32269000000001
17847.7 41.25159000000001
17853.5 41.18459
17859.4 41.12189000000001
17865.2 41.063590000000005
17871.1 41.00979000000001
17877.0 40.960390000000004
17882.8 40.91519
17888.7 40.87389
17894.5 40.836090000000006
17900.4 40.801190000000005
17906.2 40.76859
17912.1 40.73769
17918.0 40.707390000000004
17923.8 40.67709000000001
17929.7 40.64569
17935.5 40.61229
17941.4 40.575790000000005
17947.3 40.53529
17953.1 40.48959000000001
17959.0 40.43789
17964.8 40.37919000000001
17970.7 40.31279000000001
17976.6 40.237790000000004
17982.4 40.15379
17988.3 40.060190000000006
17994.1 39.95689
18000.0 39.84389
18005.9 39.72149
18011.7 39.58999
18017.6 39.450390000000006
18023.4 39.30359
18029.3 39.150890000000004
18035.2 38.99389000000001
18041.0 38.83419000000001
18046.9 38.67369000000001
18052.7 38.51429
18058.6 38.357690000000005
18064.5 38.20599
18070.3 38.06069000000001
18076.2 37.923590000000004
18082.0 37.79609000000001
18087.9 37.679390000000005
18093.8 37.574690000000004
18099.6 37.482890000000005
18105.5 37.40489000000001
18111.3 37.34129
18117.2 37.292590000000004
18123.0 37.25909
18128.9 37.240790000000004
18134.8 37.237790000000004
18140.6 37.24969
18146.5 37.27609
18152.3 37.31609
18158.2 37.36889000000001
18164.1 37.43309000000001
18169.9 37.50739
18175.8 37.59029
18181.6 37.679990000000004
18187.5 37.77479
18193.4 37.872890000000005
18199.2 37.97249000000001
18205.1 38.07199
18210.9 38.16959
18216.8 38.26399000000001
18222.7 38.353790000000004
18228.5 38.43739000000001
18234.4 38.51379
18240.2 38.58169000000001
18246.1 38.639790000000005
18252.0 38.687090000000005
18257.8 38.722390000000004
18263.7 38.74429000000001
18269.5 38.75189
18275.4 38.74369
18281.2 38.71839
18287.1 38.674890000000005
18293.0 38.61179
18298.8 38.52769000000001
18304.7 38.421490000000006
18310.5 38.29189000000001
18316.4 38.137890000000006
18322.3 37.95879000000001
18328.1 37.75419000000001
18334.0 37.52449
18339.8 37.27069
18345.7 36.995290000000004
18351.6 36.702090000000005
18357.4 36.39649
18363.3 36.08549000000001
18369.1 35.77689000000001
18375.0 35.478590000000004
18380.9 35.19749
18386.7 34.93959
18392.6 34.70909
18398.4 34.50889000000001
18404.3 34.34089
18410.2 34.20619000000001
18416.0 34.10539
18421.9 34.03889000000001
18427.7 34.006690000000006
18433.6 34.008990000000004
18439.5 34.045590000000004
18445.3 34.116690000000006
18451.2 34.22209000000001
18457.0 34.36139
18462.9 34.53399
18468.8 34.738890000000005
18474.6 34.974090000000004
18480.5 35.23669
18486.3 35.52239
18492.2 35.825390000000006
18498.0 36.138490000000004
18503.9 36.453790000000005
18509.8 36.76339
18515.6 37.060590000000005
18521.5 37.339690000000004
18527.3 37.596990000000005
18533.2 37.82999000000001
18539.1 38.03759000000001
18544.9 38.219590000000004
18550.8 38.376090000000005
18556.6 38.50789
18562.5 38.615990000000004
18568.4 38.70139
18574.2 38.765190000000004
18580.1 38.80859000000001
18585.9 38.83279
18591.8 38.83879
18597.7 38.827690000000004
18603.5 38.800290000000004
18609.4 38.75779
18615.2 38.700790000000005
18621.1 38.63029
18627.0 38.547090000000004
18632.8 38.45199000000001
18638.7 38.345890000000004
18644.5 38.229690000000005
18650.4 38.104690000000005
18656.2 37.97189
18662.1 37.833090000000006
18668.0 37.68979
18673.8 37.54419
18679.7 37.398390000000006
18685.5 37.25479
18691.4 37.11589000000001
18697.3 36.98429
18703.1 36.862390000000005
18709.0 36.75229
18714.8 36.656090000000006
18720.7 36.575190000000006
18726.6 36.51109
18732.4 36.464490000000005
18738.3 36.43609000000001
18744.1 36.42629000000001
18750.0 36.43509
18755.9 36.46249
18761.7 36.50819
18767.6 36.571690000000004
18773.4 36.65229000000001
18779.3 36.74909000000001
18785.2 36.861090000000004
18791.0 36.98689
18796.9 37.124990000000004
18802.7 37.27349000000001
18808.6 37.43019
18814.5 37.592690000000005
18820.3 37.758590000000005
18826.2 37.925090000000004
18832.0 38.08979000000001
18837.9 38.25009
18843.8 38.403890000000004
18849.6 38.549490000000006
18855.5 38.68529000000001
18861.3 38.810390000000005
18867.2 38.92419
18873.0 39.02649000000001
18878.9 39.11739
18884.8 39.19729000000001
18890.6 39.26699000000001
18896.5 39.32699000000001
18902.3 39.37839
18908.2 39.42219
18914.1 39.45929
18919.9 39.49089000000001
18925.8 39.51789000000001
18931.6 39.54139000000001
18937.5 39.56219
18943.4 39.58109
18949.2 39.59899
18955.1 39.61639
18960.9 39.633990000000004
18966.8 39.65209
18972.7 39.67089
18978.5 39.69089
18984.4 39.711890000000004
18990.2 39.733990000000006
18996.1 39.75699
19002.0 39.78069000000001
19007.8 39.804790000000004
19013.7 39.82889
19019.5 39.852590000000006
19025.4 39.87529000000001
19031.2 39.89659
19037.1 39.91579
19043.0 39.932590000000005
19048.8 39.946290000000005
19054.7 39.95649
19060.5 39.962790000000005
19066.4 39.96479000000001
19072.3 39.96229
19078.1 39.954890000000006
19084.0 39.942690000000006
19089.8 39.92549
19095.7 39.90339
19101.6 39.87639
19107.4 39.84489000000001
19113.3 39.809090000000005
19119.1 39.769290000000005
19125.0 39.72589000000001
19130.9 39.679590000000005
19136.7 39.630590000000005
19142.6 39.57969
19148.4 39.527390000000004
19154.3 39.47419000000001
19160.2 39.420790000000004
19166.0 39.36769
19171.9 39.315490000000004
19177.7 39.26469
19183.6 39.21569000000001
19189.5 39.169090000000004
19195.3 39.124990000000004
19201.2 39.08379000000001
19207.0 39.045790000000004
19212.9 39.01089
19218.8 38.97279
19224.6 38.94539
19230.5 38.92069000000001
19236.3 38.898390000000006
19242.2 38.87809
19248.0 38.85949000000001
19253.9 38.84199
19259.8 38.82509
19265.6 38.80829
19271.5 38.790890000000005
19277.3 38.772290000000005
19283.2 38.75779
19289.1 38.73509
19294.9 38.71009000000001
19300.8 38.682390000000005
19306.6 38.65189000000001
19312.5 38.618390000000005
19318.4 38.582190000000004
19324.2 38.543490000000006
19330.1 38.50289000000001
19335.9 38.46099000000001
19341.8 38.418690000000005
19347.7 38.37729
19353.5 38.33789
19359.4 38.301790000000004
19365.2 38.270590000000006
19371.1 38.245490000000004
19377.0 38.227790000000006
19382.8 38.218790000000006
19388.7 38.219590000000004
19394.5 38.23089
19400.4 38.253690000000006
19406.2 38.28839000000001
19412.1 38.335390000000004
19418.0 38.394890000000004
19423.8 38.46719
19429.7 38.55199
19435.5 38.64909
19441.4 38.75829
19447.3 38.87899
19453.1 39.010490000000004
19459.0 39.151990000000005
19464.8 39.30239
19470.7 39.46049000000001
19476.6 39.624790000000004
19482.4 39.793890000000005
19488.3 39.965790000000005
19494.1 40.13879
19500.0 40.31069000000001
19505.9 40.479490000000006
19511.7 40.64309
19517.6 40.79959000000001
19523.4 40.94709
19529.3 41.08379000000001
19535.2 41.20819
19541.0 41.31899
19546.9 41.41489
19552.7 41.495090000000005
19558.6 41.558690000000006
19564.5 41.60519000000001
19570.3 41.633790000000005
19576.2 41.644290000000005
19582.0 41.636390000000006
19587.9 41.609590000000004
19593.8 41.56389
19599.6 41.498990000000006
19605.5 41.41489
19611.3 41.31139
19617.2 41.18889
19623.0 41.047290000000004
19628.9 40.88739
19634.8 40.70969000000001
19640.6 40.515690000000006
19646.5 40.30709
19652.3 40.086490000000005
19658.2 39.85699
19664.1 39.622690000000006
19669.9 39.38799
19675.8 39.15769
19681.6 38.93629
19687.5 38.72809000000001
19693.4 38.536390000000004
19699.2 38.36399
19705.1 38.212590000000006
19710.9 38.083490000000005
19716.8 37.97719000000001
19722.7 37.89369000000001
19728.5 37.83299000000001
19734.4 37.79449
19740.2 37.77769000000001
19746.1 37.78179
19752.0 37.806090000000005
19757.8 37.849590000000006
19763.7 37.911390000000004
19769.5 37.99029
19775.4 38.084990000000005
19781.2 38.19399
19787.1 38.315290000000005
19793.0 38.446690000000004
19798.8 38.585190000000004
19804.7 38.72749
19810.5 38.869890000000005
19816.4 39.008390000000006
19822.3 39.139390000000006
19828.1 39.259690000000006
19834.0 39.367090000000005
19839.8 39.460890000000006
19845.7 39.541090000000004
19851.6 39.608990000000006
19857.4 39.66649
19863.3 39.715990000000005
19869.1 39.759890000000006
19875.0 39.80039000000001
19880.9 39.839690000000004
19886.7 39.87939
19892.6 39.92099
19898.4 39.96549
19904.3 40.013690000000004
19910.2 40.06609
19916.0 40.123290000000004
19921.9 40.185190000000006
19927.7 40.251990000000006
19933.6 40.32329
19939.5 40.39869
19945.3 40.47769
19951.2 40.55899000000001
19957.0 40.641490000000005
19962.9 40.72319
19968.8 40.801790000000004
19974.6 40.87449000000001
19980.5 40.93779000000001
19986.3 40.987590000000004
19992.2 41.019490000000005
19998.0 41.028690000000005
