20.0 69.600388
20.290899 69.805389
20.586 70.01239
20.8855 70.218384
21.189301 70.422386
21.497499 70.618385
21.8102 70.80439
22.127399 70.975388
22.4492 71.131386
22.775801 71.270386
23.1071 71.395386
23.443199 71.514389
23.7841 71.632385
24.1301 71.758385
24.4811 71.897385
24.8372 72.049385
25.1984 72.213387
25.564899 72.385384
25.9368 72.560387
26.3141 72.733383
26.6968 72.905388
27.0851 73.074387
27.479099 73.242386
27.878799 73.411385
28.2843 73.58239
28.6957 73.756386
29.1131 73.932388
29.536501 74.11039
29.966101 74.291389
30.402 74.474388
30.8442 74.666389
31.2929 74.861389
31.748 75.058388
32.209801 75.257385
32.678299 75.464386
33.153599 75.672386
33.635899 75.879387
34.125099 76.087387
34.621498 76.29039
35.125 76.490387
35.635899 76.678391
36.154301 76.86039
36.680199 77.04039
37.213699 77.222389
37.755 77.411392
38.3041 77.605385
38.861301 77.806389
39.426498 78.007385
40.0 78.209389
40.581799 78.410385
41.1721 78.611389
41.771 78.815392
42.378502 79.021385
42.9949 79.229385
43.6203 79.437386
44.254799 79.645386
44.898499 79.853386
45.551498 80.062386
46.2141 80.271385
46.886299 80.480385
47.568298 80.689392
48.260201 80.898392
48.962101 81.108391
49.674301 81.31739
50.396801 81.51010043691399
51.129902 81.70157186253623
51.8736 81.89180536705118
52.628101 82.09378830596057
53.3936 82.26753128277332
54.1702 82.4560229752403
54.958099 82.6452599192321
55.7575 82.83523653788883
56.568501 83.02395262169182
57.391399 83.21140047444703
58.226101 83.3985751929425
59.073 83.58048491655774
59.932301 83.7571100233406
60.804 83.92645960347552
61.6884 84.08351382549174
62.585701 84.22728518016767
63.496 84.35276548053078
64.419601 84.46293787256427
65.356598 84.55881723693392
66.307297 84.63937967453072
67.271698 84.70763218535463
68.250198 84.76857181860076
69.242897 84.83319531965829
70.250099 84.90148283451038
71.271896 84.97644528891507
72.308601 85.05607562594055
73.360298 85.13835895171373
74.427399 85.22130197723807
75.509903 85.30789572505971
76.608299 85.39613017013177
77.722603 85.48701195171654
78.853104 85.57752155398876
80.0 85.66566151281907
81.163597 85.75042692909837
82.3442 85.8328099262637
83.541901 85.91080243007313
84.757 85.98441267669422
85.989899 86.05061660259153
87.240601 86.11041614012673
88.509598 86.16680419661466
89.797 86.21578129198342
91.103104 86.25132873003892
92.4282 86.2874549724098
93.772598 86.32714302980257
95.136597 86.35939416093092
96.520401 86.38919176638879
97.924301 86.41253928525873
99.348602 86.43242884097778
100.794 86.44883674145473
102.26 86.46178914701304
103.747 86.47226208430175
105.256 86.47924000721275
106.787 86.47971791574602
108.34 86.47170480990161
109.916 86.4511711435714
111.515 86.41412091675541
113.137 86.34755212945366
114.783 86.24144123555803
116.452 86.10081478117661
118.146 85.94861567409325
119.865 85.81085991430797
121.608 85.70556004792883
123.377 85.63067998273965
125.171 85.57823126484854
126.992 85.54017280203934
128.839 85.51353014042012
130.713 85.48928373388281
132.615 85.45739503631934
134.543 85.38893213994584
136.5 85.2608094064381
138.486 85.0920328357961
140.5 84.89162597412793
142.544 84.70754172921745
144.617 84.57179864717271
146.721 84.46936163577757
148.855 84.3872512411401
151.02 84.32144091715223
153.217 84.26390411770588
155.445 84.22267338890913
157.706 84.1856966385458
160.0 84.13797386661592
162.327 84.08550907311948
164.688 84.04427871194842
167.084 84.00425823699464
169.514 83.97447319436623
171.98 83.956868491847
174.481 83.90448567554508
177.019 83.77926365324429
179.594 83.60320342494462
182.206 83.38931399064609
184.856 83.1785658042406
187.545 82.9999433196201
190.273 82.84043753678458
193.041 82.72902690962594
195.849 82.65471543814421
198.697 82.61050812233938
201.587 82.57934686999529
204.52 82.54522413500388
207.494 82.50917000958127
210.512 82.51312485540325
213.574 82.54208867246982
216.681 82.52903691467291
219.833 82.44997558201251
223.03 82.31589167448863
226.274 82.13475009988508
229.565 81.9535568582019
232.905 81.80724585722291
236.292 81.7208881891643
239.729 81.73039421570179
243.216 81.7667739368354
246.754 81.76800780645708
250.343 81.73308682456678
253.984 81.63199944505646
257.678 81.52771812181804
261.426 81.51921130874341
265.229 81.54546845972453
269.087 81.5464825747614
273.001 81.53324210774589
276.972 81.50171051257
281.0 81.40389778923367
285.088 81.26972229941269
289.234 81.0792461353232
293.441 80.718395658641
297.709 80.42217186936605
302.04 80.40352667528222
306.433 80.47248162249761
310.89 80.39899361879601
315.412 80.15503411806937
320.0 79.78159657420963
324.655 79.36964444110868
329.377 79.13217771876654
334.168 79.11216431496706
339.028 79.18858722971021
343.959 79.31741037077987
348.962 79.40461719206793
354.038 79.32817514746634
359.188 78.95305969086701
364.412 78.42928082226994
369.713 78.08876290335091
375.09 78.01053148021799
380.546 78.02951891454694
386.081 78.07072620633775
391.697 77.96010626337429
397.394 77.76666608565654
403.175 77.71332303486028
409.039 77.6901136570936
414.989 77.66496531403224
421.025 77.52487900567621
427.149 77.30080063980935
433.362 77.11172567032361
439.665 77.05461655111088
446.06 76.96043718995502
452.548 76.82015504074795
459.131 76.6977350112735
465.809 76.52317010153169
472.584 76.32542221930636
479.458 76.17243927238135
486.432 76.0402037146486
493.507 75.86769000000001
503.906 75.86769000000001
509.766 75.78949
515.625 75.71209
521.484 75.63539
527.344 75.55919
533.203 75.48349
539.062 75.40809000000002
544.922 75.33279
550.781 75.25769
556.641 75.18269000000001
562.5 75.10769
568.359 75.03269
574.219 74.95769000000001
580.078 74.88289
585.938 74.80809
591.797 74.73359
597.656 74.65949
603.516 74.58599000000001
609.375 74.51319000000001
615.234 74.44129000000001
621.094 74.37059
626.953 74.30119
632.812 74.23339000000001
638.672 74.16739000000001
644.531 74.10329000000002
650.391 74.04139
656.25 73.98169000000001
662.109 73.92429000000001
667.969 73.86939000000001
673.828 73.81689
679.688 73.76669000000001
685.547 73.71899
691.406 73.67339000000001
697.266 73.62989
703.125 73.58809000000001
708.984 73.54799
714.844 73.50899000000001
720.703 73.47089
726.562 73.43339
732.422 73.39589000000001
738.281 73.35799
744.141 73.31919
750.0 73.27909
755.859 73.23709000000001
761.719 73.19269
767.578 73.14539
773.438 73.09459000000001
779.297 73.03989000000001
785.156 72.98069000000001
791.016 72.91649000000001
796.875 72.84679
802.734 72.77129000000001
808.594 72.68949
814.453 72.60109
820.312 72.50579
826.172 72.40319
832.031 72.29329000000001
837.891 72.11349000000001
843.75 72.04879
849.609 71.91639
855.469 71.77649
861.328 71.62939
867.188 71.47539
873.047 71.31499000000001
878.906 71.14869000000002
884.766 70.97709
890.625 70.80089000000001
896.484 70.62099
902.344 70.43849
908.203 70.25429
914.062 70.06969000000001
919.922 69.88589
925.781 69.70419000000001
931.641 69.52589
937.5 69.35249
943.359 69.18509
949.219 69.02499
955.078 68.87329
960.938 68.73079000000001
966.797 68.59849
972.656 68.47659000000002
978.516 68.36559
984.375 68.26529000000001
990.234 68.17559
996.094 68.09589
1001.95 68.02559000000001
1007.81 67.96369000000001
1013.67 67.90919
1019.53 67.86109
1025.39 67.81809000000001
1031.25 67.77919
1037.11 67.74329
1042.97 67.70939000000001
1048.83 67.67659
1054.69 67.64429000000001
1060.55 67.61199
1066.41 67.57929000000001
1072.27 67.54619
1078.12 67.51289
1083.98 67.47979000000001
1089.84 67.44739000000001
1095.7 67.41669
1101.56 67.38849
1107.42 67.36419000000001
1113.28 67.34499
1119.14 67.33229
1125.0 67.32739000000001
1130.86 67.33159
1136.72 67.34609
1142.58 67.37189000000001
1148.44 67.40959000000001
1154.3 67.45959
1160.16 67.52199
1166.02 67.59639000000001
1171.88 67.68219
1177.73 67.77849
1183.59 67.88399000000001
1189.45 67.99729
1195.31 68.11669
1201.17 68.24049000000001
1207.03 68.36709
1212.89 68.49459
1218.75 68.62149000000001
1224.61 68.74609000000001
1230.47 68.86689000000001
1236.33 68.98269
1242.19 69.09219
1248.05 69.19419
1253.91 69.28789
1259.77 69.37249
1265.62 69.44709
1271.48 69.51119
1277.34 69.56439
1283.2 69.60619
1289.06 69.63639
1294.92 69.65469
1300.78 69.66119
1306.64 69.65569
1312.5 69.63829000000001
1318.36 69.60929000000002
1324.22 69.56889000000001
1330.08 69.51749000000001
1335.94 69.45549
1341.8 69.38349000000001
1347.66 69.30219
1353.52 69.21229
1359.38 69.11459
1365.23 69.01019000000001
1371.09 68.90009
1376.95 68.78529
1382.81 68.66699
1388.67 68.54639
1394.53 68.42459000000001
1400.39 68.30289
1406.25 68.18219
1412.11 68.06359
1417.97 67.94799
1423.83 67.83599000000001
1429.69 67.72829000000002
1435.55 67.62519
1441.41 67.52669
1447.27 67.43289000000001
1453.12 67.34349
1458.98 67.25789
1464.84 67.17549
1470.7 67.09559000000002
1476.56 67.01739
1482.42 66.93979000000002
1488.28 66.86199
1494.14 66.78299000000001
1500.0 66.70199000000001
1505.86 66.61799
1511.72 66.53039000000001
1517.58 66.43859
1523.44 66.34209000000001
1529.3 66.24059
1535.16 66.13399000000001
1541.02 66.02229
1546.88 65.90569
1552.73 65.78459000000001
1558.59 65.65969000000001
1564.45 65.53159000000001
1570.31 65.40129
1576.17 65.26999
1582.03 65.13879
1587.89 65.00889000000001
1593.75 64.88169
1599.61 64.75839
1605.47 64.64029000000001
1611.33 64.52839
1617.19 64.42339000000001
1623.05 64.32589000000002
1628.91 64.23619000000001
1634.77 64.15419
1640.62 64.07939
1646.48 64.01099
1652.34 63.94789000000001
1658.2 63.88899000000001
1664.06 63.83269000000001
1669.92 63.777390000000004
1675.78 63.72149
1681.64 63.663590000000006
1687.5 63.60229
1693.36 63.536390000000004
1699.22 63.46499000000001
1705.08 63.38779
1710.94 63.30469000000001
1716.8 63.21609000000001
1722.66 63.12319000000001
1728.52 63.02779
1734.38 62.93249000000001
1740.23 62.84049
1746.09 62.755990000000004
1751.95 62.683890000000005
1757.81 62.62959000000001
1763.67 62.59899000000001
1769.53 62.59789000000001
1775.39 62.631690000000006
1781.25 62.70469000000001
1787.11 62.820190000000004
1792.97 62.97919
1798.83 63.181090000000005
1804.69 63.42349000000001
1810.55 63.702090000000005
1816.41 64.01169000000002
1822.27 64.34639000000001
1828.12 64.69999000000001
1833.98 65.06669000000001
1839.84 65.44069
1845.7 65.81739
1851.56 66.19249
1857.42 66.56249
1863.28 66.92459000000001
1869.14 67.27659
1875.0 67.61679000000001
1880.86 67.94389000000001
1886.72 68.25709
1892.58 68.55569
1898.44 68.83949000000001
1904.3 69.10829000000001
1910.16 69.36209000000001
1916.02 69.60119
1921.88 69.82579000000001
1927.73 70.03639000000001
1933.59 70.23329000000001
1939.45 70.41719
1945.31 70.58859000000001
1951.17 70.74809
1957.03 70.89629000000001
1962.89 71.03399
1968.75 71.16189
1974.61 71.28049000000001
1980.47 71.39069
1986.33 71.49309
1992.19 71.58839
1998.05 71.67719
2003.91 71.76029
2009.77 71.83809000000001
2015.62 71.91119
2021.48 71.98019000000001
2027.34 72.04549
2033.2 72.10739000000001
2039.06 72.16639
2044.92 72.22259
2050.78 72.27629
2056.64 72.32749000000001
2062.5 72.37639000000001
2068.36 72.42279
2074.22 72.46689
2080.08 72.50829
2085.94 72.54709
2091.8 72.58289
2097.66 72.61549000000001
2103.52 72.64459000000001
2109.38 72.66999000000001
2115.23 72.69139000000001
2121.09 72.70839000000001
2126.95 72.72079000000001
2132.81 72.72839
2138.67 72.73069000000001
2144.53 72.72769
2150.39 72.71909000000001
2156.25 72.70469
2162.11 72.68439000000001
2167.97 72.65809000000002
2173.83 72.62569
2179.69 72.58719
2185.55 72.54269000000001
2191.41 72.49209
2197.27 72.43569000000001
2203.12 72.37359000000001
2208.98 72.30599000000001
2214.84 72.23309
2220.7 72.15519
2226.56 72.07259
2232.42 71.98579000000001
2238.28 71.89509000000001
2244.14 71.80079
2250.0 71.70349
2255.86 71.60359
2261.72 71.50149
2267.58 71.39769000000001
2273.44 71.29269000000001
2279.3 71.18679
2285.16 71.08049
2291.02 70.97409
2296.88 70.86799
2302.73 70.76239000000001
2308.59 70.65759
2314.45 70.55369
2320.31 70.45089000000002
2326.17 70.34919000000001
2332.03 70.24859000000001
2337.89 70.14909
2343.75 70.05039000000001
2349.61 69.95259000000001
2355.47 69.85539
2361.33 69.75849000000001
2367.19 69.66179
2373.05 69.56499000000001
2378.91 69.46789000000001
2384.77 69.37029000000001
2390.62 69.27189000000001
2396.48 69.17269
2402.34 69.07239000000001
2408.2 68.97099
2414.06 68.86859000000001
2419.92 68.76499000000001
2425.78 68.66049000000001
2431.64 68.55509
2437.5 68.44899000000001
2443.36 68.34259
2449.22 68.23609
2455.08 68.12989
2460.94 68.02429000000001
2466.8 67.91979
2472.66 67.81689
2478.52 67.71589
2484.38 67.61729
2490.23 67.52149
2496.09 67.42899
2501.95 67.33999
2507.81 67.21539000000001
2513.67 67.13669000000002
2519.53 67.10079
2525.39 67.02889
2531.25 66.96139000000001
2537.11 66.89839
2542.97 66.83979000000001
2548.83 66.78559000000001
2554.69 66.73549
2560.55 66.68929
2566.41 66.64669
2572.27 66.60759000000002
2578.12 66.57149000000001
2583.98 66.53829
2589.84 66.50769
2595.7 66.47929
2601.56 66.45309
2607.42 66.42859000000001
2613.28 66.40589
2619.14 66.38459
2625.0 66.36479
2630.86 66.34619
2636.72 66.32899
2642.58 66.31289000000001
2648.44 66.29799
2654.3 66.28419
2660.16 66.27159
2666.02 66.26009
2671.88 66.24969000000002
2677.73 66.24019000000001
2683.59 66.23169000000001
2689.45 66.22399000000001
2695.31 66.21689
2701.17 66.21039
2707.03 66.20409000000001
2712.89 66.19799
2718.75 66.19159
2724.61 66.18469
2730.47 66.17709
2736.33 66.16829000000001
2742.19 66.15809000000002
2748.05 66.14619
2753.91 66.13219000000001
2759.77 66.11579
2765.62 66.09679
2771.48 66.07489000000001
2777.34 66.04979
2783.2 66.02149
2789.06 65.98989
2794.92 65.95469
2800.78 65.91609
2806.64 65.87409
2812.5 65.82879
2818.36 65.78039000000001
2824.22 65.72929
2830.08 65.67569
2835.94 65.61999
2841.8 65.56289000000001
2847.66 65.50469000000001
2853.52 65.44619
2859.38 65.38789
2865.23 65.33069
2871.09 65.27509
2876.95 65.22189
2882.81 65.17189
2888.67 65.12559
2894.53 65.08369
2900.39 65.04679000000002
2906.25 65.01519
2912.11 64.98919000000001
2917.97 64.96919
2923.83 64.95509000000001
2929.69 64.94699
2935.55 64.94449
2941.41 64.94739000000001
2947.27 64.95519000000002
2953.12 64.96739000000001
2958.98 64.98339000000001
2964.84 65.00239
2970.7 65.02369000000002
2976.56 65.04659000000001
2982.42 65.07029
2988.28 65.09389000000002
2994.14 65.11689000000001
3000.0 65.13839000000002
3005.86 65.15779
3011.72 65.17459000000001
3017.58 65.18809
3023.44 65.19799
3029.3 65.20389
3035.16 65.20529
3041.02 65.20219
3046.88 65.19419
3052.73 65.18139000000001
3058.59 65.16359
3064.45 65.14099
3070.31 65.11349000000001
3076.17 65.08139
3082.03 65.04489000000001
3087.89 65.00419000000001
3093.75 64.95959
3099.61 64.91149000000001
3105.47 64.86019
3111.33 64.80609000000001
3117.19 64.74969000000002
3123.05 64.69129000000001
3128.91 64.63149000000001
3134.77 64.57069000000001
3140.62 64.50919
3146.48 64.44749000000002
3152.34 64.38589
3158.2 64.32479000000001
3164.06 64.26449000000001
3169.92 64.20529
3175.78 64.14729
3181.64 64.09069
3187.5 64.03559000000001
3193.36 63.98209000000001
3199.22 63.93009000000001
3205.08 63.879490000000004
3210.94 63.830290000000005
3216.8 63.78229
3222.66 63.735290000000006
3228.52 63.68909000000001
3234.38 63.643390000000004
3240.23 63.59799
3246.09 63.55259000000001
3251.95 63.506890000000006
3257.81 63.46079
3263.67 63.41389000000001
3269.53 63.36609000000001
3275.39 63.31709000000001
3281.25 63.266890000000004
3287.11 63.215390000000006
3292.97 63.162490000000005
3298.83 63.108290000000004
3304.69 63.05279000000001
3310.55 62.996190000000006
3316.41 62.93869000000001
3322.27 62.88049000000001
3328.12 62.82189
3333.98 62.76339000000001
3339.84 62.70519000000001
3345.7 62.647890000000004
3351.56 62.59199
3357.42 62.537890000000004
3363.28 62.486090000000004
3369.14 62.437090000000005
3375.0 62.391490000000005
3380.86 62.349590000000006
3386.72 62.311890000000005
3392.58 62.278690000000005
3398.44 62.25039
3404.3 62.22719000000001
3410.16 62.20929
3416.02 62.19679000000001
3421.88 62.18959
3427.73 62.18779000000001
3433.59 62.19109
3439.45 62.19939000000001
3445.31 62.212390000000006
3451.17 62.22979000000001
3457.03 62.25119000000001
3462.89 62.27619000000001
3468.75 62.304390000000005
3474.61 62.335190000000004
3480.47 62.368390000000005
3486.33 62.40339000000001
3492.19 62.43979000000001
3498.05 62.477090000000004
3503.91 62.51509000000001
3509.77 62.55319000000001
3515.62 62.59129000000001
3521.48 62.62899000000001
3527.34 62.666090000000004
3533.2 62.702490000000004
3539.06 62.737790000000004
3544.92 62.77219000000001
3550.78 62.805490000000006
3556.64 62.837590000000006
3562.5 62.86869000000001
3568.36 62.898790000000005
3574.22 62.92779000000001
3580.08 62.95599000000001
3585.94 62.98349
3591.8 63.01039000000001
3597.66 63.03669000000001
3603.52 63.06279000000001
3609.38 63.08859
3615.23 63.114290000000004
3621.09 63.14009000000001
3626.95 63.165890000000005
3632.81 63.19189000000001
3638.67 63.21819000000001
3644.53 63.24459
3650.39 63.271190000000004
3656.25 63.29789
3662.11 63.32459000000001
3667.97 63.351290000000006
3673.83 63.377590000000005
3679.69 63.403490000000005
3685.55 63.42869
3691.41 63.452890000000004
3697.27 63.47589000000001
3703.12 63.49739
3708.98 63.51709
3714.84 63.534690000000005
3720.7 63.549890000000005
3726.56 63.56239000000001
3732.42 63.57199000000001
3738.28 63.57829
3744.14 63.58109
3750.0 63.580290000000005
3755.86 63.57569000000001
3761.72 63.567190000000004
3767.58 63.55469000000001
3773.44 63.53819000000001
3779.3 63.51769000000001
3785.16 63.493390000000005
3791.02 63.46549
3796.88 63.43399000000001
3802.73 63.39929000000001
3808.59 63.36169
3814.45 63.32159000000001
3820.31 63.27939000000001
3826.17 63.23559000000001
3832.03 63.19059000000001
3837.89 63.14509
3843.75 63.09939000000001
3849.61 63.05409
3855.47 63.009890000000006
3861.33 62.967090000000006
3867.19 62.92629000000001
3873.05 62.887890000000006
3878.91 62.85219000000001
3884.77 62.819590000000005
3890.62 62.790090000000006
3896.48 62.76399000000001
3902.34 62.74109000000001
3908.2 62.72129
3914.06 62.704390000000004
3919.92 62.690090000000005
3925.78 62.67779000000001
3931.64 62.66689
3937.5 62.656890000000004
3943.36 62.646890000000006
3949.22 62.636190000000006
3955.08 62.62389
3960.94 62.60909000000001
3966.8 62.59109000000001
3972.66 62.56879000000001
3978.52 62.54159000000001
3984.38 62.508590000000005
3990.23 62.468990000000005
3996.09 62.42219000000001
4001.95 62.36769
4007.81 62.304990000000004
4013.67 62.23359000000001
4019.53 62.15339000000001
4025.39 62.06429000000001
4031.25 61.966390000000004
4037.11 61.859790000000004
4042.97 61.744890000000005
4048.83 61.62239
4054.69 61.492990000000006
4060.55 61.357890000000005
4066.41 61.21839000000001
4072.27 61.07589000000001
4078.12 60.932390000000005
4083.98 60.78979
4089.84 60.65059000000001
4095.7 60.51729
4101.56 60.392590000000006
4107.42 60.27919000000001
4113.28 60.179790000000004
4119.14 60.096990000000005
4125.0 60.03309000000001
4130.86 59.99009000000001
4136.72 59.969190000000005
4142.58 59.97119000000001
4148.44 59.996190000000006
4154.3 60.043490000000006
4160.16 60.11189
4166.02 60.199490000000004
4171.88 60.30409
4177.73 60.491490000000006
4183.59 60.62539
4189.45 60.76659000000001
4195.31 60.840590000000006
4201.17 60.98639000000001
4207.03 61.133190000000006
4212.89 61.278890000000004
4218.75 61.421290000000006
4224.61 61.558890000000005
4230.47 61.69019000000001
4236.33 61.81409000000001
4242.19 61.929590000000005
4248.05 62.03609000000001
4253.91 62.133190000000006
4259.77 62.220490000000005
4265.62 62.297990000000006
4271.48 62.36589000000001
4277.34 62.42419
4283.2 62.47339000000001
4289.06 62.51409
4294.92 62.54679000000001
4300.78 62.57209
4306.64 62.590990000000005
4312.5 62.604290000000006
4318.36 62.612790000000004
4324.22 62.61759000000001
4330.08 62.61959
4335.94 62.61979000000001
4341.8 62.61909000000001
4347.66 62.618390000000005
4353.52 62.61869000000001
4359.38 62.620490000000004
4365.23 62.624790000000004
4371.09 62.63179
4376.95 62.64219000000001
4382.81 62.656090000000006
4388.67 62.67369000000001
4394.53 62.69489000000001
4400.39 62.719590000000004
4406.25 62.74759
4412.11 62.778290000000005
4417.97 62.81119
4423.83 62.845690000000005
4429.69 62.881190000000004
4435.55 62.916990000000006
4441.41 62.952290000000005
4447.27 62.986290000000004
4453.12 63.018390000000004
4458.98 63.04789
4464.84 63.074090000000005
4470.7 63.096590000000006
4476.56 63.11469
4482.42 63.128190000000004
4488.28 63.136590000000005
4494.14 63.139790000000005
4500.0 63.137690000000006
4505.86 63.130190000000006
4511.72 63.11739000000001
4517.58 63.09949
4523.44 63.07659
4529.3 63.04909000000001
4535.16 63.01749
4541.02 62.98199
4546.88 62.94339000000001
4552.73 62.901990000000005
4558.59 62.85859000000001
4564.45 62.81369000000001
4570.31 62.767790000000005
4576.17 62.72169
4582.03 62.67569
4587.89 62.630590000000005
4593.75 62.58659000000001
4599.61 62.544090000000004
4605.47 62.50359
4611.33 62.465090000000004
4617.19 62.42869
4623.05 62.394490000000005
4628.91 62.36229000000001
4634.77 62.331790000000005
4640.62 62.30279000000001
4646.48 62.274890000000006
4652.34 62.247490000000006
4658.2 62.21999
4664.06 62.191790000000005
4669.92 62.162290000000006
4675.78 62.130790000000005
4681.64 62.09639000000001
4687.5 62.058690000000006
4693.36 62.016690000000004
4699.22 61.96989000000001
4705.08 61.91769000000001
4710.94 61.85949000000001
4716.8 61.794790000000006
4722.66 61.72319
4728.52 61.644290000000005
4734.38 61.557790000000004
4740.23 61.46359
4746.09 61.36159000000001
4751.95 61.25179000000001
4757.81 61.13429000000001
4763.67 61.00929000000001
4769.53 60.87709
4775.39 60.73809000000001
4781.25 60.59259000000001
4787.11 60.44129
4792.97 60.284690000000005
4798.83 60.12359000000001
4804.69 59.95859000000001
4810.55 59.790290000000006
4816.41 59.619690000000006
4822.27 59.44729
4828.12 59.273990000000005
4833.98 59.10029000000001
4839.84 58.926790000000004
4845.7 58.754090000000005
4851.56 58.58259
4857.42 58.41259000000001
4863.28 58.24419
4869.14 58.07739000000001
4875.0 57.912290000000006
4880.86 57.748490000000004
4886.72 57.58569000000001
4892.58 57.42349000000001
4898.44 57.261390000000006
4904.3 57.098690000000005
4910.16 56.93489
4916.02 56.76919000000001
4921.88 56.60099
4927.73 56.429790000000004
4933.59 56.25499000000001
4939.45 56.07639
4945.31 55.89359
4951.17 55.70669000000001
4957.03 55.51599
4962.89 55.32179000000001
4968.75 55.124990000000004
4974.61 54.92669000000001
4980.47 54.728390000000005
4986.33 54.531690000000005
4992.19 54.33879
4998.05 54.151990000000005
5003.91 53.973690000000005
5009.77 53.80669
5015.62 53.653490000000005
5021.48 53.51659000000001
5027.34 53.39819000000001
5033.2 53.300090000000004
5039.06 53.223490000000005
5044.92 53.169290000000004
5050.78 53.13749000000001
5056.64 53.12749000000001
5062.5 53.138490000000004
5068.36 53.16879000000001
5074.22 53.21689000000001
5080.08 53.28069000000001
5085.94 53.35819000000001
5091.8 53.44769000000001
5097.66 53.54739000000001
5103.52 53.65569000000001
5109.38 53.77169000000001
5115.23 53.894290000000005
5121.09 54.02309
5126.95 54.157790000000006
5132.81 54.298390000000005
5138.67 54.444990000000004
5144.53 54.598090000000006
5150.39 54.75789
5156.25 54.92499000000001
5162.11 55.099790000000006
5167.97 55.282590000000006
5173.83 55.473690000000005
5179.69 55.672990000000006
5185.55 55.880590000000005
5191.41 56.096090000000004
5197.27 56.31909
5203.12 56.548790000000004
5208.98 56.784290000000006
5214.84 57.02469000000001
5220.7 57.268890000000006
5226.56 57.51549000000001
5232.42 57.763290000000005
5238.28 58.01089
5244.14 58.25699000000001
5250.0 58.50019
5255.86 58.73919000000001
5261.72 58.97289000000001
5267.58 59.20009
5273.44 59.41989
5279.3 59.631190000000004
5285.16 59.83339000000001
5291.02 60.02579000000001
5296.88 60.20769000000001
5302.73 60.378890000000006
5308.59 60.538990000000005
5314.45 60.687990000000006
5320.31 60.82569000000001
5326.17 60.95219000000001
5332.03 61.06779
5337.89 61.172790000000006
5343.75 61.26749
5349.61 61.352590000000006
5355.47 61.42869
5361.33 61.49629000000001
5367.19 61.55639000000001
5373.05 61.609790000000004
5378.91 61.65729
5384.77 61.69999000000001
5390.62 61.738690000000005
5396.48 61.77449000000001
5402.34 61.80829000000001
5408.2 61.84109000000001
5414.06 61.87379000000001
5419.92 61.90719000000001
5425.78 61.942190000000004
5431.64 61.979490000000006
5437.5 62.01959000000001
5443.36 62.06289
5449.22 62.10989000000001
5455.08 62.160790000000006
5460.94 62.215590000000006
5466.8 62.274190000000004
5472.66 62.336490000000005
5478.52 62.402190000000004
5484.38 62.47079000000001
5490.23 62.541790000000006
5496.09 62.61469
5501.95 62.688790000000004
5507.81 62.763290000000005
5513.67 62.837590000000006
5519.53 62.91089000000001
5525.39 62.982490000000006
5531.25 63.05149000000001
5537.11 63.11739000000001
5542.97 63.179390000000005
5548.83 63.23709000000001
5554.69 63.28979
5560.55 63.33719000000001
5566.41 63.378690000000006
5572.27 63.414190000000005
5578.12 63.443490000000004
5583.98 63.46629000000001
5589.84 63.48279000000001
5595.7 63.49289
5601.56 63.496790000000004
5607.42 63.49479000000001
5613.28 63.48709000000001
5619.14 63.47419000000001
5625.0 63.456390000000006
5630.86 63.43439000000001
5636.72 63.40869000000001
5642.58 63.37999000000001
5648.44 63.34879000000001
5654.3 63.31589
5660.16 63.281890000000004
5666.02 63.24759
5671.88 63.21359
5677.73 63.18059
5683.59 63.148990000000005
5689.45 63.119490000000006
5695.31 63.092490000000005
5701.17 63.068290000000005
5707.03 63.047290000000004
5712.89 63.02949
5718.75 63.01509000000001
5724.61 63.00399000000001
5730.47 62.995990000000006
5736.33 62.99109000000001
5742.19 62.988690000000005
5748.05 62.98859000000001
5753.91 62.990190000000005
5759.77 62.992990000000006
5765.62 62.996390000000005
5771.48 62.99989000000001
5777.34 63.002790000000005
5783.2 63.004490000000004
5789.06 63.00439000000001
5794.92 63.00179000000001
5800.78 62.996390000000005
5806.64 62.987390000000005
5812.5 62.974590000000006
5818.36 62.95749000000001
5824.22 62.935790000000004
5830.08 62.90919
5835.94 62.877590000000005
5841.8 62.84089000000001
5847.66 62.79909000000001
5853.52 62.72379000000001
5859.38 62.669790000000006
5865.23 62.61119000000001
5871.09 62.577490000000004
5876.95 62.51319000000001
5882.81 62.44529000000001
5888.67 62.374390000000005
5894.53 62.300990000000006
5900.39 62.22569000000001
5906.25 62.149190000000004
5912.11 62.07199000000001
5917.97 61.994890000000005
5923.83 61.918490000000006
5929.69 61.84339000000001
5935.55 61.77019000000001
5941.41 61.69959000000001
5947.27 61.632090000000005
5953.12 61.56799000000001
5958.98 61.50779000000001
5964.84 61.451890000000006
5970.7 61.400290000000005
5976.56 61.35329000000001
5982.42 61.310790000000004
5988.28 61.27279000000001
5994.14 61.239090000000004
6000.0 61.20949
6005.86 61.183690000000006
6011.72 61.161190000000005
6017.58 61.141690000000004
6023.44 61.124590000000005
6029.3 61.109390000000005
6035.16 61.09559000000001
6041.02 61.08259
6046.88 61.069990000000004
6052.73 61.056990000000006
6058.59 61.043290000000006
6064.45 61.028290000000005
6070.31 61.01169000000001
6076.17 60.992990000000006
6082.03 60.971790000000006
6087.89 60.947790000000005
6093.75 60.920790000000004
6099.61 60.89059
6105.47 60.85709000000001
6111.33 60.819990000000004
6117.19 60.77939000000001
6123.05 60.735290000000006
6128.91 60.68769
6134.77 60.636790000000005
6140.62 60.58249000000001
6146.48 60.525090000000006
6152.34 60.464690000000004
6158.2 60.40169000000001
6164.06 60.336090000000006
6169.92 60.26829000000001
6175.78 60.19859
6181.64 60.127190000000006
6187.5 60.05429000000001
6193.36 59.98039000000001
6199.22 59.905590000000004
6205.08 59.83019000000001
6210.94 59.754490000000004
6216.8 59.67869
6222.66 59.60309000000001
6228.52 59.52779
6234.38 59.45299000000001
6240.23 59.37879
6246.09 59.30539
6251.95 59.232890000000005
6257.81 59.161190000000005
6263.67 59.09049
6269.53 59.020590000000006
6275.39 58.951690000000006
6281.25 58.88349000000001
6287.11 58.81609
6292.97 58.74929000000001
6298.83 58.68309000000001
6304.69 58.617290000000004
6310.55 58.55169000000001
6316.41 58.486290000000004
6322.27 58.42099
6328.12 58.35559000000001
6333.98 58.290090000000006
6339.84 58.22439000000001
6345.7 58.15849000000001
6351.56 58.092490000000005
6357.42 58.026390000000006
6363.28 57.960190000000004
6369.14 57.894290000000005
6375.0 57.828590000000005
6380.86 57.76359000000001
6386.72 57.69939000000001
6392.58 57.63649000000001
6398.44 57.57509
6404.3 57.51559
6410.16 57.45859000000001
6416.02 57.40439000000001
6421.88 57.353390000000005
6427.73 57.30599000000001
6433.59 57.26279
6439.45 57.223890000000004
6445.31 57.189890000000005
6451.17 57.160790000000006
6457.03 57.136990000000004
6462.89 57.118590000000005
6468.75 57.10549
6474.61 57.09769000000001
6480.47 57.095090000000006
6486.33 57.097390000000004
6492.19 57.10419
6498.05 57.11509000000001
6503.91 57.12959000000001
6509.77 57.147090000000006
6515.62 57.166790000000006
6521.48 57.18809
6527.34 57.209990000000005
6533.2 57.23189000000001
6539.06 57.252790000000005
6544.92 57.271890000000006
6550.78 57.28829
6556.64 57.301190000000005
6562.5 57.30979000000001
6568.36 57.31329000000001
6574.22 57.310990000000004
6580.08 57.30219
6585.94 57.28649000000001
6591.8 57.26319000000001
6597.66 57.23199
6603.52 57.19249000000001
6609.38 57.144490000000005
6615.23 57.087990000000005
6621.09 57.02299000000001
6626.95 56.949490000000004
6632.81 56.86789
6638.67 56.77859000000001
6644.53 56.681990000000006
6650.39 56.578790000000005
6656.25 56.46989000000001
6662.11 56.356190000000005
6667.97 56.23859000000001
6673.83 56.11849000000001
6679.69 55.996990000000004
6685.55 55.875490000000006
6691.41 55.75549000000001
6697.27 55.63819000000001
6703.12 55.52519000000001
6708.98 55.417790000000004
6714.84 55.31729000000001
6720.7 55.22489000000001
6726.56 55.14139000000001
6732.42 55.067690000000006
6738.28 55.00439000000001
6744.14 54.95159
6750.0 54.909490000000005
6755.86 54.87789000000001
6761.72 54.85609000000001
6767.58 54.843590000000006
6773.44 54.83939000000001
6779.3 54.84239000000001
6785.16 54.851290000000006
6791.02 54.86469
6796.88 54.88129000000001
6802.73 54.89949000000001
6808.59 54.917790000000004
6814.45 54.93489
6820.31 54.949090000000005
6826.17 54.95919000000001
6832.03 54.963890000000006
6837.89 54.961890000000004
6843.75 54.95199000000001
6849.61 54.93319
6855.47 54.904590000000006
6861.33 54.86529000000001
6867.19 54.81439
6873.05 54.751290000000004
6878.91 54.67539000000001
6884.77 54.586090000000006
6890.62 54.483090000000004
6896.48 54.36589000000001
6902.34 54.234390000000005
6908.2 54.08829000000001
6914.06 53.927690000000005
6919.92 53.752390000000005
6925.78 53.56259000000001
6931.64 53.35859000000001
6937.5 53.14079
6943.36 52.909490000000005
6949.22 52.665490000000005
6955.08 52.40959000000001
6960.94 52.14269000000001
6966.8 51.865990000000004
6972.66 51.58099000000001
6978.52 51.28929000000001
6984.38 50.99279000000001
6990.23 50.69379000000001
6996.09 50.394490000000005
7001.95 50.09789000000001
7007.81 49.80689
7013.67 49.52449000000001
7019.53 49.25399000000001
7025.39 48.99869
7031.25 48.76169000000001
7037.11 48.54599
7042.97 48.35409000000001
7048.83 48.18809
7054.69 48.049290000000006
7060.55 47.938590000000005
7066.41 47.85589
7072.27 47.80059000000001
7078.12 47.77109000000001
7083.98 47.76549000000001
7089.84 47.781290000000006
7095.7 47.81539000000001
7101.56 47.86469
7107.42 47.92589
7113.28 47.995490000000004
7119.14 48.07049000000001
7125.0 48.14759000000001
7130.86 48.22399000000001
7136.72 48.296890000000005
7142.58 48.36379000000001
7148.44 48.42259000000001
7154.3 48.47099000000001
7160.16 48.507290000000005
7166.02 48.529590000000006
7171.88 48.536390000000004
7177.73 48.52609
7183.59 48.49719
7189.45 48.44829000000001
7195.31 48.377990000000004
7201.17 48.28479000000001
7207.03 48.167190000000005
7212.89 48.02349
7218.75 47.85229
7224.61 47.651390000000006
7230.47 47.41899000000001
7236.33 47.15279
7242.19 46.849990000000005
7248.05 46.50779000000001
7253.91 46.122490000000006
7259.77 45.68999000000001
7265.62 45.20519000000001
7271.48 44.66189000000001
7277.34 44.05209000000001
7283.2 43.365790000000004
7289.06 42.58959
7294.92 41.705090000000006
7300.78 40.68589
7306.64 39.49139000000001
7312.5 38.053990000000006
7318.36 36.24519000000001
7324.22 33.810590000000005
7330.08 31.420790000000007
7335.94 29.858490000000007
7341.8 28.874390000000005
7347.66 28.350590000000004
7353.52 28.242790000000007
7359.38 28.550890000000006
7365.23 29.317990000000005
7371.09 30.658790000000007
7376.95 32.821690000000004
7382.81 35.129290000000005
7388.67 36.79679
7394.53 38.08429000000001
7400.39 39.12669000000001
7406.25 39.99479000000001
7412.11 40.73089
7417.97 41.362790000000004
7423.83 41.909890000000004
7429.69 42.38649000000001
7435.55 42.803790000000006
7441.41 43.17049
7447.27 43.49369
7453.12 43.779590000000006
7458.98 44.033390000000004
7464.84 44.259690000000006
7470.7 44.462790000000005
7476.56 44.646390000000004
7482.42 44.81439
7488.28 44.96999
7494.14 45.116490000000006
7500.0 45.25719000000001
7505.86 45.39499000000001
7511.72 45.532790000000006
7517.58 45.67309000000001
7523.44 45.90019000000001
7529.3 46.05809000000001
7535.16 46.22509000000001
7541.02 46.402590000000004
7546.88 46.505590000000005
7552.73 46.69979000000001
7558.59 46.904790000000006
7564.45 47.12039000000001
7570.31 47.34579000000001
7576.17 47.580090000000006
7582.03 47.82189
7587.89 48.069790000000005
7593.75 48.32199000000001
7599.61 48.576890000000006
7605.47 48.83269000000001
7611.33 49.087790000000005
7617.19 49.34049
7623.05 49.589290000000005
7628.91 49.83299
7634.77 50.07029000000001
7640.62 50.300290000000004
7646.48 50.522290000000005
7652.34 50.735490000000006
7658.2 50.93959
7664.06 51.134190000000004
7669.92 51.31929
7675.78 51.494890000000005
7681.64 51.660990000000005
7687.5 51.817890000000006
7693.36 51.965990000000005
7699.22 52.10559000000001
7705.08 52.237190000000005
7710.94 52.36119000000001
7716.8 52.478390000000005
7722.66 52.589090000000006
7728.52 52.69409
7734.38 52.79379000000001
7740.23 52.88889
7746.09 52.979890000000005
7751.95 53.06739
7757.81 53.151790000000005
7763.67 53.23349
7769.53 53.31289
7775.39 53.39049000000001
7781.25 53.46629000000001
7787.11 53.54059000000001
7792.97 53.613490000000006
7798.83 53.68509
7804.69 53.75529
7810.55 53.824090000000005
7816.41 53.89139000000001
7822.27 53.956790000000005
7828.12 54.02029
7833.98 54.08149
7839.84 54.139990000000004
7845.7 54.19559
7851.56 54.247890000000005
7857.42 54.296490000000006
7863.28 54.340990000000005
7869.14 54.38109000000001
7875.0 54.41639000000001
7880.86 54.44659000000001
7886.72 54.47139000000001
7892.58 54.490590000000005
7898.44 54.503890000000006
7904.3 54.51109
7910.16 54.512190000000004
7916.02 54.50719000000001
7921.88 54.495990000000006
7927.73 54.478790000000004
7933.59 54.45559000000001
7939.45 54.426790000000004
7945.31 54.39269000000001
7951.17 54.353590000000004
7957.03 54.30989
7962.89 54.26229000000001
7968.75 54.211290000000005
7974.61 54.15739000000001
7980.47 54.101490000000005
7986.33 54.04419000000001
7992.19 53.98619000000001
7998.05 53.92839000000001
8003.91 53.87149000000001
8009.77 53.81609
8015.62 53.76319000000001
8021.48 53.71309000000001
8027.34 53.66669
8033.2 53.624190000000006
8039.06 53.58619000000001
8044.92 53.55299000000001
8050.78 53.52459
8056.64 53.501290000000004
8062.5 53.48279000000001
8068.36 53.46909000000001
8074.22 53.459790000000005
8080.08 53.45449000000001
8085.94 53.452690000000004
8091.8 53.45389000000001
8097.66 53.45729000000001
8103.52 53.46229
8109.38 53.468090000000004
8115.23 53.473890000000004
8121.09 53.47889000000001
8126.95 53.48239
8132.81 53.48349
8138.67 53.48149000000001
8144.53 53.475590000000004
8150.39 53.46519000000001
8156.25 53.44959000000001
8162.11 53.428090000000005
8167.97 53.40039000000001
8173.83 53.36569000000001
8179.69 53.32379
8185.55 53.27409000000001
8191.41 53.21649000000001
8197.27 53.150490000000005
8203.12 53.076190000000004
8208.98 52.993190000000006
8214.84 52.90149
8220.7 52.801190000000005
8226.56 52.69239
8232.42 52.575190000000006
8238.28 52.44979000000001
8244.14 52.316590000000005
8250.0 52.175990000000006
8255.86 52.028490000000005
8261.72 51.87469000000001
8267.58 51.71529
8273.44 51.550990000000006
8279.3 51.38259000000001
8285.16 51.21119000000001
8291.02 51.037690000000005
8296.88 50.86309000000001
8302.73 50.68849000000001
8308.59 50.514990000000004
8314.45 50.343790000000006
8320.31 50.175990000000006
8326.17 50.01249000000001
8332.03 49.854490000000006
8337.89 49.702690000000004
8343.75 49.55789000000001
8349.61 49.420790000000004
8355.47 49.291990000000006
8361.33 49.171690000000005
8367.19 49.06009
8373.05 48.95729000000001
8378.91 48.86309000000001
8384.77 48.77729000000001
8390.62 48.699490000000004
8396.48 48.62919000000001
8402.34 48.56589
8408.2 48.508790000000005
8414.06 48.45729000000001
8419.92 48.41069
8425.78 48.36809
8431.64 48.328990000000005
8437.5 48.292590000000004
8443.36 48.25829
8449.22 48.225190000000005
8455.08 48.19299000000001
8460.94 48.16089000000001
8466.8 48.12839
8472.66 48.09499
8478.52 48.060190000000006
8484.38 48.02349
8490.23 47.98449000000001
8496.09 47.942690000000006
8501.95 47.89759000000001
8507.81 47.848690000000005
8513.67 47.795590000000004
8519.53 47.737790000000004
8525.39 47.67479000000001
8531.25 47.60589
8537.11 47.530590000000004
8542.97 47.44829000000001
8548.83 47.358290000000004
8554.69 47.260090000000005
8560.55 47.15269000000001
8566.41 47.03569
8572.27 46.908190000000005
8578.12 46.76959000000001
8583.98 46.61919
8589.84 46.456390000000006
8595.7 46.280590000000004
8601.56 46.091390000000004
8607.42 45.88839000000001
8613.28 45.67139
8619.14 45.440490000000004
8625.0 45.195890000000006
8630.86 44.93809
8636.72 44.66789000000001
8642.58 44.38649000000001
8648.44 44.09539000000001
8654.3 43.79659000000001
8660.16 43.49219000000001
8666.02 43.18509
8671.88 42.877990000000004
8677.73 42.57399000000001
8683.59 42.276390000000006
8689.45 41.98809000000001
8695.31 41.71189000000001
8701.17 41.450390000000006
8707.03 41.205290000000005
8712.89 40.977790000000006
8718.75 40.76859
8724.61 40.577290000000005
8730.47 40.40319000000001
8736.33 40.24439000000001
8742.19 40.099090000000004
8748.05 39.964490000000005
8753.91 39.837990000000005
8759.77 39.71659000000001
8765.62 39.59769000000001
8771.48 39.478590000000004
8777.34 39.35719
8783.2 39.231590000000004
8789.06 39.100590000000004
8794.92 38.963390000000004
8800.78 38.819590000000005
8806.64 38.66939000000001
8812.5 38.513290000000005
8818.36 38.35249
8824.22 38.18809
8830.08 38.022090000000006
8835.94 37.85649000000001
8841.8 37.693490000000004
8847.66 37.53589000000001
8853.52 37.38629
8859.38 37.247890000000005
8865.23 37.12359000000001
8871.09 37.016490000000005
8876.95 36.929190000000006
8882.81 36.86439000000001
8888.67 36.824090000000005
8894.53 36.80989000000001
8900.39 36.82249
8906.25 36.86209000000001
8912.11 36.928090000000005
8917.97 37.019090000000006
8923.83 37.13299000000001
8929.69 37.26709000000001
8935.55 37.418290000000006
8941.41 37.58319
8947.27 37.758190000000006
8953.12 37.939690000000006
8958.98 38.12449000000001
8964.84 38.30939000000001
8970.7 38.49199
8976.56 38.66989000000001
8982.42 38.84159000000001
8988.28 39.00569
8994.14 39.161590000000004
9000.0 39.30879
9005.86 39.44709
9011.72 39.576690000000006
9017.58 39.69789
9023.44 39.81109000000001
9029.3 39.91689000000001
9035.16 40.015690000000006
9041.02 40.10819000000001
9046.88 40.19469000000001
9052.73 40.27599000000001
9058.59 40.35239000000001
9064.45 40.424490000000006
9070.31 40.492990000000006
9076.17 40.558490000000006
9082.03 40.62169
9087.89 40.683490000000006
9093.75 40.74479000000001
9099.61 40.80659000000001
9105.47 40.86999
9111.33 40.935990000000004
9117.19 41.005590000000005
9123.05 41.07949000000001
9128.91 41.158190000000005
9134.77 41.241890000000005
9140.62 41.33059
9146.48 41.423590000000004
9152.34 41.519890000000004
9158.2 41.61809000000001
9164.06 41.71649000000001
9169.92 41.81269
9175.78 41.904590000000006
9181.64 41.98949
9187.5 42.06499000000001
9193.36 42.13949000000001
9199.22 42.17909
9205.08 42.20239000000001
9210.94 42.20819
9216.8 42.196290000000005
9222.66 42.16429000000001
9228.52 42.12859
9234.38 42.07929000000001
9240.23 42.019090000000006
9246.09 41.95219
9251.95 41.883190000000006
9257.81 41.81759000000001
9263.67 41.76129
9269.53 41.71979
9275.39 41.69879
9281.25 41.70279000000001
9287.11 41.73579000000001
9292.97 41.80039000000001
9298.83 41.89799000000001
9304.69 42.02899000000001
9310.55 42.191990000000004
9316.41 42.38499
9322.27 42.604290000000006
9328.12 42.84559
9333.98 43.103790000000004
9339.84 43.37319000000001
9345.7 43.64829
9351.56 43.92379000000001
9357.42 44.19489000000001
9363.28 44.45749000000001
9369.14 44.708290000000005
9375.0 44.94489000000001
9380.86 45.16559000000001
9386.72 45.36929000000001
9392.58 45.55539
9398.44 45.72399000000001
9404.3 45.87509000000001
9410.16 46.00929000000001
9416.02 46.12709
9421.88 46.229290000000006
9427.73 46.316590000000005
9433.59 46.389790000000005
9439.45 46.449490000000004
9445.31 46.496590000000005
9451.17 46.53159000000001
9457.03 46.55539
9462.89 46.56859000000001
9468.75 46.571690000000004
9474.61 46.565490000000004
9480.47 46.550790000000006
9486.33 46.52839000000001
9492.19 46.49909
9498.05 46.46399
9503.91 46.42439
9509.77 46.38149000000001
9515.62 46.33679000000001
9521.48 46.29189
9527.34 46.248490000000004
9533.2 46.208490000000005
9539.06 46.17349000000001
9544.92 46.14549
9550.78 46.12599000000001
9556.64 46.11659
9562.5 46.118590000000005
9568.36 46.13299000000001
9574.22 46.160590000000006
9580.08 46.201690000000006
9585.94 46.25659
9591.8 46.32499000000001
9597.66 46.406290000000006
9603.52 46.49969000000001
9609.38 46.60419
9615.23 46.718590000000006
9621.09 46.84169000000001
9626.95 46.97189000000001
9632.81 47.107890000000005
9638.67 47.248490000000004
9644.53 47.39229
9650.39 47.53819000000001
9656.25 47.68529000000001
9662.11 47.83259
9667.97 47.979690000000005
9673.83 48.12579000000001
9679.69 48.270590000000006
9685.55 48.41369
9691.41 48.55489000000001
9697.27 48.694190000000006
9703.12 48.83129
9708.98 48.96609000000001
9714.84 49.098690000000005
9720.7 49.22899
9726.56 49.356790000000004
9732.42 49.48199
9738.28 49.60459000000001
9744.14 49.72439000000001
9750.0 49.841190000000005
9755.86 49.95469000000001
9761.72 50.06479000000001
9767.58 50.17099
9773.44 50.27319000000001
9779.3 50.370990000000006
9785.16 50.464090000000006
9791.02 50.55219
9796.88 50.634890000000006
9802.73 50.71199000000001
9808.59 50.783190000000005
9814.45 50.84819
9820.31 50.90679000000001
9826.17 50.95879000000001
9832.03 51.00419000000001
9837.89 51.042790000000004
9843.75 51.074490000000004
9849.61 51.09939000000001
9855.47 51.11759000000001
9861.33 51.12919000000001
9867.19 51.13429000000001
9873.05 51.13309
9878.91 51.12599000000001
9884.77 51.11319
9890.62 51.09499
9896.48 51.07189
9902.34 51.044290000000004
9908.2 51.01249000000001
9914.06 50.977090000000004
9919.92 50.93849000000001
9925.78 50.897090000000006
9931.64 50.853390000000005
9937.5 50.80789000000001
9943.36 50.76089
9949.22 50.71289000000001
9955.08 50.664190000000005
9960.94 50.615190000000005
9966.8 50.56629
9972.66 50.517590000000006
9978.52 50.469590000000004
9984.38 50.422290000000004
9990.23 50.37599000000001
9996.09 50.33079000000001
10002.0 50.28699
10007.8 50.244690000000006
10013.7 50.203990000000005
10019.5 50.16499
10025.4 50.127790000000005
10031.2 50.092690000000005
10037.1 50.05969
10043.0 50.028890000000004
10048.8 50.00059
10054.7 49.97489000000001
10060.5 49.951890000000006
10066.4 49.93179000000001
10072.3 49.91479
10078.1 49.90109
10084.0 49.89079
10089.8 49.883990000000004
10095.7 49.88089000000001
10101.6 49.88159
10107.4 49.88599000000001
10113.3 49.89419000000001
10119.1 49.906090000000006
10125.0 49.92159000000001
10130.9 49.94039000000001
10136.7 49.96229
10142.6 49.98689
10148.4 50.01389
10154.3 50.042590000000004
10160.2 50.072590000000005
10166.0 50.103190000000005
10171.9 50.133790000000005
10177.7 50.16349
10183.6 50.19169000000001
10189.5 50.21759000000001
10195.3 50.240390000000005
10201.2 50.259190000000004
10207.0 50.273390000000006
10212.9 50.28219000000001
10218.8 50.28479000000001
10224.6 50.280590000000004
10230.5 50.269090000000006
10236.3 50.24969000000001
10242.2 50.221990000000005
10248.0 50.18569000000001
10253.9 50.14049000000001
10259.8 50.08619000000001
10265.6 50.02299000000001
10271.5 49.950790000000005
10277.3 49.86999000000001
10283.2 49.78079
10289.1 49.683690000000006
10294.9 49.579390000000004
10300.8 49.468590000000006
10306.6 49.352090000000004
10312.5 49.23089
10318.4 49.106190000000005
10324.2 48.97919
10330.1 48.85099
10335.9 48.723090000000006
10341.8 48.59689000000001
10347.7 48.47359000000001
10353.5 48.35479000000001
10359.4 48.241690000000006
10365.2 48.13559000000001
10371.1 48.037490000000005
10377.0 47.94839
10382.8 47.868990000000004
10388.7 47.799690000000005
10394.5 47.740790000000004
10400.4 47.69239
10406.2 47.653890000000004
10412.1 47.62489000000001
10418.0 47.60459000000001
10423.8 47.591590000000004
10429.7 47.584790000000005
10435.5 47.58249000000001
10441.4 47.58299
10447.3 47.584390000000006
10453.1 47.58489000000001
10459.0 47.582390000000004
10464.8 47.57499000000001
10470.7 47.56069000000001
10476.6 47.537490000000005
10482.4 47.503690000000006
10488.3 47.45749000000001
10494.1 47.39739000000001
10500.0 47.32189
10505.9 47.22979000000001
10511.7 47.120090000000005
10517.6 46.991690000000006
10523.4 46.84409000000001
10529.3 46.67669000000001
10535.2 46.48939000000001
10541.0 46.28199000000001
10546.9 46.054990000000004
10552.7 45.80879000000001
10558.6 45.54419000000001
10564.5 45.26249000000001
10570.3 44.96499000000001
10576.2 44.653490000000005
10582.0 44.32999
10587.9 43.996790000000004
10593.8 43.656290000000006
10599.6 43.31119000000001
10605.5 42.96419
10611.3 42.61779000000001
10617.2 42.27449000000001
10623.0 41.93679
10628.9 41.60649000000001
10634.8 41.28549000000001
10640.6 40.97489
10646.5 40.67569
10652.3 40.388290000000005
10658.2 40.112790000000004
10664.1 39.848890000000004
10669.9 39.595890000000004
10675.8 39.35289
10681.6 39.11899000000001
10687.5 38.89289000000001
10693.4 38.67349
10699.2 38.459590000000006
10705.1 38.25029000000001
10710.9 38.04469
10716.8 37.84219
10722.7 37.642590000000006
10728.5 37.446090000000005
10734.4 37.25309000000001
10740.2 37.064690000000006
10746.1 36.88259000000001
10752.0 36.70909
10757.8 36.54699000000001
10763.7 36.399890000000006
10769.5 36.27179000000001
10775.4 36.16689000000001
10781.2 36.08939000000001
10787.1 36.04319000000001
10793.0 36.03159000000001
10798.8 36.056990000000006
10804.7 36.120990000000006
10810.5 36.22379000000001
10816.4 36.36459000000001
10822.3 36.54119000000001
10828.1 36.75059
10834.0 36.988290000000006
10839.8 37.249190000000006
10845.7 37.527190000000004
10851.6 37.81579000000001
10857.4 38.10849
10863.3 38.52459
10869.1 38.79459000000001
10875.0 39.04939
10880.9 39.284890000000004
10886.7 39.497890000000005
10892.6 39.68589
10898.4 39.84709000000001
10904.3 39.88159
10910.2 40.00139
10916.0 40.093790000000006
10921.9 40.15919000000001
10927.7 40.198690000000006
10933.6 40.21359000000001
10939.5 40.205690000000004
10945.3 40.17719000000001
10951.2 40.13069
10957.0 40.06889000000001
10962.9 39.994890000000005
10968.8 39.91199
10974.6 39.82359000000001
10980.5 39.733090000000004
10986.3 39.643890000000006
10992.2 39.55919
10998.0 39.48219
11003.9 39.415690000000005
11009.8 39.36229
11015.6 39.324090000000005
11021.5 39.30279
11027.3 39.29979
11033.2 39.315690000000004
11039.1 39.351090000000006
11044.9 39.40579000000001
11050.8 39.47919
11056.6 39.57039
11062.5 39.678090000000005
11068.4 39.80069
11074.2 39.93639
11080.1 40.083290000000005
11085.9 40.239290000000004
11091.8 40.402190000000004
11097.7 40.57019000000001
11103.5 40.74109000000001
11109.4 40.913090000000004
11115.2 41.084390000000006
11121.1 41.253490000000006
11127.0 41.418890000000005
11132.8 41.579390000000004
11138.7 41.733990000000006
11144.5 41.88159
11150.4 42.02169000000001
11156.2 42.153690000000005
11162.1 42.277190000000004
11168.0 42.39209000000001
11173.8 42.498090000000005
11179.7 42.595290000000006
11185.5 42.683890000000005
11191.4 42.76389
11197.3 42.83549000000001
11203.1 42.89909
11209.0 42.95479
11214.8 43.00289000000001
11220.7 43.043490000000006
11226.6 43.076890000000006
11232.4 43.10309000000001
11238.3 43.12219
11244.1 43.13429000000001
11250.0 43.13929
11255.9 43.13709
11261.7 43.127790000000005
11267.6 43.111090000000004
11273.4 43.08709
11279.3 43.055490000000006
11285.2 43.01639
11291.0 42.96969000000001
11296.9 42.915490000000005
11302.7 42.853790000000004
11308.6 42.784690000000005
11314.5 42.708690000000004
11320.3 42.62579000000001
11326.2 42.53669000000001
11332.0 42.44169000000001
11337.9 42.341390000000004
11343.8 42.23669000000001
11349.6 42.128190000000004
11355.5 42.016890000000004
11361.3 41.90379
11367.2 41.790090000000006
11373.0 41.67689000000001
11378.9 41.56559000000001
11384.8 41.45759000000001
11390.6 41.354490000000006
11396.5 41.25789
11402.3 41.16939000000001
11408.2 41.090590000000006
11414.1 41.02319000000001
11419.9 40.968790000000006
11425.8 40.92869
11431.6 40.90419000000001
11437.5 40.89629000000001
11443.4 40.90579000000001
11449.2 40.93309000000001
11455.1 40.978390000000005
11460.9 41.04149000000001
11466.8 41.12199000000001
11472.7 41.218990000000005
11478.5 41.331590000000006
11484.4 41.45819
11490.2 41.597390000000004
11496.1 41.74729000000001
11502.0 41.90619000000001
11507.8 42.072190000000006
11513.7 42.243190000000006
11519.5 42.417390000000005
11525.4 42.593090000000004
11531.2 42.76859
11537.1 42.94239
11543.0 43.11339000000001
11548.8 43.28049000000001
11554.7 43.442690000000006
11560.5 43.59949
11566.4 43.75029000000001
11572.3 43.894890000000004
11578.1 44.03309
11584.0 44.16479
11589.8 44.28999
11595.7 44.40899
11601.6 44.52179
11607.4 44.62879
11613.3 44.730090000000004
11619.1 44.825990000000004
11625.0 44.916790000000006
11630.9 45.002790000000005
11636.7 45.08399000000001
11642.6 45.160790000000006
11648.4 45.23319000000001
11654.3 45.301390000000005
11660.2 45.365590000000005
11666.0 45.42569
11671.9 45.48169000000001
11677.7 45.53379
11683.6 45.581790000000005
11689.5 45.62579000000001
11695.3 45.66579000000001
11701.2 45.701690000000006
11707.0 45.73359000000001
11712.9 45.761590000000005
11718.8 45.785790000000006
11724.6 45.806290000000004
11730.5 45.82329000000001
11736.3 45.83709
11742.2 45.84819
11748.0 45.856790000000004
11753.9 45.86359000000001
11759.8 45.868990000000004
11765.6 45.87379000000001
11771.5 45.878490000000006
11777.3 45.88409000000001
11783.2 45.891090000000005
11789.1 45.90059000000001
11794.9 45.913090000000004
11800.8 45.92969000000001
11806.6 45.95089000000001
11812.5 45.977590000000006
11818.4 46.010290000000005
11824.2 46.04959000000001
11830.1 46.095890000000004
11835.9 46.14959
11841.8 46.21079
11847.7 46.279590000000006
11853.5 46.35589
11859.4 46.43939
11865.2 46.52969
11871.1 46.626290000000004
11877.0 46.728390000000005
11882.8 46.83549000000001
11888.7 46.94639000000001
11894.5 47.06029000000001
11900.4 47.17609000000001
11906.2 47.292790000000004
11912.1 47.409090000000006
11918.0 47.52409000000001
11923.8 47.636590000000005
11929.7 47.74559000000001
11935.5 47.849990000000005
11941.4 47.948890000000006
11947.3 48.04149
11953.1 48.12689
11959.0 48.20459
11964.8 48.27389000000001
11970.7 48.33449
11976.6 48.38609
11982.4 48.428290000000004
11988.3 48.461290000000005
11994.1 48.48499
12000.0 48.49969000000001
12005.9 48.505590000000005
12011.7 48.50309000000001
12017.6 48.49289
12023.4 48.475590000000004
12029.3 48.451890000000006
12035.2 48.42269
12041.0 48.38889
12046.9 48.351490000000005
12052.7 48.311490000000006
12058.6 48.27009
12064.5 48.228390000000005
12070.3 48.187490000000004
12076.2 48.14849
12082.0 48.11269000000001
12087.9 48.080890000000004
12093.8 48.05429000000001
12099.6 48.033590000000004
12105.5 48.019690000000004
12111.3 48.01319000000001
12117.2 48.01469000000001
12123.0 48.024390000000004
12128.9 48.04249000000001
12134.8 48.06909
12140.6 48.10389000000001
12146.5 48.14669000000001
12152.3 48.19699000000001
12158.2 48.254090000000005
12164.1 48.317190000000004
12169.9 48.38559000000001
12175.8 48.45839000000001
12181.6 48.534490000000005
12187.5 48.61299
12193.4 48.69279
12199.2 48.77309
12205.1 48.852990000000005
12210.9 48.931490000000004
12216.8 49.00799000000001
12222.7 49.081790000000005
12228.5 49.152390000000004
12234.4 49.219390000000004
12240.2 49.28239000000001
12246.1 49.34129000000001
12252.0 49.395990000000005
12257.8 49.44639000000001
12263.7 49.49269
12269.5 49.53499000000001
12275.4 49.57339
12281.2 49.608290000000004
12287.1 49.63969000000001
12293.0 49.66809000000001
12298.8 49.69359000000001
12304.7 49.71649000000001
12310.5 49.736990000000006
12316.4 49.75529
12322.3 49.77159
12328.1 49.785990000000005
12334.0 49.79869000000001
12339.8 49.80979000000001
12345.7 49.81929
12351.6 49.827290000000005
12357.4 49.83379000000001
12363.3 49.838890000000006
12369.1 49.84259000000001
12375.0 49.84499
12380.9 49.84599000000001
12386.7 49.84559000000001
12392.6 49.84389000000001
12398.4 49.84089000000001
12404.3 49.83639000000001
12410.2 49.83059000000001
12416.0 49.82329000000001
12421.9 49.814490000000006
12427.7 49.80389
12433.6 49.79159000000001
12439.5 49.77729000000001
12445.3 49.760690000000004
12451.2 49.74179000000001
12457.0 49.720090000000006
12462.9 49.69549000000001
12468.8 49.667790000000004
12474.6 49.63649000000001
12480.5 49.601490000000005
12486.3 49.56259000000001
12492.2 49.519490000000005
12498.0 49.47209000000001
12503.9 49.420390000000005
12509.8 49.36419000000001
12515.6 49.303490000000004
12521.5 49.23859000000001
12527.3 49.16939000000001
12533.2 49.05369
12539.1 48.97569000000001
12544.9 48.894690000000004
12550.8 48.81109000000001
12556.6 48.72529000000001
12562.5 48.63779
12568.4 48.54919
12574.2 48.459990000000005
12580.1 48.415890000000005
12585.9 48.32779000000001
12591.8 48.24069000000001
12597.7 48.154990000000005
12603.5 48.071290000000005
12609.4 47.990390000000005
12615.2 47.912690000000005
12621.1 47.83879
12627.0 47.76919000000001
12632.8 47.704390000000004
12638.7 47.644890000000004
12644.5 47.59109000000001
12650.4 47.54319
12656.2 47.501490000000004
12662.1 47.46629000000001
12668.0 47.437490000000004
12673.8 47.41519
12679.7 47.39929000000001
12685.5 47.389590000000005
12691.4 47.38559000000001
12697.3 47.38689000000001
12703.1 47.39309000000001
12709.0 47.403290000000005
12714.8 47.416790000000006
12720.7 47.432790000000004
12726.6 47.45029
12732.4 47.468090000000004
12738.3 47.485290000000006
12744.1 47.50059
12750.0 47.512890000000006
12755.9 47.520990000000005
12761.7 47.52369000000001
12767.6 47.519690000000004
12773.4 47.50779000000001
12779.3 47.48709000000001
12785.2 47.45619000000001
12791.0 47.41429000000001
12796.9 47.360290000000006
12802.7 47.29339
12808.6 47.212590000000006
12814.5 47.11719000000001
12820.3 47.00639
12826.2 46.879690000000004
12832.0 46.73649
12837.9 46.57629000000001
12843.8 46.39869000000001
12849.6 46.20329
12855.5 45.989790000000006
12861.3 45.758190000000006
12867.2 45.50829
12873.0 45.239990000000006
12878.9 44.95349
12884.8 44.64889000000001
12890.6 44.32649000000001
12896.5 43.986790000000006
12902.3 43.63009000000001
12908.2 43.25719000000001
12914.1 42.86869
12919.9 42.46549
12925.8 42.04849
12931.6 41.61869
12937.5 41.17719000000001
12943.4 40.72509000000001
12949.2 40.263690000000004
12955.1 39.79419
12960.9 39.31759000000001
12966.8 38.835390000000004
12972.7 38.348490000000005
12978.5 37.858090000000004
12984.4 37.36529
12990.2 36.871190000000006
12996.1 36.37689
13002.0 35.883390000000006
13007.8 35.391890000000004
13013.7 34.90339
13019.5 34.41899000000001
13025.4 33.93979
13031.2 33.46679
13037.1 33.00079000000001
13043.0 32.542590000000004
13048.8 32.092490000000005
13054.7 31.650590000000005
13060.5 31.216790000000007
13066.4 30.790490000000005
13072.3 30.371090000000006
13078.1 29.957890000000006
13084.0 29.550690000000007
13089.8 29.149690000000007
13095.7 28.756790000000006
13101.6 28.375690000000006
13107.4 28.012490000000007
13113.3 27.675790000000006
13119.1 27.375890000000005
13125.0 27.122890000000005
13130.9 26.925390000000007
13136.7 26.789490000000008
13142.6 26.718290000000003
13148.4 26.712790000000005
13154.3 26.772290000000005
13160.2 26.894990000000007
13166.0 27.078690000000005
13171.9 27.320590000000006
13177.7 27.617990000000006
13183.6 27.967390000000005
13189.5 28.364690000000007
13195.3 28.804090000000006
13201.2 29.277990000000006
13207.0 29.776190000000007
13212.9 30.286090000000005
13218.8 30.793490000000006
13224.6 31.283990000000006
13230.5 31.744990000000005
13236.3 32.16689000000001
13242.2 32.54279000000001
13248.0 32.86869
13253.9 33.142590000000006
13259.8 33.36419000000001
13265.6 33.534090000000006
13271.5 33.653890000000004
13277.3 33.72569000000001
13283.2 33.75249000000001
13289.1 33.73789000000001
13294.9 33.685990000000004
13300.8 33.601690000000005
13306.6 33.490790000000004
13312.5 33.35929
13318.4 33.21379
13324.2 33.06089
13330.1 32.90709000000001
13335.9 32.75849000000001
13341.8 32.62059000000001
13347.7 32.49819000000001
13353.5 32.39549000000001
13359.4 32.315490000000004
13365.2 32.26109000000001
13371.1 32.23389
13377.0 32.23509000000001
13382.8 32.265190000000004
13388.7 32.323690000000006
13394.5 32.40959000000001
13400.4 32.52089000000001
13406.2 32.654790000000006
13412.1 32.80789
13418.0 32.97619
13423.8 33.155590000000004
13429.7 33.34189000000001
13435.5 33.53089000000001
13441.4 33.718990000000005
13447.3 33.903090000000006
13453.1 34.080490000000005
13459.0 34.24879000000001
13464.8 34.40619000000001
13470.7 34.55109
13476.6 34.68179000000001
13482.4 34.797090000000004
13488.3 34.895790000000005
13494.1 34.976490000000005
13500.0 35.038090000000004
13505.9 35.07949000000001
13511.7 35.09949
13517.6 35.096990000000005
13523.4 35.071290000000005
13529.3 35.02149000000001
13535.2 34.94699000000001
13541.0 34.84759000000001
13546.9 34.723290000000006
13552.7 34.574290000000005
13558.6 34.401390000000006
13564.5 34.205690000000004
13570.3 33.989090000000004
13576.2 33.753690000000006
13582.0 33.50249000000001
13587.9 33.239090000000004
13593.8 32.967890000000004
13599.6 32.693690000000004
13605.5 32.422090000000004
13611.3 32.15919000000001
13617.2 31.910990000000005
13623.0 31.683690000000006
13628.9 31.483190000000004
13634.8 31.314890000000005
13640.6 31.183290000000007
13646.5 31.092290000000006
13652.3 31.044590000000007
13658.2 31.042090000000005
13664.1 31.085690000000007
13669.9 31.175090000000004
13675.8 31.309390000000004
13681.6 31.486390000000007
13687.5 31.702990000000007
13693.4 31.955290000000005
13699.2 32.23859
13705.1 32.547090000000004
13710.9 32.87489000000001
13716.8 33.215390000000006
13722.7 33.56199000000001
13728.5 33.908190000000005
13734.4 34.247890000000005
13740.2 34.575390000000006
13746.1 34.88579000000001
13752.0 35.17479
13757.8 35.43849
13763.7 35.67409000000001
13769.5 35.878690000000006
13775.4 36.05039000000001
13781.2 36.187290000000004
13787.1 36.287890000000004
13793.0 36.35089000000001
13798.8 36.37529000000001
13804.7 36.35999000000001
13810.5 36.30409
13816.4 36.206790000000005
13822.3 36.06729000000001
13828.1 35.88499
13834.0 35.659290000000006
13839.8 35.38989000000001
13845.7 35.076890000000006
13851.6 34.72079000000001
13857.4 34.32329000000001
13863.3 33.88749000000001
13869.1 33.418690000000005
13875.0 32.924890000000005
13880.9 32.41689000000001
13886.7 31.908090000000005
13892.6 31.412890000000004
13898.4 30.945190000000007
13904.3 30.516690000000004
13910.2 30.136090000000006
13916.0 29.809690000000007
13921.9 29.541490000000007
13927.7 29.334190000000007
13933.6 29.189090000000007
13939.5 29.106990000000007
13945.3 29.087990000000005
13951.2 29.131290000000007
13957.0 29.235190000000006
13962.9 29.396690000000007
13968.8 29.610590000000006
13974.6 29.869190000000007
13980.5 30.161990000000007
13986.3 30.476090000000006
13992.2 30.797890000000006
13998.0 31.114590000000007
14003.9 31.415890000000005
14009.8 31.694490000000005
14015.6 31.946390000000005
14021.5 32.169790000000006
14027.3 32.36469000000001
14033.2 32.53269
14039.1 32.676190000000005
14044.9 32.79809
14050.8 32.90189000000001
14056.6 32.99099000000001
14062.5 33.06899000000001
14068.4 33.13929
14074.2 33.205290000000005
14080.1 33.269690000000004
14085.9 33.33509000000001
14091.8 33.403490000000005
14097.7 33.47639000000001
14103.5 33.554790000000004
14109.4 33.639190000000006
14115.2 33.729490000000006
14121.1 33.825190000000006
14127.0 33.92519
14132.8 34.02799
14138.7 34.13149000000001
14144.5 34.23339000000001
14150.4 34.33099000000001
14156.2 34.421290000000006
14162.1 34.501490000000004
14168.0 34.56839000000001
14173.8 34.61909000000001
14179.7 34.650890000000004
14185.5 34.66129000000001
14191.4 34.64799000000001
14197.3 34.60909000000001
14203.1 34.45589000000001
14209.0 34.34639000000001
14214.8 34.208490000000005
14220.7 34.04249
14226.6 33.849590000000006
14232.4 33.632090000000005
14238.3 33.39359
14244.1 33.13899000000001
14250.0 32.874590000000005
14255.9 32.72959
14261.7 32.47809000000001
14267.6 32.23809000000001
14273.4 32.01659000000001
14279.3 31.819390000000006
14285.2 31.651090000000007
14291.0 31.515190000000004
14296.9 31.413890000000006
14302.7 31.348690000000005
14308.6 31.320290000000007
14314.5 31.328990000000005
14320.3 31.374390000000005
14326.2 31.455790000000007
14332.0 31.571990000000007
14337.9 31.720890000000004
14343.8 31.899790000000007
14349.6 32.10479000000001
14355.5 32.33089000000001
14361.3 32.57199000000001
14367.2 32.82099000000001
14373.0 33.07039
14378.9 33.31289000000001
14384.8 33.54209
14390.6 33.752790000000005
14396.5 33.94129000000001
14402.3 34.105090000000004
14408.2 34.24309000000001
14414.1 34.35499
14419.9 34.441390000000006
14425.8 34.50339000000001
14431.6 34.542190000000005
14437.5 34.55959000000001
14443.4 34.557390000000005
14449.2 34.53759000000001
14455.1 34.502390000000005
14460.9 34.45389
14466.8 34.39439
14472.7 34.32649000000001
14478.5 34.25249000000001
14484.4 34.175090000000004
14490.2 34.09669000000001
14496.1 34.019890000000004
14502.0 33.94699000000001
14507.8 33.87999000000001
14513.7 33.820690000000006
14519.5 33.77029
14525.4 33.729490000000006
14531.2 33.69859000000001
14537.1 33.677290000000006
14543.0 33.664590000000004
14548.8 33.659290000000006
14554.7 33.659290000000006
14560.5 33.662090000000006
14566.4 33.66469000000001
14572.3 33.66329
14578.1 33.653490000000005
14584.0 33.63029
14589.8 33.587790000000005
14595.7 33.51899
14601.6 33.41599000000001
14607.4 33.26939
14613.3 33.06799000000001
14619.1 32.79769
14625.0 32.44039000000001
14630.9 31.970190000000006
14636.7 31.345390000000005
14642.6 30.482190000000006
14648.4 29.096690000000006
14654.3 27.790090000000006
14660.2 26.947790000000005
14666.0 26.329990000000006
14671.9 25.861590000000007
14677.7 25.506290000000007
14683.6 25.243290000000005
14689.5 25.059790000000007
14695.3 24.947690000000005
14701.2 24.902590000000004
14707.0 24.922390000000007
14712.9 25.007390000000008
14718.8 25.160190000000007
14724.6 25.385890000000003
14730.5 25.693490000000004
14736.3 26.096490000000006
14742.2 26.617390000000007
14748.0 27.295090000000005
14753.9 28.212090000000007
14759.8 29.652990000000006
14765.6 31.011790000000005
14771.5 31.900390000000005
14777.3 32.56219
14783.2 33.07489000000001
14789.1 33.478190000000005
14794.9 33.79719
14800.8 34.04979
14806.6 34.24989000000001
14812.5 34.40889000000001
14818.4 34.53699
14824.2 34.64289000000001
14830.1 34.734590000000004
14835.9 34.81929000000001
14841.8 34.903290000000005
14847.7 34.992490000000004
14853.5 35.09169000000001
14859.4 35.205290000000005
14865.2 35.33679000000001
14871.1 35.488890000000005
14877.0 35.663790000000006
14882.8 35.862590000000004
14888.7 36.08599000000001
14894.5 36.33389000000001
14900.4 36.60539000000001
14906.2 36.89929000000001
14912.1 37.21349000000001
14918.0 37.545390000000005
14923.8 37.89219000000001
14929.7 38.25059
14935.5 38.61699
14941.4 38.987790000000004
14947.3 39.359390000000005
14953.1 39.72849000000001
14959.0 40.09159000000001
14964.8 40.44579
14970.7 40.788590000000006
14976.6 41.11769000000001
14982.4 41.43139000000001
14988.3 41.72829
14994.1 42.00739
15000.0 42.268190000000004
15005.9 42.510290000000005
15011.7 42.733790000000006
15017.6 42.93929000000001
15023.4 43.127190000000006
15029.3 43.298390000000005
15035.2 43.45409000000001
15041.0 43.59539000000001
15046.9 43.72379000000001
15052.7 43.840590000000006
15058.6 43.94749
15064.5 44.04599
15070.3 44.13779
15076.2 44.22449
15082.0 44.30769000000001
15087.9 44.38889
15093.8 44.469590000000004
15099.6 44.55109000000001
15105.5 44.63479
15111.3 44.72169
15117.2 44.81279000000001
15123.0 44.90889000000001
15128.9 45.01059000000001
15134.8 45.11849000000001
15140.6 45.232690000000005
15146.5 45.35329000000001
15152.3 45.480290000000004
15158.2 45.61339
15164.1 45.752190000000006
15169.9 45.895990000000005
15175.8 46.04419000000001
15181.6 46.195890000000006
15187.5 46.350190000000005
15193.4 46.505990000000004
15199.2 46.66219
15205.1 46.81759
15210.9 46.97119000000001
15216.8 47.12169000000001
15222.7 47.267790000000005
15228.5 47.40849000000001
15234.4 47.54249000000001
15240.2 47.66879000000001
15246.1 47.786390000000004
15252.0 47.89419000000001
15257.8 47.99159
15263.7 48.07759000000001
15269.5 48.151590000000006
15275.4 48.21309000000001
15281.2 48.26169000000001
15287.1 48.29699000000001
15293.0 48.31899000000001
15298.8 48.32759000000001
15304.7 48.322990000000004
15310.5 48.30539
15316.4 48.27539000000001
15322.3 48.23349
15328.1 48.180490000000006
15334.0 48.117290000000004
15339.8 48.045190000000005
15345.7 47.96529
15351.6 47.87899000000001
15357.4 47.78799000000001
15363.3 47.69379000000001
15369.1 47.598290000000006
15375.0 47.503190000000004
15380.9 47.41049
15386.7 47.32189
15392.6 47.239290000000004
15398.4 47.164390000000004
15404.3 47.098890000000004
15410.2 47.044290000000004
15416.0 47.00169
15421.9 46.972390000000004
15427.7 46.956990000000005
15433.6 46.95629
15439.5 46.970490000000005
15445.3 46.99949000000001
15451.2 47.043290000000006
15457.0 47.10119
15462.9 47.17239000000001
15468.8 47.25589000000001
15474.6 47.35049000000001
15480.5 47.45449000000001
15486.3 47.56649000000001
15492.2 47.68459000000001
15498.0 47.80679000000001
15503.9 47.931290000000004
15509.8 48.05619000000001
15515.6 48.17929000000001
15521.5 48.29889000000001
15527.3 48.41319000000001
15533.2 48.520390000000006
15539.1 48.61889000000001
15544.9 48.70749000000001
15550.8 48.784690000000005
15556.6 48.84969
15562.5 48.901390000000006
15568.4 48.93919
15574.2 48.96249
15580.1 48.971090000000004
15585.9 48.96479000000001
15591.8 48.94359000000001
15597.7 48.90769
15603.5 48.85759000000001
15609.4 48.79379000000001
15615.2 48.717090000000006
15621.1 48.628490000000006
15627.0 48.529090000000004
15632.8 48.42029000000001
15638.7 48.303490000000004
15644.5 48.18029000000001
15650.4 48.052690000000005
15656.2 47.92259000000001
15662.1 47.79189
15668.0 47.662890000000004
15673.8 47.53739000000001
15679.7 47.417790000000004
15685.5 47.305690000000006
15691.4 47.203190000000006
15697.3 47.111790000000006
15703.1 47.03289000000001
15709.0 46.96759000000001
15714.8 46.91689
15720.7 46.88109000000001
15726.6 46.860690000000005
15732.4 46.85549
15738.3 46.865190000000005
15744.1 46.88909
15750.0 46.926390000000005
15755.9 46.97579
15761.7 47.03589000000001
15767.6 47.10519000000001
15773.4 47.18189
15779.3 47.264190000000006
15785.2 47.35009000000001
15791.0 47.43789
15796.9 47.525690000000004
15802.7 47.61169
15808.6 47.694390000000006
15814.5 47.77259000000001
15820.3 47.84499
15826.2 47.91069
15832.0 47.969190000000005
15837.9 48.02009
15843.8 48.06329000000001
15849.6 48.098690000000005
15855.5 48.12679000000001
15861.3 48.147890000000004
15867.2 48.16259000000001
15873.0 48.166990000000006
15878.9 48.17109000000001
15884.8 48.171690000000005
15890.6 48.16989
15896.5 48.166290000000004
15902.3 48.16189000000001
15908.2 48.15749
15914.1 48.153690000000005
15919.9 48.15119000000001
15925.8 48.15039000000001
15931.6 48.156690000000005
15937.5 48.15959000000001
15943.4 48.16469000000001
15949.2 48.171890000000005
15955.1 48.181290000000004
15960.9 48.19249000000001
15966.8 48.20519000000001
15972.7 48.218990000000005
15978.5 48.233290000000004
15984.4 48.24739
15990.2 48.26059000000001
15996.1 48.272090000000006
16002.0 48.28119
16007.8 48.28689000000001
16013.7 48.28849
16019.5 48.28529
16025.4 48.27649
16031.2 48.261390000000006
16037.1 48.23969
16043.0 48.21099
16048.8 48.174890000000005
16054.7 48.13139
16060.5 48.080690000000004
16066.4 48.02309
16072.3 47.958890000000004
16078.1 47.88879000000001
16084.0 47.81369000000001
16089.8 47.73449000000001
16095.7 47.652390000000004
16101.6 47.568490000000004
16107.4 47.48429000000001
16113.3 47.40099000000001
16119.1 47.32029000000001
16125.0 47.24349000000001
16130.9 47.17199000000001
16136.7 47.107290000000006
16142.6 47.05069
16148.4 47.00329000000001
16154.3 46.966190000000005
16160.2 46.94039000000001
16166.0 46.92649000000001
16171.9 46.92499000000001
16177.7 46.93629000000001
16183.6 46.96029000000001
16189.5 46.99689000000001
16195.3 47.045590000000004
16201.2 47.105790000000006
16207.0 47.17649000000001
16212.9 47.25679
16218.8 47.345290000000006
16224.6 47.440490000000004
16230.5 47.54079000000001
16236.3 47.64459000000001
16242.2 47.75019
16248.0 47.85549
16253.9 47.958890000000004
16259.8 48.05839
16265.6 48.15229000000001
16271.5 48.238690000000005
16277.3 48.31609
16283.2 48.38299000000001
16289.1 48.43779000000001
16294.9 48.479490000000006
16300.8 48.50679
16306.6 48.51899
16312.5 48.515390000000004
16318.4 48.49559000000001
16324.2 48.45929
16330.1 48.40659000000001
16335.9 48.33769000000001
16341.8 48.25329000000001
16347.7 48.154090000000004
16353.5 48.04119000000001
16359.4 47.915690000000005
16365.2 47.77919000000001
16371.1 47.63329
16377.0 47.47999000000001
16382.8 47.32119000000001
16388.7 47.159090000000006
16394.5 46.99579000000001
16400.4 46.83359000000001
16406.2 46.67459000000001
16412.1 46.52109000000001
16418.0 46.374990000000004
16423.8 46.238290000000006
16429.7 46.112590000000004
16435.5 45.99969000000001
16441.4 45.90059000000001
16447.3 45.816590000000005
16453.1 45.748490000000004
16459.0 45.69679000000001
16464.8 45.66169000000001
16470.7 45.643390000000004
16476.6 45.64139000000001
16482.4 45.655190000000005
16488.3 45.68399000000001
16494.1 45.726690000000005
16500.0 45.782090000000004
16505.9 45.848690000000005
16511.7 45.92479000000001
16517.6 46.00889000000001
16523.4 46.099090000000004
16529.3 46.193490000000004
16535.2 46.290490000000005
16541.0 46.38819000000001
16546.9 46.48489000000001
16552.7 46.57909000000001
16558.6 46.66939000000001
16564.5 46.754290000000005
16570.3 46.83279
16576.2 46.90379000000001
16582.0 46.966390000000004
16587.9 47.01979000000001
16593.8 47.06369000000001
16599.6 47.097390000000004
16605.5 47.12059000000001
16611.3 47.13329
16617.2 47.13539000000001
16623.0 47.12689
16628.9 47.107890000000005
16634.8 47.07869000000001
16640.6 47.039590000000004
16646.5 46.99109000000001
16652.3 46.93339
16658.2 46.867290000000004
16664.1 46.79299
16669.9 46.711290000000005
16675.8 46.622690000000006
16681.6 46.52779
16687.5 46.42719
16693.4 46.321290000000005
16699.2 46.210890000000006
16705.1 46.09619000000001
16710.9 45.97789
16716.8 45.856390000000005
16722.7 45.73189000000001
16728.5 45.604890000000005
16734.4 45.475590000000004
16740.2 45.344190000000005
16746.1 45.210890000000006
16752.0 45.07589000000001
16757.8 44.93929000000001
16763.7 44.80109000000001
16769.5 44.661390000000004
16775.4 44.52029
16781.2 44.377790000000005
16787.1 44.233990000000006
16793.0 44.08879
16798.8 43.94229000000001
16804.7 43.79459000000001
16810.5 43.645590000000006
16816.4 43.495490000000004
16822.3 43.344190000000005
16828.1 43.19169000000001
16834.0 43.038090000000004
16839.8 42.883390000000006
16845.7 42.72749
16851.6 42.57039
16857.4 42.412290000000006
16863.3 42.25309000000001
16869.1 42.092890000000004
16875.0 41.93189000000001
16880.9 41.77049000000001
16886.7 41.608990000000006
16892.6 41.44809000000001
16898.4 41.288590000000006
16904.3 41.13139000000001
16910.2 40.97789
16916.0 40.829190000000004
16921.9 40.686890000000005
16927.7 40.55239
16933.6 40.42739
16939.5 40.312990000000006
16945.3 40.210390000000004
16951.2 40.12069000000001
16957.0 40.044290000000004
16962.9 39.981590000000004
16968.8 39.932590000000005
16974.6 39.896890000000006
16980.5 39.873990000000006
16986.3 39.86299000000001
16992.2 39.862590000000004
16998.0 39.87129
17003.9 39.88739000000001
17009.8 39.90869000000001
17015.6 39.93269000000001
17021.5 39.95649
17027.3 39.97679000000001
17033.2 39.989990000000006
17039.1 39.99199
17044.9 39.978390000000005
17050.8 39.944390000000006
17056.6 39.88499
17062.5 39.79489000000001
17068.4 39.668290000000006
17074.2 39.49929
17080.1 39.281290000000006
17085.9 39.00649000000001
17091.8 38.666090000000004
17097.7 38.24869000000001
17103.5 37.738890000000005
17109.4 37.11469000000001
17115.2 36.342490000000005
17121.1 35.37749000000001
17127.0 34.274190000000004
17132.8 33.31649
17138.7 32.544790000000006
17144.5 31.915090000000006
17150.4 31.395990000000005
17156.2 30.968090000000007
17162.1 30.618490000000005
17168.0 30.339190000000006
17173.8 30.124890000000004
17179.7 29.972390000000004
17185.5 29.880290000000006
17191.4 29.848690000000005
17197.3 29.878890000000006
17203.1 29.973990000000004
17209.0 30.138590000000004
17214.8 30.379390000000004
17220.7 30.706190000000007
17226.6 31.133290000000006
17232.4 31.682190000000006
17238.3 32.38649000000001
17244.1 33.29139000000001
17250.0 34.342290000000006
17255.9 35.25399
17261.7 35.98659000000001
17267.6 36.58549000000001
17273.4 37.083490000000005
17279.3 37.50169000000001
17285.2 37.85459
17291.0 38.15229000000001
17296.9 38.40209
17302.7 38.609790000000004
17308.6 38.77939000000001
17314.5 38.91429000000001
17320.3 39.01709000000001
17326.2 39.08959
17332.0 39.133390000000006
17337.9 39.14959
17343.8 39.13899000000001
17349.6 39.10239000000001
17355.5 39.040290000000006
17361.3 38.953190000000006
17367.2 38.84169000000001
17373.0 38.706390000000006
17378.9 38.548190000000005
17384.8 38.36829
17390.6 38.16859000000001
17396.5 37.95109000000001
17402.3 37.71889
17408.2 37.47549000000001
17414.1 37.225190000000005
17419.9 36.97299000000001
17425.8 36.72379000000001
17431.6 36.483090000000004
17437.5 36.25569
17443.4 36.046490000000006
17449.2 35.859390000000005
17455.1 35.69789
17460.9 35.564890000000005
17466.8 35.46269000000001
17472.7 35.39309
17478.5 35.357490000000006
17484.4 35.356590000000004
17490.2 35.391090000000005
17496.1 35.46099000000001
17502.0 35.565990000000006
17507.8 35.70519
17513.7 35.87709000000001
17519.5 36.07949000000001
17525.4 36.30949000000001
17531.2 36.563590000000005
17537.1 36.83729000000001
17543.0 37.12559
17548.8 37.56629000000001
17554.7 37.85989000000001
17560.5 38.15119000000001
17566.4 38.435390000000005
17572.3 38.708690000000004
17578.1 38.967690000000005
17584.0 39.209590000000006
17589.8 39.43209
17595.7 39.63369
17601.6 39.812990000000006
17607.4 39.846590000000006
17613.3 39.990190000000005
17619.1 40.11019
17625.0 40.206590000000006
17630.9 40.27939000000001
17636.7 40.328990000000005
17642.6 40.35589
17648.4 40.36099
17654.3 40.34499000000001
17660.2 40.30919
17666.0 40.25459000000001
17671.9 40.182590000000005
17677.7 40.09429
17683.6 39.99119
17689.5 39.874390000000005
17695.3 39.74539
17701.2 39.60539000000001
17707.0 39.45589000000001
17712.9 39.298190000000005
17718.8 39.134190000000004
17724.6 38.965790000000005
17730.5 38.795390000000005
17736.3 38.62579000000001
17742.2 38.46029
17748.0 38.302490000000006
17753.9 38.156490000000005
17759.8 38.02609000000001
17765.6 37.91519000000001
17771.5 37.826890000000006
17777.3 37.76379000000001
17783.2 37.727590000000006
17789.1 37.71929
17794.9 37.739290000000004
17800.8 37.78699
17806.6 37.86189
17812.5 37.962790000000005
17818.4 38.088190000000004
17824.2 38.236790000000006
17830.1 38.406690000000005
17835.9 38.59629000000001
17841.8 38.80359000000001
17847.7 39.02669
17853.5 39.263090000000005
17859.4 39.51039
17865.2 39.76549000000001
17871.1 40.02479000000001
17877.0 40.28419000000001
17882.8 40.53929000000001
17888.7 40.78509000000001
17894.5 41.016890000000004
17900.4 41.22979000000001
17906.2 41.41959000000001
17912.1 41.58269000000001
17918.0 41.71649000000001
17923.8 41.81889000000001
17929.7 41.88909000000001
17935.5 41.926590000000004
17941.4 41.93209
17947.3 41.90659000000001
17953.1 41.851890000000004
17959.0 41.770390000000006
17964.8 41.66489000000001
17970.7 41.53869
17976.6 41.39529
17982.4 41.238490000000006
17988.3 41.07209
17994.1 40.899890000000006
18000.0 40.72549000000001
18005.9 40.55239
18011.7 40.383790000000005
18017.6 40.22259000000001
18023.4 40.071490000000004
18029.3 39.93319000000001
18035.2 39.80979000000001
18041.0 39.703390000000006
18046.9 39.61599000000001
18052.7 39.54919000000001
18058.6 39.50439
18064.5 39.482690000000005
18070.3 39.484790000000004
18076.2 39.51099000000001
18082.0 39.56139
18087.9 39.635090000000005
18093.8 39.73129
18099.6 39.84819
18105.5 39.983790000000006
18111.3 40.13579000000001
18117.2 40.30149
18123.0 40.47809000000001
18128.9 40.662690000000005
18134.8 40.852590000000006
18140.6 41.044990000000006
18146.5 41.237590000000004
18152.3 41.42799000000001
18158.2 41.61399
18164.1 41.79359000000001
18169.9 41.96499000000001
18175.8 42.12639
18181.6 42.27609000000001
18187.5 42.41259000000001
18193.4 42.534490000000005
18199.2 42.64049000000001
18205.1 42.729490000000006
18210.9 42.80059000000001
18216.8 42.85309000000001
18222.7 42.88649000000001
18228.5 42.90059000000001
18234.4 42.895390000000006
18240.2 42.871190000000006
18246.1 42.828790000000005
18252.0 42.768890000000006
18257.8 42.692690000000006
18263.7 42.60159
18269.5 42.49719
18275.4 42.38109
18281.2 42.25529
18287.1 42.121790000000004
18293.0 41.98239000000001
18298.8 41.839090000000006
18304.7 41.69389000000001
18310.5 41.54849
18316.4 41.404590000000006
18322.3 41.26379000000001
18328.1 41.127390000000005
18334.0 40.996790000000004
18339.8 40.87299
18345.7 40.75679000000001
18351.6 40.648990000000005
18357.4 40.550090000000004
18363.3 40.46029
18369.1 40.37969000000001
18375.0 40.30809000000001
18380.9 40.245090000000005
18386.7 40.190090000000005
18392.6 40.14209000000001
18398.4 40.10009000000001
18404.3 40.06279000000001
18410.2 40.02879
18416.0 39.996390000000005
18421.9 39.96399000000001
18427.7 39.93009000000001
18433.6 39.89269
18439.5 39.850390000000004
18445.3 39.801590000000004
18451.2 39.74479000000001
18457.0 39.67869
18462.9 39.602090000000004
18468.8 39.51389
18474.6 39.41329
18480.5 39.299690000000005
18486.3 39.17249000000001
18492.2 39.031490000000005
18498.0 38.87669000000001
18503.9 38.708290000000005
18509.8 38.52689000000001
18515.6 38.33339000000001
18521.5 38.12879000000001
18527.3 37.914390000000004
18533.2 37.69209000000001
18539.1 37.46369000000001
18544.9 37.23109000000001
18550.8 36.99669
18556.6 36.76249000000001
18562.5 36.530590000000004
18568.4 36.302890000000005
18574.2 36.08119000000001
18580.1 35.866890000000005
18585.9 35.661190000000005
18591.8 35.46479000000001
18597.7 35.278290000000005
18603.5 35.101890000000004
18609.4 34.93509
18615.2 34.77749000000001
18621.1 34.628190000000004
18627.0 34.485690000000005
18632.8 34.34839000000001
18638.7 34.214090000000006
18644.5 34.08019
18650.4 33.943690000000004
18656.2 33.80109
18662.1 33.648390000000006
18668.0 33.48109000000001
18673.8 33.29439000000001
18679.7 33.08299000000001
18685.5 32.84109000000001
18691.4 32.56289000000001
18697.3 32.24239000000001
18703.1 31.873890000000006
18709.0 31.452490000000004
18714.8 30.974990000000005
18720.7 30.441990000000004
18726.6 29.859390000000005
18732.4 29.239690000000007
18738.3 28.599690000000006
18744.1 27.954590000000003
18750.0 27.313490000000005
18755.9 26.678790000000006
18761.7 26.047090000000004
18767.6 25.411390000000004
18773.4 24.761390000000006
18779.3 24.083690000000004
18785.2 23.361290000000004
18791.0 22.574890000000003
18796.9 21.720760000000006
18802.7 20.874590000000005
18808.6 20.161760000000008
18814.5 19.616500000000006
18820.3 19.226010000000006
18826.2 18.974160000000005
18832.0 18.848840000000006
18837.9 18.841400000000007
18843.8 18.945270000000008
18849.6 19.154120000000006
18855.5 19.459730000000008
18861.3 19.849530000000005
18867.2 20.305360000000007
18873.0 20.805660000000003
18878.9 21.331010000000006
18884.8 21.868680000000005
18890.6 22.413290000000003
18896.5 22.965390000000006
18902.3 23.529590000000006
18908.2 24.113890000000005
18914.1 24.729590000000005
18919.9 25.391590000000008
18925.8 26.116890000000005
18931.6 26.906690000000005
18937.5 27.681790000000007
18943.4 28.311990000000005
18949.2 28.757990000000007
18955.1 29.025590000000005
18960.9 29.120290000000004
18966.8 29.036890000000007
18972.7 28.751890000000007
18978.5 28.199690000000004
18984.4 27.093190000000007
18990.2 26.160790000000006
18996.1 25.539690000000007
19002.0 25.060390000000005
19007.8 24.668490000000006
19013.7 24.338090000000008
19019.5 24.054490000000005
19025.4 23.808990000000005
19031.2 23.596090000000004
19037.1 23.412490000000005
19043.0 23.256590000000006
19048.8 23.127990000000004
19054.7 23.027190000000004
19060.5 22.956190000000007
19066.4 22.917690000000007
19072.3 22.915990000000008
19078.1 22.956790000000005
19084.0 23.047890000000006
19089.8 23.200090000000007
19095.7 23.428290000000004
19101.6 23.755190000000006
19107.4 24.218490000000006
19113.3 24.896190000000004
19119.1 26.087690000000006
19125.0 27.068690000000004
19130.9 27.709290000000006
19136.7 28.188390000000005
19142.6 28.567790000000006
19148.4 28.880390000000006
19154.3 29.147090000000006
19160.2 29.382790000000007
19166.0 29.598290000000006
19171.9 29.801990000000007
19177.7 30.000490000000006
19183.6 30.198990000000006
19189.5 30.401390000000006
19195.3 30.610690000000005
19201.2 30.829090000000004
19207.0 31.057990000000007
19212.9 31.298290000000005
19218.8 31.711590000000005
19224.6 31.973990000000004
19230.5 32.24499
19236.3 32.52329
19242.2 32.80689000000001
19248.0 33.09389
19253.9 33.381690000000006
19259.8 33.66799
19265.6 33.94989000000001
19271.5 34.22489
19277.3 34.49049000000001
19283.2 34.58249000000001
19289.1 34.82659000000001
19294.9 35.057190000000006
19300.8 35.272890000000004
19306.6 35.47249000000001
19312.5 35.655190000000005
19318.4 35.82079
19324.2 35.969190000000005
19330.1 36.100390000000004
19335.9 36.215090000000004
19341.8 36.313990000000004
19347.7 36.39809000000001
19353.5 36.46839000000001
19359.4 36.52629
19365.2 36.57329000000001
19371.1 36.61119000000001
19377.0 36.641690000000004
19382.8 36.666790000000006
19388.7 36.688590000000005
19394.5 36.70909
19400.4 36.73049
19406.2 36.75459000000001
19412.1 36.78349
19418.0 36.818490000000004
19423.8 36.861090000000004
19429.7 36.912290000000006
19435.5 36.97279
19441.4 37.04309000000001
19447.3 37.12319000000001
19453.1 37.21309000000001
19459.0 37.31239000000001
19464.8 37.420590000000004
19470.7 37.53699
19476.6 37.66089000000001
19482.4 37.79139000000001
19488.3 37.927490000000006
19494.1 38.06819
19500.0 38.212590000000006
19505.9 38.359590000000004
19511.7 38.50789
19517.6 38.656290000000006
19523.4 38.80359000000001
19529.3 38.94839
19535.2 39.089290000000005
19541.0 39.224790000000006
19546.9 39.35349000000001
19552.7 39.473890000000004
19558.6 39.58469000000001
19564.5 39.68469
19570.3 39.77279
19576.2 39.84789000000001
19582.0 39.909290000000006
19587.9 39.95619000000001
19593.8 39.987790000000004
19599.6 40.003690000000006
19605.5 40.003190000000004
19611.3 39.985690000000005
19617.2 39.95069000000001
19623.0 39.897490000000005
19628.9 39.825590000000005
19634.8 39.734190000000005
19640.6 39.622890000000005
19646.5 39.49109000000001
19652.3 39.33859000000001
19658.2 39.165490000000005
19664.1 38.97269000000001
19669.9 38.76169
19675.8 38.53519000000001
19681.6 38.297090000000004
19687.5 38.05259000000001
19693.4 37.80749
19699.2 37.567690000000006
19705.1 37.33859000000001
19710.9 37.124790000000004
19716.8 36.929190000000006
19722.7 36.754090000000005
19728.5 36.600590000000004
19734.4 36.46929
19740.2 36.36039000000001
19746.1 36.273790000000005
19752.0 36.20969000000001
19757.8 36.16799
19763.7 36.148990000000005
19769.5 36.153090000000006
19775.4 36.180690000000006
19781.2 36.232490000000006
19787.1 36.30919
19793.0 36.41149
19798.8 36.53989000000001
19804.7 36.69469000000001
19810.5 36.87519
19816.4 37.08019
19822.3 37.307190000000006
19828.1 37.55239
19834.0 37.810790000000004
19839.8 38.07639
19845.7 38.34319000000001
19851.6 38.60559000000001
19857.4 38.858990000000006
19863.3 39.09989
19869.1 39.325990000000004
19875.0 39.535790000000006
19880.9 39.728590000000004
19886.7 39.90399000000001
19892.6 40.061890000000005
19898.4 40.202090000000005
19904.3 40.32459
19910.2 40.42909
19916.0 40.51549000000001
19921.9 40.583090000000006
19927.7 40.63129000000001
19933.6 40.65939
19939.5 40.66619000000001
19945.3 40.650490000000005
19951.2 40.61099
19957.0 40.54619000000001
19962.9 40.454390000000004
19968.8 40.33389000000001
19974.6 40.182790000000004
19980.5 39.998990000000006
19986.3 39.78049000000001
19992.2 39.52499
19998.0 39.23019000000001
